4
"layers.Dense(80, ""xavier"")"
-0.007227802019306415,0.0544393881902706,-0.024112425430621934,0.015934097447699493,-0.0375883335471675,-0.039151727050070896,-0.03487952285005816,0.038848963574500815,-0.063788708437502,0.02518383727080503,-0.06521676497080164,-0.021647550445048718,-0.04176424409308302,-0.0015372318280273201,0.042819219455277856,0.03353629228980807,0.04446914294832855,-0.04014369377375018,-0.017138812836458597,-0.019959862653593657,0.02605738970554352,-0.055495734573637864,0.06334974750477652,0.0034204874519029728,0.018432585461460652,-0.0376194405427524,-0.039537997692965926,-0.038760000034280935,-0.04370011211696116,0.05969107168184569,0.06663831630204964,0.016007290623815923,-0.007443398080600439,0.0019087332439669035,0.03901960758262349,0.04893313153305364,0.00017779578323736203,0.024022380391109325,-0.046131691176303,-0.09422458661623381,-0.010903380467355192,-0.036800541650879495,0.11966225448912966,0.01933657418424846,0.03427392351998135,-0.05454140093141983,0.03825209232802306,0.015617079100033295,-0.12542485509816473,-0.014266613130649374,-0.07035454114923176,-0.10079927887868674,-0.00026967311927132063,-0.01692918390013854,-0.036101758315245626,0.051272364480056856,0.01186712918333547,0.04096224903101398,0.02779093704518677,0.013701540108016748,-0.043933957687152046,0.0037746655576134627,0.009755335662863221,-0.004089776290040174,-0.09151912996724057,0.017796560360072072,0.014774565042393618,0.05387916805105383,-0.006465050067790851,0.03943307719614057,-0.036602546275519336,0.047881319695475974,0.027974708105315264,-0.016362936781341493,0.023801720672213762,-0.0007811095231188249,-0.016307351965256213,-0.0042584949585138384,-0.04428452164970019,-0.03368439773552351,-0.09114220526411891,-0.008663395685856726,-0.05725766293071314,0.0031881917727327866,-0.010960640279323504,0.013392831136936477,0.02181167515639404,0.024826762649314337,-0.10025781733154047,0.0054129516144899,0.01297592555878217,0.06427314458839459,-0.01177487679229506,0.024738670376811333,-0.0052210178588262745,0.0004915165963499134,0.020421970334196706,0.005313115758200434,-0.002580254139902669,0.04396251901244076,0.010905007677698177,-0.0002692113554333625,0.024280904646923996,0.009070354320447286,0.05499344961490005,0.012558235656213737,-0.07227040400637225,0.02866744971177292,0.008372982320328116,-0.03282246115478457,-0.0028207775638309737,0.004798064134035428,0.023986828578336086,-0.02707644342735294,-0.03050822019044347,0.027817397559033365,0.06610074746453101,0.03940252218362859,0.051862878652145936,-0.05651295507746879,-0.05273531058313187,-0.018957570161528155,-0.05123610019910285,-0.007694345887774796,-0.07955020714675858,0.019582301018029585,-0.020303093387466924,0.009849056928007052,0.016883222511840792,-0.007976506835415755,-0.01863073826947438,-0.03412642532726128,-0.012415740600640773,0.010737040083731119,-0.02714059730501101,-0.013728043312193773,0.04366240494685435,-0.11263301750015511,0.002365371045094675,-0.04088988519008235,-0.022869230974656728,0.03357569168716901,-0.11395384255880055,-0.008215537049846695,-0.005062714185570593,0.006971437039547801,0.011036067982147907,0.04334664793581318,-0.012463694018116747,0.007698142505513536,0.09274673885993161,0.010180731213258546,-0.014146388927713492,0.014147883688866,-0.026766553939209452,-0.02220078676389994,0.008336233971326205,-0.0057814381106894705,0.00984956037757522,-0.051151453505837725,0.04410521127978577,0.08080932058411855,-0.04558125574005768,-0.04440131939541067,-0.07510235126870211,-0.03190844493227538,0.013587490304499935,0.03663735526170004,-0.015607976534193645,-0.0410183665788054,0.0009344289454945541,0.045645795795794614,0.03576920114998048,0.0020374212043492786,-0.04200348356556355,-0.018798305957593398,0.054132308950951884,-0.07624868118560775,-0.010540413137912832,-0.031768676900972695,0.024149991309604543,0.000793238140328895,-0.0022267646957681983,0.010779645298926336,0.012209899035280533,0.03479855464992428,-0.04540192488850854,-0.07579992405086057,0.03534021114673718,0.008345442768190898,0.06401244241150084,-0.12579090553235345,-0.04177650685450999,0.05529554258413414,0.011393874426371395,0.019547724840458313,-0.021664826022903816,0.0382333967883126,0.026336194219230977,-0.10897458098735825,0.02166989804442101,0.00344258901576203,0.003599523212301746,-0.05019388192510941,0.0053672228347000995,0.03240178122977167,-0.02895284165322201,-0.004178250939802532,0.008577007252610494,-0.060093440798280634,0.07113145079212539,0.012350153772345236,-0.10895368774794739,0.0445125896038265,0.005812666528023865,0.03698779436206484,-0.09040360011643521,-0.018936329680924326,0.023641307498125087,-0.05463569308871935,-0.030779565970472697,0.06474345345124831,-0.033105515778343385,-0.015476829713729804,0.0071242729876227085,0.03607044829373095,-0.00701379347640078,-0.008358640581585395,0.05803881026353694,-0.07473516364052035,0.026577155081402393,0.025520438075237187,0.018396462120439494,0.03012614305522973,0.04736943270251943,0.06460514091941444,-0.07412021067718315,-0.013389904837250112,-0.0031855270298572448,-0.04192519794410375,-0.011555977734098027,0.05502785197381434,-0.04406361878414909,0.03916203028524631,-0.012758541781386341,0.061072251412418115,0.023210811245171936,0.003496000235495206,0.00569089789334427,-0.030419847424694266,0.08317962565851952,-0.015262780031715018,-0.026976885404383692,0.026527112060863535,-0.10194938691437941,0.04587583397861911,0.005004016249311393,-0.03314824568942462,0.04157614879015321,-0.07923966536678767,-0.041932103690501,-0.044591257650577545,-0.05797976663349893,0.06957274127963659,-0.0026792675223981975,-0.0034204871022641505,-0.08193805509231317,-0.006599110830462286,-0.012072301706242135,-0.0012082993982862915,-0.024416660790871687,-0.021437272522843335,-0.028673802563344584,-0.056257852241782445,-0.03816260092821916,0.09445521452378937,0.00940935383949759,-0.07347128418895583,0.020766554132079774,0.12260311366888633,0.05521904640820964,-0.026948114878554835,-0.038542284754706786,-0.06464226533667063,-0.03809057090941301,-0.09133869961505797,0.03360518286233346,0.008488109463525075,0.02841857619801077,0.0253538749108604,0.06553847188443072,-0.05756960337970703,0.02410637897823274,0.07825004949092192,0.013334173774916433,-0.010393021635503291,0.029244820695938836,0.029529695776986022,0.02021480621206443,0.00038352255006102637,-0.03333188555697985,0.016777925327776392,0.07446375391047157,-0.04859811424824438,-0.018303232391365325,-0.0518787469844781,-0.003599724287274983,-0.010459014074144237,0.042540055871160345,0.07263099891339911,0.0051879570776416795,-0.035264926139593894,0.06000118800062561,0.07542696482854554,0.09351073965078506,0.00821167548171328,0.04212847251565516,-0.04127324837430357,-0.041248480727926654,0.08879089161276875,0.004899573260170565,-0.038606374922601286,-0.07828075773948961,0.004109151941475374,0.0021444643737813566,-0.03867314227149899,-0.006785012384414212,0.051271138372697776,0.03237639682432766,0.009501859705004572,-0.016000984129769157,-0.024487869765254373,0.005206625510582985,-0.06879074736472192,-0.08975063483805294,-0.007098052633112228,0.010463810499900682,-0.0058479202172704,-0.006411513102563322,0.10846676714464701,0.012198495464744549,0.03290370825713744,-0.008729764305715964,-0.002889109068042353,-0.004742810641535159,0.009630462902014887,0.014244497575779594,-0.003637958688183984,0.07229560006381675,0.028293695324336034,0.00039813405927691077,0.04956994188087171,-0.023170175097440786,-0.020665886039765706,0.022962393833017215,-0.022919002402798493,-0.011558661798266864,0.028862915700747806,-0.024677955168695642,-0.05661406412056504,-0.049590058842409225,-0.05598821872974534,0.030768240708239605,-0.07454043645996451,0.03690802236027351,0.07576179049527329,0.03393062711065922,0.038836802992368365,-0.0690688473530629,0.050284414263530315,0.05445275071941356,0.02329744123214565,0.024866321400545618,0.0321247441034279,0.055073682396106695,-0.03108233552933613,0.03909807893337548,-0.04324006435930496,0.05787843288885027,-0.009004491707328427,0.011268866905159993,-0.0036094274538054677,-0.013869510516526153,0.008572145657712681,-0.027166261318165377,-0.07312692888356467,0.011157592104020559,-0.022603591341126706,-0.003312309476823564,0.049207870545128984,0.05052941190183737,0.06385337849407524,0.013561782723427354,0.07527742350694762,0.03803111061634772,-0.04412250218256051,-0.01814351971612158,-0.03614438655870691,0.006888435987890217,0.020084935422670078,-0.006829285358222586,-0.0043525903611146026,-0.020159063929322412,0.0038392577937924888,0.014299509833748138,0.03240592166866809,-0.04466584902135531,-0.009382113419720386,-0.026586033874272635,-0.01606241055903457,0.010539362045222598,0.03490002481757501,0.026424748358492997,0.070720134881167,-0.026476257985459255,-0.026540638069831455,-0.02697992990282214,-0.02076917294885932,0.06950539492935102,0.07760090987090514,-0.013034752959441584,0.035182615264470925,-0.08437603843576708,-0.022806382302514257,0.06934982032058878,-0.06745656411992262,-0.054561467691343714,0.02491897419925086,-0.013357212499442116,-0.026552611025788955,0.03619102303874865,-2.7090138287016915e-05,-0.005420394132464247,0.0364786308427329,-0.037541664736254386,-0.012871231270949825,0.030561424533509202,0.003311779957936088,-0.008267072309538876,0.004455652428593549,-0.06700083362687043,-0.04613100405098934,-0.08649959247401448,0.09733081712525128,0.111591006599998,-0.011511883559781725,-0.010512069733062105,0.013462198208361207,0.10875464016034905,0.04537672343464923,0.01271733548973258,-0.016431714068775714,0.016563840062561088,-0.005883323521566238,-0.010025640549431667,0.04376001988020852,0.03329798827895829,-0.0027613726967600444,-0.04317393686870829,0.012697196935618611,-0.03459966571295645,-0.006435590390682989,0.04244275439882429,0.03844137530518136,0.015830125387818948,-0.022672530020887476,-0.014039131123045761,0.03420875569865773,0.05348809235825608,0.02146283796082328,-0.06447129118089359,0.020284704378042803,0.014667455697230733,0.042603549789366965,0.020050371140454274,-0.11209544352969102,-0.06281858675496997,0.014076546496247988,0.04908739355709023,-0.05814959779336487,0.08320635867435981,-0.048073151915703646,0.0012069961857123868,-0.005201931675821466,-0.04810628948094133,-0.026588450854627958,-0.01594266185906547,0.0701699888530341,-0.05210803861668549,0.01788546001442442,0.009956512926695998,0.0037037801536990564,-0.03160782959720028,0.11281147161673065,-0.059691037919658484,0.01237156960091695,-0.0387002929148424,0.08902741618922824,0.08134177373628784,-0.0488702139299468,0.028718878113028253,-0.03950887297422861,-0.0004512114550041943,0.015431103209550394,-0.010824395360881953,-0.03310421543355146,0.09258840878867387,-0.03757083108468709,-0.012941823827883257,-0.022680705301369637,0.017959515867878223,0.00381397592383129,0.03547469627094865,0.013140065199298947,-0.013165467027426969,-0.011236235414803735,-0.013877399681595608,-0.03652779707955801,0.025511292771807657,-0.04725345463275494,0.025069352790306643,0.010973444170219976,-0.014713392128059163,0.0014017372706714667,-0.0160516215237327,-0.021903156004526844,-0.020188743737418066,0.011225606268142079,-0.023341113480471985,-0.001890014996739799,0.03241155845963575,-0.07219866817257227,-0.055670562621764015,0.01999736535528682,0.007277952657508282,-0.051370774258261864,-0.021509112765939243,0.030462591792400295,0.017641834602143882,-0.025157108380166694,-0.034541048297660686,0.01856355346818004,-0.033659612214891055,0.02619798312944556,0.08514454723090198,0.0379810722821137,-0.007232761441679814,-0.05088756969065956,-0.035855995477855035,0.0491577577285959,-0.055244630518548624,0.11132456154760176,-0.15030757082179103,0.05592305800728149,0.040008789818169584,0.03631875411794419,-0.1475405256004376,0.03880237220263274,-0.06045458627818886,0.017343013373048458,-0.04988392370793296,0.030815301135126448,-0.10220322199848146,-0.015397858795860727,0.02451544592736638,0.03792613171951084,0.03465424810332609,-0.07605126649770044,-0.03365479571749035,-0.03332199028560674,0.0008127186298997218,-0.0038254374879664686,0.01829682267566111,-0.07635493409262821,-0.010444293164882162,0.05503820163309302,-0.04309890697757002,-0.035604343388174094,-0.03941824124188695,-0.06158285177615891,-0.00973821988149335,0.022344274255832186,0.024942076198716707,0.028320940259755314,-0.06043230407623072,0.06904875526503151,-0.002138009309543037,0.05370683563147,-0.014204507343507155,-0.0042925052349262775,0.05353301340882076,0.08033947988120874,-0.019129796440553123,-0.03442730677955161,0.016804974596170575,0.02552431221118553,-0.016749056194343154,0.040516785310182116,0.0029432065709187566,0.017473807483963093,0.06886591175464721,-0.019037413035570265,0.026648832628291187,-0.05101238086447923,-0.02826990422750145,0.05259254483444669,0.042150657886786305,-0.004736851743433522,-0.039928103880336664,-0.05582533598694406,-0.060828701718812585,0.006792491591774334,-0.0499300450638145,-0.07583758135128581,0.04426677855470186,0.0032338527546529375,-0.05767168565723729,-0.04533745206266771,0.03393370730211177,0.08642818968356444,-0.02444285560954055,-0.039381782072912194,0.03413498685147496,-0.008534279741076936,-0.015340278963350471,-0.046457114502169175,0.02344007210736617,-0.03427825826039016,0.011602065866231586,0.03493882416564781,0.012056769758959337,0.018478802458896496,-0.027004836208236172,-0.0048295446154523825,-0.04155330366226441,0.019622737423522354,-0.016479664744407718,0.05532309776444039,-0.07215214646176603,-0.035280678489586034,-0.13179264438993918,0.03356762818919936,0.03617504798902417,-0.05011695257543244,0.051315265545338724,0.04861316030172631,-0.036983201568205434,-0.03308741771932722,0.06652368979644979,-0.09960642841824595,0.023956415175563392,0.03223944302435621,0.00218258951604118,0.09140502147115036,-0.014318880089084374,-0.002168713309264253,-0.04858509631769642,-0.01055294750809626,-0.005037811832694517,0.03430769053861165,0.0009061661806278044,-0.030688815753706564,0.05661622504002666,-0.041618245775066044,0.028187107382181022,0.0595045967253688,-0.005332756144492297,0.09600068461970823,-0.06391515300543649,0.06002612156501692,0.02743746834551064,0.04579829368558032,-0.0038479924691553953,0.04569579659391958,0.06669893190383086,-0.08819597305366063,0.026753955183040516,-0.041629224626842445,-0.021611429705505444,-0.025698051238391372,0.014663860808321398,0.01030557343123179,-0.005990574926719665,-0.05200466038635891,0.03544903911879845,0.07450855526145589,-0.0038679167732792114,-0.04216160926483214,-0.016284274956606712,0.020364841942296687,0.023387667951695328,0.045342533715179975,-0.05414812629681429,-0.05391714014848349,-0.016746747885531345,0.025700857739833407,0.07054366484251759,-0.025469977015486964,0.024257795226178307,-0.00502603395710457,-0.0654032140785205,0.0018771368698690327,-0.050118958139080655,-0.0697051420166804,-0.08584471852294043,-0.005843873089771519,0.016872025389759956,-0.056078495029758174,-0.05023988674052601,0.01981638910299148,0.06921606427614706,-0.09759191813413258,-0.0733151149467256,-0.02302697585690745,0.04307799070534022,0.09179813433672189,-0.0018526309661558605,0.060788687638545454,-0.011944572944801082,-0.02983605260835816,-0.05641138786039209,0.04650553420061644,-0.051384630488603596,0.06330151071428551,0.05966625451544604,-0.032260555701058374,-0.05320715651580463,0.04928800196279988,0.02718904934367778,0.0012931701494711685,-0.07357050872360782,0.00942587334904823,0.04066058994583467,0.04845710499196897,0.0604267191669101,0.0013138935799419493,0.0017571553533265445,-0.02106919927197473,0.05744014982798586,-0.019402125233546525,0.0004529901676314832,0.09780682552941018,-0.06297852157373122,-0.0410646935330073,0.029758873708757603,-0.05493781416147987,0.10326071314621844,-0.0976585988248759,-0.01991550374563685,-0.0009676069910721741,-0.07326049623596763,-0.04050105425955283,-0.05495541860389228,0.06499385633061715,0.010267420391110298,0.017971968068175158,0.05433333176733396,0.02814151105492232,-0.03990973728839604,0.01092463123664719,-0.045178284907749826,0.0845385856691383,-0.02182891999609635,0.051088988149845485,-0.07050664215571782,0.04611768055456898,0.032408684589495175,0.0010006828151626493,0.04501680489828724,0.0013375993871877945,-0.00856439714204357,-0.03381292588119638,0.015258230727671712,-0.012778515018146624,0.0203665730927422,-0.02611655851113699,0.047948883101903525,-0.0659881086554152,0.033536163416727965,-0.061202145098417274,0.04310303158372395,0.052913657815746265,0.009059038904873303,-0.015626459154112565
-0.005476210743587243,0.0431331096155347,0.0012896272839814599,0.02477771412225793,0.036746777539416665,-0.02741721836916909,0.06596724226501305,-0.016757058539283262,0.041646456351558364,-0.014028768357573197,0.016400145533031527,-0.08939376920006013,-0.013869458827626703,-0.011615139501826917,0.1357679670252313,0.02883541075764416,-0.055252314536424645,0.04259151121386941,0.07133913146345301,0.026944345733545337,-0.0075628631982423535,0.09605439072179614,0.062097885895426704,-0.06500448801378302,-0.02942572505781489,-0.018063204037542,0.06566120591569598,0.0005358641046109613,-0.011105999114808543,-0.050533168460077535,0.004457329007402015,-0.01964229464045304,-0.030944820145301546,-0.06843306545165173,-0.008194859512929288,-0.029811806337874933,0.03817144479473715,0.007449969626906253,0.031096570816313746,-0.02729299108798908,0.05614434343294489,-0.09177018215542133,0.008445886509311756,-0.06944503442823538,-0.03397129493110807,0.0014325815851307356,0.010635399163178443,0.09036881873961657,-0.027572529550135918,0.022521364341091504,-0.04973999515932595,-0.06593044738546557,0.008960344205731784,0.00200568373871789,-0.019415190163618003,-0.07197391830684277,-0.04143763135191009,0.01906663857010465,-0.02846229288489889,-0.014446698537474325,0.06710931539694079,0.0291963060681296,-0.020747496750910397,-0.0456298628206329,-0.02967934775427474,-0.007136802954592991,0.002542899556783769,-0.02198722876054422,-0.02300469742073013,-0.01689168489127245,-0.037156094873335564,0.057696656347550994,0.10284822188633169,-0.014633710557674928,0.025177139574023556,0.053807138394596846,0.011113829342926292,-0.027444235282414613,-0.013187928093037744,0.031717655135855324,-0.05673390993825109,0.03046304729172694,-0.034571840959368876,-0.051902785038622494,0.010333397405396488,-0.025933092029235005,0.02386550447198046,0.05240548833379447,-0.038888939379181614,0.06699483184082577,0.034510400000416906,0.013398854381148335,-0.03995114510490595,-0.017069870078897455,0.040816975338407994,-0.02121050988886514,0.03551254545860796,0.022323740812250675,0.07989024261298494,-0.030159041765170487,0.010072536899421157,0.04446146515181741,-0.04751623444396109,-0.06231181848823476,0.04881862930441056,-0.04450862605956936,0.0029044770756781768,0.09001782667285797,-0.0007091097628206292,0.0569704688582229,0.049340537427808556,-0.01588717217974183,-0.020597608428379422,0.05984956797405333,-0.021817695882026242,0.0008664374625730816,0.030075993155523586,0.08118707877164422,0.0584258669178076,-0.05406936732097802,0.02328567144551964,-0.02421698910002369,-0.010165038477595778,-0.05156526334965472,-0.03202178126021727,-0.007474893869128557,0.0199991447064221,-0.010437274182646122,0.018977978671758752,-0.03956099316462519,-0.007560916843710384,0.04073139732296165,-0.020405875523611144,0.04014774829027279,0.056259696759649425,-0.02037395274751569,-0.0003259020661129739,0.01717381901953194,-0.04948631627137061,0.004517985121470658,0.035800615424036515,-0.06353643451892213,0.04433578497506137,-0.034334477164430825,0.011741342825636797,-0.031774668239440265,0.011344733301485617,-0.022360867418628447,0.05554721542243128,-0.013535454422529387,0.0010670910651915755,0.07838755920046209,-0.01454024938706556,-0.018743019976847262,0.013689324558191706,-0.04078068635686716,0.007884121804020018,0.05309135479181465,0.05299623548956177,-0.009821116954254841,0.05602389590125899,-0.09392253608662259,-0.0007831202762985216,0.07228094412880312,-0.053049194904295306,0.06366162650108356,0.017356629667000325,0.026497508177863713,-0.04797501067326315,-0.0106509870690473,-0.017741256065763832,0.047299811797381235,-0.03213044829026905,0.04346841138657514,-0.007786066986430671,-0.0532575819158851,0.03581739421302407,0.02662774983026328,-0.019416551798767757,-0.019126479164288588,-0.042172740445046805,-0.030688560078451638,0.07092426884563095,-0.060954891164474785,0.057539195792570406,-0.036105309637599,-0.05803682765051116,0.020580172974640473,-0.020130336827568433,0.09872243565846708,0.0907573931717905,-0.024277163103103364,-0.03392614509218159,0.002541026008426997,-0.0050369560766801436,-0.02015506300540415,-0.07429380270147264,-0.011615631196192872,-0.025462725942217254,0.017687819883822137,0.07724074403861148,0.03290786391152443,-0.010797267659064256,0.058187940575701876,-0.029051515180117643,0.012817493280356905,0.04468242941205228,0.03176189966342274,0.0025443732860972825,0.025520367595128525,-0.06110060173571632,0.03273412339330008,-0.01095919525402867,0.00019029405356797217,-0.008897158628336812,-0.015758087720784797,0.03911739999850692,-0.02628414230543771,-0.05535573054026063,0.04842883095816958,0.04407614230447293,-0.031254673082745925,-0.021932484421000736,0.00585885150115084,0.008373468693753721,0.010213315894123134,-0.006012697348846751,-0.017459529956187016,-0.008676276335468377,-0.00967909366334804,-0.060665954905188266,-0.0043999441780287986,0.07253176051968864,-0.019715417619302542,-0.025872187541456333,0.01418844699525701,-0.037933254975118645,-0.012321710340765058,0.04908176670121282,-0.0239702656195017,0.026962224484496478,0.03746260040949981,0.09740789435188803,-0.036346633309571615,0.046884722736422545,-0.03669514523723648,0.03421900094643875,0.05706564412593936,-0.01519460441049948,0.008971009280346443,0.013407065914687941,0.04810398492011248,0.09532117235036988,0.03417366543635762,-0.028037283435444933,0.056953776100303194,0.08122049458005301,-0.025850519445292888,0.0636671486912064,-0.0007957511474717072,-0.041454729286852926,0.09067405500801007,-0.07465053141188846,0.0564965527445661,0.005591507792575251,-0.010773537025521397,0.017929804446573237,0.007050452222241715,0.04765449802242525,-0.03547886199488494,-0.04066612237549969,-0.08625348845718996,-0.008205592161654347,-0.030563486212554968,-0.02783544185154249,-0.1342002655425596,-0.028618231702999573,-0.005386301163748101,-0.014414146648758432,0.01773991666436147,0.010765392447356956,-0.023741368792791383,-0.0302637872705836,0.06450428319994851,-0.09091900240609248,-0.062350680867662975,-0.025662661298248395,0.016640670733346616,-0.007335309848200235,0.018972922681864925,0.0148361517376417,0.003469766887854846,-0.03788577495865776,-0.057247845133863245,-0.017923881976655308,-0.03156502331044463,-0.01007512659066413,0.05263027578786031,9.712755290489285e-06,0.016778959236587072,-0.018179036793252466,-0.008765304756093256,0.03146796744712749,0.03997798535185914,0.0038141079272632147,0.026404705901062666,0.035415095876448116,-0.011208597089221091,-0.009952465327815704,-0.03957020712742087,-0.051678991031183695,0.0192979641938669,-0.026780009802024333,0.0004098496269417265,-0.023321931425848295,3.722802546805975e-05,-0.017230636259143332,-0.07824157181149677,0.03246927075939941,0.033984423563037776,0.007806542177749319,0.004618427232414695,0.004194476221882724,-0.06137446447375524,0.07481607917006422,-0.06149948080973128,0.07001062359506216,-0.016117613654145276,0.052533863515440156,-0.01648293697292049,-0.02020035237677056,0.00020772874539738231,0.056589163895036015,0.12475561082362288,0.005735486020381278,-0.02361595652316109,0.05384266686859544,-0.07073298672469693,0.011061128246760078,0.04676212006450962,0.11339296066477901,-0.012672068218800243,0.004267682699783732,-0.05247194502695209,0.045651526546257086,-0.008313207923975347,-0.025137086251008692,-0.02802165491428249,0.02160366164673419,0.00787852719142309,-0.013285497156476632,0.025230618530235602,0.003692665144098418,0.023748686205926576,-0.0327100543944824,0.05849631906938645,0.004926862257384906,0.012941760310707862,-0.036641495872590725,0.01096772212421148,0.03143938864171999,-0.04524752207405063,0.019772858382424225,0.0824943509090012,0.019058381190791358,0.0041753811757544975,-0.03306905703743593,-0.018563983186675126,0.04734216600281986,0.007607582317516244,-0.012166115563845854,0.012540791721854294,-0.027799020126256537,0.02015767303469484,0.020891654772869892,-0.008885378379175383,0.052861650809594055,0.00915329615491792,-0.03706651338940913,0.032834690993196664,0.05112244775992664,-0.050690426106092826,0.007831885577952,0.011399452934141968,0.020823283550288757,-0.002736360648661895,-0.05843552160690957,-0.004071176311733431,-0.001159770049934686,-0.00854072462486333,-0.036772518112709714,-2.4474835287637475e-05,0.06786286184332876,0.05725642433932549,-0.05341871249069498,-0.0363535792259041,0.008424314152747213,0.011413854062604561,-0.033979070054454566,0.03702041903301337,0.04511620764128998,-0.04404663818090536,0.011924999933727308,-0.031675543309987106,-0.00796648468282231,0.014865835478415221,-0.030074951128668873,-0.025826041133272293,-0.0443673047015454,0.05188756364393417,0.013331884362079684,-0.03494921252009078,-0.00880479504786194,-0.01977570758356248,0.027679647779741773,0.00017490357800165746,0.014131366102396596,-0.06721903801151273,0.006089974604411684,0.017046970578312746,-0.03476304229011014,-0.04097850130261943,-0.019951891001725064,-0.03416163173505227,0.08516562675241324,-0.006807301600279473,0.044596888735199056,0.008456524560753197,0.0707720945501038,-0.0383916138946606,0.0010360254079884372,-0.013249402610093256,0.04949545804935334,0.017552062861955108,-0.02968896744988767,0.04740572951358759,-0.017383725491888432,-0.02578584903216158,0.019516477686925486,-0.03252288934940468,-0.01713630075828523,0.024948269459916083,-0.002490676880968249,0.020551414955248367,0.004081101071689821,0.013831430811092593,0.01471799741426885,0.03911305011818984,0.1143444563360052,-0.044983539031496836,0.009192412134153598,-0.004734837869209562,0.03982082726868319,-0.048204366950860035,0.058245032874173944,-0.030641472182699372,-0.07778740680755197,0.04609594027654309,0.06365302695291321,-0.05334178249291926,-0.016129890153357983,0.036887335257147345,-0.009119997438193911,-0.023856702004604855,-0.011867873571896982,0.05120742758681062,0.017825474197513007,-0.012789037745667727,0.03286350068215163,0.05138881332415462,0.020811414681438444,-0.09277790060330666,0.09092889106828192,0.011479306663616165,0.0010827555444038843,0.022999992590802865,0.041872004139745345,0.007392264303459021,-0.04758435424139928,0.015791531558579635,-0.041919255501102065,0.015019101378420953,-0.04268897199695006,0.001681984587993508,-0.011329040066670577,-0.05644011255439721,0.003920387367786018,0.05796509715810562,-0.052445215310800056,0.007220599378159904,-0.00035845222633739077,-0.035916440007478685,0.011525680846038597,0.006805882794237103,-0.016331793361302478,-0.01606503253357835,-0.00867623618743194,0.01659181716783411,-0.0009906564773309351,-0.08648869279391962,-0.05184118414703638,-0.008855218841115868,-0.06579706948902354,0.04977113971367012,-0.0040825345400527175,0.037432932502706594,0.0004657875894269188,0.05161988167576208,0.015600282767218006,-0.07735713943667415,0.035148930322885734,0.03752955934633959,0.040851489232977184,-0.004035420502610348,-0.0503425811514629,-0.010524856369835267,0.020344035867127356,-0.05290945104343216,0.04534090457611919,0.05581811050412636,0.0031930157815615637,0.013079901887117676,-0.023128999133068356,0.012583529024902968,0.037505169719491124,-0.026433477645597548,0.030619718581658704,0.03163539669772361,0.039270954281645835,0.04935837592463546,-0.08327009271537904,0.021925977040669467,6.177405857835194e-07,-0.0014337507450919386,0.09149805035614474,1.2891395735681748e-06,-0.03750398384154293,0.06618583531838822,-0.03028514287319064,-0.027108738205706116,-0.06480779023696788,-0.008065427694869913,0.03770761479300245,0.08942251666070072,-0.013242935482532511,-0.01823555210341979,-0.026566565111053077,0.005395453817513012,-0.0278652373853803,0.004641195815104786,0.022701548162057182,0.018988710488362787,-0.03334852317506839,0.03554698837910321,0.019195745882440707,-0.001554202245237561,0.04873430282784943,0.026814826363887306,-0.0010580620594091196,0.05803290062449744,0.02623160503082321,0.03853662791156506,0.06565779572900035,-0.005184240733456523,-0.0358952666205395,0.05337319604613192,-0.033278626891826174,-0.04674794404192683,0.039696177551918704,0.033883916761541344,0.002321857663162467,-0.02624946197675179,-0.035909515487657806,-0.042683920610608404,-0.01263788667825164,-0.02671923624702763,0.02544678230908659,0.00983025271334994,-0.027283802657752015,-0.038785984111676726,-0.004878513585932102,-0.04045933588244921,0.04638920755049613,-0.08751843890603477,0.0332164623105505,0.010052863907313194,-0.03490879944024066,-0.022918502035388935,0.1031650853752804,0.04746636877487887,-0.029096470904178395,-0.012415925508583735,0.020045323368151784,-0.019552123729415626,0.03566745817508514,0.0034880853513812636,-0.0021758625189677804,-0.0388297788667392,-0.009548640951611884,0.020466304625591,-0.0125554301677804,-0.019742407302822035,-0.03940826294149691,0.027784891886119014,0.009297728747090084,-0.07529967668703053,0.08021021952630887,0.019738240220455908,0.0648817945306776,-0.036008896644562895,0.04410491350203266,0.01552163279875861,-0.03296838870443376,-0.062390475699107294,-0.03999057345043046,0.050365432712428986,-0.0005557941479069228,-0.002190689636880705,0.01674170755777428,-0.023660644534275806,-0.02127356358997896,0.005765271606295142,-0.03421911129076388,-0.024450372135744323,0.013157535839539136,-0.06440550391212933,-0.043899498445776744,0.09875028250936196,0.009145313355553712,0.05477461636621653,-0.00016514170305022188,-0.012134545765143806,-0.06911833679044362,-0.019535319139793308,0.09591676215023112,-0.08557787923429391,0.04825561395486928,-0.04361217080242502,-0.012620715566815594,-0.015353076279567592,0.046114142352044245,-0.06201106896396064,0.11725783255683087,0.03455740218982853,-0.025680032615490112,-0.0020519324820896527,0.06008658737470373,-0.04724650883025907,0.008158159856960834,-0.008272360184911613,0.009016574738470387,0.006924193358158082,-0.030959901482823297,0.03243947156083975,-0.010068390259139548,0.01440951955797563,-0.005860609514978502,-0.03555299394258425,0.028207145625922275,-0.06552067993059828,0.037359412786089244,-0.027471271789270977,-0.01628879634261247,-0.016502674073562835,-0.002156151004504341,-0.011558918997292805,-0.05132989853562107,-0.048075972978185076,-0.0005302178051178845,-0.0018305241219473375,-0.034685379150537356,0.02697379315912863,0.009904918930497717,0.011486629176577902,-0.05187766588023041,0.0228467625466664,-0.0035255485974935528,-0.009346241552862499,0.029663406480281304,-0.03159422192201455,-0.040114157168990056,-0.025878289287018002,-0.009039378765205552,-0.012740569800914358,0.04328239799885995,-0.04474791552687227,-0.03754510997685567,-0.024945208125628716,-0.017260533241306147,-0.05775937295420764,0.014864530614646921,-0.015657036387975398,0.04015102355163373,-0.058315308763806535,0.06242696215980709,0.047064435457799036,-0.021591043267619826,-0.00951066255024144,0.0968990444101391,0.0038004152822182797,-0.06795392066446568,0.11077445195402615,-0.034787014062990985,-0.014971791746509795,0.017331413696944728,0.0037014463220849596,0.030915069614332203,-0.05954064737411651,-0.08072916369680212,0.024376999451876626,0.021499095166813895,0.025862175416142278,-0.020444821178629245,0.016133386833859564,0.06028211878166552,-0.0658109637330034,-0.08380570856005022,-0.0584810468377777,-0.017359575629659153,-0.05859229104602759,0.03397472467500208,-0.004281658399595315,-0.019640252628043867,-0.11716219157238757,0.007897114683241016,0.023585684244184595,-0.091014320720435,-0.05287615972697015,-0.005670288127946378,0.0058478811564572995,-0.031003324398601786,0.026231058855787664,0.022257632573726278,0.03053555923222165,0.01820735801210149,0.05280201324035179,0.06094000010271662,-0.016829398992641607,-0.0582419302014763,0.0758233745302625,0.050412360360243866,0.03146783333704839,0.04596681930211701,-0.010631031296938645,0.04167044742228528,-0.01852824276272529,-0.0032638344663315512,-0.04948825371484206,0.0059167323325227715,0.01314192004763984,0.006726832486812841,-0.013435254692406987,-0.035202519121926595,0.002012068010304775,0.005759048562711716,0.023020531629932547,0.052068568230854075,-0.01825590007288718,-0.005217221356433297,-0.002447209602898324,-0.036724986849099694,-0.08266294250181337,-0.036005752652868615,-0.09456188255831575,0.007605736963721751,0.0007887682093545704,-0.041513279870104065,0.07396265637788049,-0.007219469243131906,0.013725009818385687,0.007960069300149917,-0.042957737846337544,0.011531302084747284,-0.022617159413557516,0.020051381444199275,0.009294978566436655,0.013363307762218776,-0.007212848700554236,0.07616686027264648,0.04817680151608849,0.08827426406946744,0.07488120644708289,0.010320630907308826,-0.07945152626838856
-0.00036941829586281867,0.016238489729200188,0.030637825865381448,0.033419959290817404,-0.03421542370257504,0.06258843555939012,-0.05387665304183257,0.06211380239791285,0.028557480084451047,0.029739911767469287,0.05978554778242087,-0.06847433147695747,0.039060158290013115,0.043254459775414894,-0.07391769540484175,-0.03442609085322377,-0.09180153141426052,0.054283193324939465,0.03539944298347871,0.07425346613722474,-0.04206164884640132,-0.028461750121430332,-0.048912368247738175,0.05734657709824092,-0.015377231693379905,-0.023419314997538562,-0.0022536491652416983,0.05141609570279605,0.029966808800792267,0.005928876880920184,0.040223014023491196,0.04132445021049242,0.028724945820675203,0.003795081987919441,0.020135364960492206,0.0007753090807119047,0.004823718560646417,0.026139348067778196,-0.0550267177793904,0.04755620549079313,-0.06361541234514727,-0.11417731824744254,-0.010669555558673965,0.01613638137586455,-0.02497176355847596,0.007961885371102833,-0.049560362932223816,0.0904938738430503,0.021899663891392668,0.04678078679812235,-0.061331678318038756,0.06123563395533109,-0.0038110189220188933,-0.03980389213546207,0.0036926495671431307,0.030004321947353276,-0.04961342193605615,-0.03827410227285231,0.010202081653702953,0.01503205733485985,-0.007109719519691492,-0.07240334515385703,0.01855694379140458,-0.007655288875672503,0.04520831806396327,-0.0078576358745799,-0.09771585552504748,-0.17248971341648556,-0.1247410530170558,-0.1589402944079235,-0.03131066087965672,-0.03866875098625202,-0.059939273526068974,-0.027732617910273552,-0.01575625797237636,0.013984386716523342,-0.016726775682289485,0.09076718552408967,0.06455247863397226,-0.02613794770517897,0.05185680158899344,0.0220653283717081,-0.010192646822951542,0.06548748530608388,0.060127575543266115,-0.017332349105674293,-0.04698374245275401,-0.045536601043815746,0.0021011710601763537,-0.04477563269044588,-0.06877079422954419,-0.037098314288566775,-0.1179669519911269,0.025796811291665216,-0.060203241433305035,-0.0691403196094875,-0.11753566128631719,0.1221891783922324,0.1768933946342606,-0.10690730015432286,0.06673228990919289,0.5164286578290292,-0.010454881169265729,-0.03442484578411281,0.03552489334115694,-0.028385208293294953,-0.13130763826965455,-0.06381916092325111,0.001759995231677589,-0.04252312206084201,-0.09980071186835346,0.08211614118566544,-0.0365111763972144,-0.0371773725546006,0.0361032629894382,0.0261771280878716,-0.05086430219402591,0.001933283066989236,-0.016695440793353715,0.1226450915459935,0.5969062579828815,0.2945822332476622,0.31265987413244406,0.1132712580113443,0.013098687771121316,0.45516683356630416,0.2529529954348197,-0.13776352051262047,0.04522646094766202,0.025945276140880158,-0.3114073621447617,0.02205084373973331,0.3844501867190888,0.04869140666865232,-0.3453572364189647,-0.19258295116756663,0.05161181171670808,0.08760964876639149,-0.04960518594208092,-0.042887416651643064,0.10017961720649575,-0.03397633225263191,0.029406183969824595,-0.04666824632093709,0.050818877527525785,0.13424480833746033,0.17439041227774388,0.27730351349731486,-0.17181130813464923,-0.1212347675761966,0.02617107890109976,-0.2263307967589538,-0.23520041126818675,0.5232810984933355,0.2607791349710011,-0.0981748359725104,0.04141044818766162,-0.25575266404300484,-0.06497720670999764,-0.19216334257043696,-0.23704888503444194,-0.12321843125350684,-0.3936322450296718,-0.3605054637128796,-0.18974222811210775,0.04536717079645227,-0.0008478387126392534,0.041817390318094505,0.0048741243819948,0.07827777999254107,-0.0845578332031971,0.07772575839574428,0.08778351144137796,-0.025842872988257905,0.4914695391501013,-0.14871236055723644,0.10223711896864776,0.46403537463206024,0.22698994891823462,0.3336862749513302,-0.009131645440899358,0.2943304730508032,-0.6367544711127423,-0.35798125370148565,-0.06448344038948295,0.1543376995283106,0.39466102626927146,-0.07717208351852559,-0.10657901737261759,0.003132927709195711,-0.34934992708560336,-0.3911008769995687,-0.46479676148639204,-0.1456090507976099,-0.07395892212804166,0.08197186234379335,-0.06100466447295459,-0.002018625423439556,-0.009682820524746602,-0.01682521047361612,0.17819907987832911,-0.13952593070377886,-0.023748153405578162,-0.11437355468431869,0.00840040612444052,0.1018312290208302,-0.09679423775704847,-0.02809012837784093,0.043737751601614666,-0.11942637778096511,0.5432812973971176,-0.1663731667740179,-0.08888297937558348,0.15143678909606484,-0.3973238028867145,0.1304757982306591,0.16991204614133848,-0.17277470255727598,0.15768278558321708,-0.0478138162798103,-0.36281301554835793,-0.11193322144420825,-0.010935465651584585,-0.06268480894627182,0.006552817930932828,-0.04443369547952458,-0.1504456262014535,0.09584815509947646,0.48560121300753817,0.1854069577362838,-0.0009935435785945878,0.0551030594226196,-0.2289033405427202,-0.2727669608859181,0.4591417158227021,-0.5490149482102881,0.03381687313934591,-0.2385603354798258,0.26769494987051223,0.22962795321444313,0.17062914362852194,0.13781790862642831,0.3518322330231908,-0.26292230467933403,0.16236294383915356,-0.3025328631432046,-0.2088302204104894,-0.8261118675522486,-0.5081257939722434,-0.12162424076718628,-0.061490614072685607,-0.03664234681662526,-0.13178197010015,-0.09442564140696147,-0.10906772800716595,0.21722007813980976,0.372557570023758,0.18584119216427353,0.10783954629626434,0.22202871896507081,-0.24470964327994682,-0.5321459948508463,-0.33656008337865506,-0.36476987789052756,0.20387206200526092,0.13278148714486673,0.08133603225869612,0.28887933744027305,0.42690975202907305,-0.06801733763553865,0.16287763719410514,0.06325586575637505,0.21297537002823577,0.26559635050864167,-0.13236567967047247,-0.5804123519289319,-0.5136157489584234,-0.0693855764718778,-0.01688367655313625,-0.0714223019418919,0.01414448460016015,-0.042266221675956867,-0.029945409921471145,0.046288426795794896,0.031686874133580366,0.04874101931857535,0.05740706248903028,-0.13268572643591156,-0.7987134034318495,-0.234114182810079,-0.572330073592733,-0.25430764705317493,0.09868123202150246,0.004023160454543709,0.15040089672047377,0.23177214229655865,0.4409919888137104,0.01233118565078462,0.15085997874038254,0.029498671971680993,0.08166104919746876,0.006128359453895209,-0.10570230205649293,-0.2896259173309537,-0.1859474927412692,-0.07613435409952432,-0.008689875783541875,-0.020390999279254213,0.032120133028944946,-0.04928359594989947,-0.05784987286164156,-0.15591426600202496,-0.2145312262684123,-0.2784401604208312,-0.3798193111764431,-0.5646249908518547,-0.6710647351274185,0.07504993898964114,0.0678520265100296,-0.21158483756291244,0.202333756480705,0.19176802460952352,0.4954385432414214,-0.09041498806667222,0.1343445792422278,0.22313015095189123,0.3071618897733573,-0.09505985818542162,0.19895648051437886,-0.5381881566886477,-0.18741161996487807,-0.09959467747452476,-0.08439869580329976,0.10108964043273991,0.0353861842699154,0.05766633182161612,-0.03490200371433548,-0.03194382214735501,-0.07917124773667224,-0.10789461539458162,-0.07948965379571576,-0.2907717702924587,-0.5553936203456569,-0.468590585888511,-0.213560896671395,0.3044424950628026,-0.15191087004238046,-0.570938436013078,0.20825684350110962,0.32268199444385587,0.38091169253979285,-0.16362731172935707,0.21302269496226384,-0.035739721202018834,0.08521860422467405,-0.15421468303754074,-0.20518063785727939,-0.42452194146383737,-0.3168080377182415,-0.01586771830322613,-0.02687770152673057,-0.003224106958258733,0.03713481220092088,0.015724066228867666,-0.027461596233554507,-0.047149987991048824,-0.030638093129198983,-0.05989545305152037,-0.07635680440906276,-0.24167294050692342,-0.2464720640684867,-0.1938470454424554,0.2665366894151967,0.3672624373735946,-0.0572952950678572,-0.35203040430537363,-0.18254854955513486,0.30736097282330854,0.516557865015959,0.2321930995670744,0.21574221807379443,0.2893548045758341,-0.17501590501758024,-0.5810535151168565,-0.028663665358330176,-0.014262801548107558,-0.1962568265866947,-0.06713298025411552,-0.04094294503550982,0.08963104441867277,0.04916331239345367,0.03874345430531001,-0.02153165092273093,-0.0006135714900020618,0.061609868114820755,-0.2072637163846323,-0.1557901292775611,-0.20728479382213658,-0.28932044747710334,-0.1842465417898454,-0.002652111495035456,0.09056351644843748,0.028204411569800945,-0.02081537871852329,-0.5479577418744874,-0.10270129106592982,0.00014522914651854513,0.19045710704876948,-0.47068723241889765,-0.5740227964486724,0.3223047162222441,0.04736897928270394,-0.16239616384810354,0.24471810510974398,-0.08552085087856078,0.06626033467250501,-0.15208424651293048,-0.011584203859531163,-0.03728969349141617,-0.03906440657478812,0.044809552887170555,-0.0007895752377676072,-0.04109379064878158,-0.14380366990185245,-0.14007225285134836,-0.0058081952913014954,-0.4768362256203899,-0.6355711003813648,-0.4638891038265785,-0.20234250218185326,-0.25730221948922866,-0.12365222248558437,0.3293627983089672,0.7161440357777407,0.26378213813315227,0.309778380648061,0.21107151974125346,0.00022059844397893903,0.12329336675666014,0.6666991906008655,-0.34353076027572615,0.44273690304221736,0.36407685664359457,0.12146571613676185,-0.1581717209576745,-0.10557375006409332,-0.040278026342119376,0.0709820401868568,0.04490491247318798,-0.10977771307079334,0.13076156372008774,-0.08767133903370576,-0.27752424308067847,0.09009257911126878,-0.22954198492351,-0.29479101724139867,-0.04830292193935383,-0.611807874553922,-0.526472114428814,-1.0568060469621487,-0.6073016069157707,-0.5282333445245823,0.10179926926400239,-0.03909936241068602,0.04585753340747889,0.42351866770390867,-0.10182425057801696,0.4834977919393198,-0.16789289646069636,0.08027007827889188,0.3052579310075677,-0.04128216807376086,-0.2846477492977916,-0.034192160692931024,-0.00605016945266623,-0.024201224474919614,-0.06060260115255456,0.07286200438489303,0.21547267276520826,0.22830287313801442,0.14584148957309193,-0.1295895016744356,-0.33241216112664046,0.010629774605760624,-0.15981004956080208,-0.5399376147455106,-0.8816355880605261,-1.460380434882256,-1.024877441292984,-1.2863344400941001,-1.1103149427206098,-0.684129316791254,-0.05540365318017438,0.4934900941066315,-0.03098033452296286,0.18676764115971276,0.04656034282599311,0.34550724422936163,0.2883679384411978,-0.05994921191914309,-0.20749377447468859,0.002054653493646408,-0.019545713494290438,-0.0892425235636786,0.047833676418945044,0.04507502613981204,0.10896517285611963,0.27057046018684217,0.1299007898025815,-0.31206877173155145,-0.16124388789708025,0.25761063980740684,0.14236764013152212,0.38129267795687644,0.4258080814610251,-0.3382015029796122,-0.6322146603624178,-0.4758601895949124,-0.502207941775771,-0.1847363538611733,0.10375347549818932,0.024429200030631943,-0.04109100755427441,0.10636147565765153,-0.33593556794378104,0.2876068863201264,0.10811820860508534,-0.06607632360291293,-0.2863450049249298,-0.05597498859588789,-0.09089511601823108,-0.04065374025547171,-0.08465335877272716,-0.010679685094090511,-0.3718775804763677,0.18375391053207532,0.2139698507399009,0.48139005729945,-0.09974340822558292,-0.31748113140683737,0.027610125639835,-0.15404247771347218,0.39882055897786595,-0.146534442653342,0.5604347089287279,0.07224001243462513,-0.1187858165553779,-0.26014672883142276,-0.19277801859139845,-0.12091246469004216,0.1728346894221004,-0.09951910401356814,0.3508308684649829,-0.17409328607326255,0.04855757914492277,-0.061531664064459216,-0.4077450589041613,-0.0021187360571281637,-0.018530579752995085,0.05627038881861299,-0.0003318730722593675,-0.022306422896674998,-0.12221591150138306,0.2849811433967239,0.4526513288687193,0.15426543308670537,0.02087487226732028,0.06887042604293267,0.38621287818503597,-0.2626548874343661,-0.03613209589586426,0.18082350493264313,0.13951003200469966,0.01680474295019548,-0.15555459241547775,0.039276704488034324,-0.35966148150265986,-0.25100140185311864,0.7409090401512963,-0.21200389578851184,0.261683553661242,-0.06414068927532292,0.06507307683470419,-0.025661936302197152,-0.2507107392447388,0.0024794795344180443,0.04592050964285411,0.013157726708754175,-0.011899045535562947,-0.03257033664620552,0.12752719352205372,0.22001124400161526,0.5395341217485053,0.05773080593321673,-0.11574076296544301,-0.04968907877388075,0.18399115435232788,-0.12185139388589024,-0.18081319054838296,-0.2810464309412115,-0.10854509574859159,-0.1972580532011187,0.43361763156706834,0.04597370492759446,-0.5788817434714889,0.038403944298042975,0.22455066955858957,0.21410104278610487,-0.029294366103383006,0.09275307454159823,-0.012093833835687578,-0.0869116025654298,-0.1556952204599817,-0.05472085115228205,0.02853680352323297,-0.0016945703899253338,0.03165259300438009,0.021454486698847718,-0.07144085158191692,-0.00077089181341604,0.14696685566950618,0.21309051854278124,-0.2787465349087973,-0.09921063262410952,0.08399716396473755,0.2186774409920559,-0.035142648828233494,0.07064229284468891,0.13365630795276018,-0.3813552638661153,-0.21435449437158785,-0.10909925594941955,-0.26188122953744236,0.030156664594533384,-0.3532055419228304,-0.2225730344826268,0.20503437689764667,0.08428352759915879,-0.14310819693561294,-0.11037714030932132,-0.05547385402021868,-0.07438911557168522,0.029098639028471422,-0.016918524231465185,0.01010865154186032,-0.052033857264400435,-0.048290087892711296,0.049392804492387976,0.04728188542345722,0.024716541746309297,-0.19713861809175343,-0.14983249216284286,0.1409006769578723,-0.03068052291404831,-0.0436266247387082,0.4988715406566947,-0.01025132952409042,0.1989413894958016,-0.11184268178405758,-0.1706711940137853,0.13102220422198158,0.24287167227540893,0.060818021620858274,-0.1999852765265586,-0.028025838059492398,-0.24162984901546455,-0.2830057060568515,-0.3190181035479371,0.030415408162862076,0.05652109277298989,0.09806206087256002,0.02509367928166411,-0.027738598620121964,-0.05182079539771871,0.018667276808035406,0.05805323793163171,-0.02017547735266374,-0.08271536135906263,0.20225346022613033,0.29535231799231704,0.46560781701102105,0.3133362760881342,-0.35641638340698545,-0.14267829889939385,0.030811669486579592,-0.10569846276338532,-0.0006244589090354692,0.10538968921545974,0.07248173940976238,-0.36349485827861694,-0.40521835935143335,-0.13755618762972033,-0.2948398705370481,-0.2610437406359882,-0.13433792615465068,-0.07132435144141018,-0.06091857020884318,-0.027082784622030086,-0.007745808822839505,-0.07717449933476155,0.03402700789649394,0.004869429190454548,0.04080926590687451,-0.04606835901236721,0.04612772383189733,0.0742719477676599,0.03976451748404706,-0.02106772785485141,-0.026734638782463845,-0.26956437675181333,0.04469031030480699,-0.028424302000218584,-0.1590215580064554,0.03321112672422894,-0.12722090775559297,-0.09324162241141357,-0.1393806652926507,-0.36751437819610927,-0.13664970891821843,-0.32628407490906797,-0.18086771878001184,-0.05321047759820665,-0.01760986368930504,0.06974354035847025,-0.03185705063736041,0.008834697963648795,-0.014236168464851973,-0.022680250423997197,0.029175947192014214,0.016294564067992,-0.06474905243513374,0.01045633837132892,0.012404761131188767,-0.022997459968065008,0.05407252053250832,-0.06519128149306674,0.019812604814008386,-0.10560668519853456,-0.1252438128515005,-0.1961513285362979,-0.22434943394614282,-0.2819490334530444,-0.3472933463808957,-0.23699243670471543,-0.20003600482882852,-0.21444864644100115,-0.0981114286187572,-0.11109153746493007,0.045764050318394346,-0.016163192820795057,0.14874983498633682,0.004805376795751646,-0.009134811204246186,-0.03416410345873592,-0.12460256155241198,-0.0012141031118783846,-0.045450501137249875,-0.03148088169658647,-0.06316162505554265,-0.010609333566815994,-0.02585945797144012,0.052895965340456826,0.06646412112459853,0.012732534396347712,-0.005260232678766088,-0.012983916093130335,0.06037293368234267,0.036928107619326446,-0.03332509587602737,-0.04207701634997712,-0.010240181156943142,0.01647498521798328,0.026500701638961843,-0.05175964112430305,-0.003880923144350382,-0.03598707282839499,0.017395676611064798,-0.03326366043432772,-0.010232680403612191,-0.019212835150226572,0.01677566250521136,0.03993167783486989,0.056574369733353544,-0.06225737718718547
-0.014171212143867778,0.05374087781802429,-0.024007609843753278,-0.03131521468131706,0.028698877387892945,-0.06358975525950523,0.05978577581011385,-0.005035085801274613,0.07488458630356894,-0.038116440465001254,0.0015188481543719334,-0.11405262871980525,0.07543498075405508,-0.002907211830332783,-0.01972672420252603,0.029572148908569927,-0.017578063337435022,0.0034390822522112796,0.03063093215925788,-0.061665259211633426,-0.010426643161304129,0.030699166268911775,-0.013354416462411823,0.07709099975507631,0.019152206800164207,-0.017010204563013512,0.0986268718372317,0.002873510397014505,-0.0019536502056331138,0.026992794175086827,0.06360615919953286,0.04091772686092094,-0.032441544640914456,0.04473088382636709,0.050612990653169224,-0.0023103680069407983,-0.015069895327084666,0.00862808270497589,0.004024487329268464,0.06579262025617151,0.034797888729571146,-0.024872935970782082,-0.034592765806799645,-0.0962792187417916,-0.043672927175950886,-0.05562294511170972,-0.013915432431509901,-0.05788276350532094,0.0919318995614987,0.03177863745338096,0.027158731340235016,0.0053755941791709646,0.01577942986941683,-0.002098223291039057,-0.027327104588506408,0.026114721101323166,0.04534287921310877,-0.010531789079720117,0.022501268081849362,0.04322046709371954,-0.026997994332423454,0.012795723603599698,0.020591638614739966,0.04182087046474661,0.0921223367673422,0.03633941222064062,-0.0022020333933081694,0.09194319097298595,-0.10713352990392014,0.015307753566324099,-0.009045559745948588,-0.03129274927907185,-0.012083558766315772,0.07709362405768487,0.00526090681758689,-0.03239549481291787,0.027251776904754266,-0.03687458455208119,-0.11244122197965496,-0.03368913611852417,0.05758199192206376,0.031377701191948104,0.030991581815314525,-0.009941408159752326,0.036002523719368164,0.03707455591239234,-0.025229247195829432,0.024759880214697366,-0.13567756681783694,-0.008517849686500765,-0.1019880622655325,-0.034750823573945974,-0.02983133087749811,0.03322487152058728,-0.00425470422193107,0.03862100716136372,-0.029078677488551297,0.012580580697896512,-0.018007411907137224,0.10582612329283454,0.007835720370440608,-0.02584199476478137,0.01148382027458254,0.004718318140213286,-0.05811504230809652,-0.003139960194690896,0.07809752514433692,0.0014581372718124766,0.05900767729504277,0.059868991839248105,-0.005338039246234322,-0.04395415367025577,-0.05385513276894202,-0.0103600978752441,-0.03354812091646554,0.018246887513241522,-0.02634331073440907,-0.024471799721261577,-0.10589133502464085,0.0670759994988133,0.0514189521893638,0.02166529035748218,-0.013100915088968273,0.08679886542422176,-0.06826249729176063,-0.0016279480086368392,0.007435984566331366,-0.04962922332753679,-0.024258223397089194,-0.01777672179220143,0.04273815127530439,0.03279583131176463,-0.01289616332516851,0.011047464880905725,-0.002230592041236183,0.011938333653019067,-0.07395734009063756,-0.014922248652378903,0.08975826055668215,0.020863938414408145,-0.057631697474664415,0.05169999327552452,-0.06385431663955048,0.036377994097783556,0.027716699231266614,-0.13827091974955505,-0.002994909207347357,0.057936108688746164,-0.061948529951447645,0.06034146043740328,-0.06427956907430499,0.0274177750290457,0.04507694484156167,0.008246645208277852,-0.028010485922396283,0.07087206934448055,-0.048508881174055975,0.020473951823406552,-0.07025581556434715,0.0335282234767208,-0.09272638989247112,0.025779373419612735,0.016954119302155155,0.004526181012368558,-0.013822474223310798,-0.027200673954638484,-0.04848898044978448,0.062735464422474,0.08211802739409951,0.00170275894074954,-0.027576159840917318,-0.12264579953469536,-0.020746295703713644,0.04683379050488311,0.016043096140351893,-0.013184390071846576,-0.1381099158081389,0.12942754209909085,-0.10899784377638334,-0.003608730636366081,0.013862801728748132,-0.020413643000290665,0.027956969793835895,0.05267113145327627,-0.0603502088611181,0.04095860289514046,0.007412767352782871,-0.02445830880712096,0.01363579309862832,-0.034445430068124894,0.03921446799446461,-0.028108028850444774,0.0890357116126053,0.021425546153718653,-0.025807856310086943,-0.017400865947167315,0.07071031877958478,-0.04948297496759569,0.061234876238544185,0.009662469308808647,-0.04742174368606725,-0.04028174657203717,0.05926630777222879,-0.042054167128073264,0.011466361264638162,-0.001128346100503196,0.05167691137053608,-0.024537822793746132,-0.0013440949916081648,-0.019084864128657186,0.02725800989781889,-0.041392715707638916,0.0009139898291489691,0.0035021328332456338,-0.08437349333062283,0.09152722868441364,0.07238427225864716,0.016852022820389924,-0.04110931487329946,0.01948556950901657,0.007508315727611687,0.03824783642293337,-0.01647029548788536,0.00222584231939065,-0.06317549222340932,0.06504799186341813,-0.04258738969272613,-0.005103595505877846,-0.050675903166681746,0.03305187345007472,-0.03162537138214088,-0.016286322222452913,-0.023100146454813394,0.036097446745981504,0.013447164466752707,0.014299741042568119,-0.007756547470192448,-0.03623231669789852,0.09277096175104775,0.023774144602469665,-0.001600031672839301,0.024707220273445848,-0.021983816420392113,-0.03660364407962422,-0.04810692967489384,-0.05635573332902013,-0.03539944728092483,-0.015619034132623342,-0.012726791704240285,-0.018636284188313507,-0.021405815435025292,-0.016425699293695615,0.021612551399327953,0.02380521515032613,-0.04946240608620606,-0.038740935073367476,0.053966756640905056,0.02765355896335454,-0.017180483544529744,0.0610302730260334,0.019726963593758827,-0.02702027740559155,0.09969288983856911,-0.06754128645698913,-0.022719631151416435,0.027706116337746337,-0.06291855052330826,-0.0642133262598742,-0.012930118166553983,0.033186374830686254,0.05414260306317513,0.003499002087977181,0.033976740536885576,-0.0014678248857433978,0.028365662158640136,0.054807932599604745,0.020596043220910073,0.03155669540022264,0.03750443159913391,0.028837629502291715,0.08206658789376536,-0.046090449545674615,0.019057146540972163,0.0665073466693292,-0.011682350550889708,-0.054496650187764076,0.05604777400955716,0.002013734543614718,0.023515201318014274,-0.0049916930814511455,-0.005138597209035089,0.07337957692677773,-0.02918078473227236,-0.0038591826006556585,0.006096099927394168,0.0445997114020571,0.03614165293529291,-0.0957527286288393,-0.013412994747791606,-0.0034464433950432416,0.0005641202415816093,-0.021185764223322568,-0.03560295972851862,-0.02462259043545065,0.03538867861578202,0.013719508278227238,-0.08314874885448918,0.016542563558415175,-0.1018009664834149,0.013323222205878055,-0.019899824330751426,-0.031587015090188714,-0.06278979674186469,-0.1351765394642128,0.007557304293976122,-0.0018544617064253596,0.058240061068687676,0.03719347198005252,0.019286955253296788,-0.021241632495192158,-0.0032497826337573484,0.005277197800559992,0.018409871668489248,-0.06517286552380731,0.07480825230806522,-0.03110656996831678,0.05112343956276893,-0.02077203204256875,-0.043393452600628844,0.03788571229450529,0.053972216348923366,0.04727218350803405,-0.02909625181907848,-0.0022853869064747194,-0.021893092636588878,0.0016198816771330268,0.060543673022018955,-0.027737135494933715,0.013854459496756061,-0.006969590076078344,0.14209274048703946,-0.0009284725823871181,0.041595161443460205,-0.051595452334061785,-0.0025441161586165725,-0.012203441855602983,-0.020645709799238958,0.0025271013345765695,-0.008932266142465058,-0.02134398280967049,0.004278053579296258,0.019652742449300816,0.02733304933903007,0.0073261622506310626,-0.016498958241993895,0.011286621235580288,-0.03192979569743272,-0.03558737830261375,0.022878314597536056,-0.0238325393390568,-0.024175733968236624,0.11382122174729149,0.03507702184367227,-0.005585697158693839,-0.015496735625006709,0.015161974694447083,0.09360341985419075,-0.09627656070570614,0.04607326482909313,-0.04620619423512404,0.008025133533934335,-0.03916293018197687,0.00013663766547677628,-0.02481545844478062,0.020852237774352297,0.0667876386746851,0.016260180229097254,-0.04369490579050483,0.09106526953666615,-0.036818871189028476,-0.018613128649034635,0.03299397133825138,0.013196187971678581,-0.04852341159068923,-0.04639187922734733,0.01848591238453994,0.011603289653603818,-0.022346894361232647,-0.018334102430815447,0.024939536118720223,0.023031022932202605,0.05751967450532438,-0.06783767613284672,-0.017311579752889057,-0.059045685230274945,-0.07956802806005571,0.03615627423680209,0.01693878157504789,0.01084113168750717,-0.011499901449910508,0.028306877189093114,0.037691419653092646,-0.03324318161674805,0.04099697577443615,-0.006105268205909115,0.01478342904685833,0.011907724879137065,-0.04083218908414228,0.01040249573031048,-0.06764077991213246,0.02200650622062453,0.05111935014328596,0.05545214165640876,-0.011642261086583283,-0.02442892821370005,0.05320186010575869,0.009336613944595604,-0.009933292780759677,0.032993373882299434,0.0387033470650783,0.005415780584127026,0.08923178320320994,0.017389200459031803,-0.06838143802204388,0.05374262360642146,-0.009685589173426951,0.03004238209489994,-0.022692174955740323,0.007884922476302488,0.007341520506594714,-0.01937868121171348,-0.021968562300547157,0.036816985187347634,0.018147676612638306,-0.008744714196984967,-0.0029994919461376877,0.034979345804050856,0.014337568710240478,-0.021456696200822436,0.030409529741480135,-0.0798974369113022,0.0009401838999032586,-0.06135562288358591,0.051042940575766214,-0.001322517303097591,-0.03439670248982367,0.012078585178737656,-0.06277535039592282,-0.05635516174365007,-0.03809195915912045,0.07696592835433964,0.01994281939353836,0.05345321690216767,-0.009394037445121444,0.004061110335678586,-0.0028012662562325497,-0.04012153977017297,-0.0351603676164668,-0.022389059984306108,0.017078406436044993,-0.0526473716750374,0.04523972506753982,-0.0351428033901588,0.04179918218031803,-0.029252055426754506,-0.06451253012491046,0.018645131884979203,-0.063178480432785,0.004758065238141667,-0.0217549977538251,0.058128846394823394,-0.02517451019221792,-0.04428648339160038,-0.00612443272185358,-0.0072223734334424874,-0.03840497792818329,-0.0073375569735218025,-0.017939969318758107,0.023316736447605922,-0.07489277617463855,0.04702029697043479,0.023524948445743106,0.03264927692711966,-0.032414901665755745,-0.0030232627450674987,0.011628771948704736,-0.06091000734327872,-0.009737058557759052,0.04891672345838558,0.049318558789199746,-0.07516687797237676,-0.01063534869330357,0.10673006496698986,0.024375929162209087,-0.0190454820271129,0.055841625924615494,-0.018267871533680348,0.012730350936692607,-0.041856247522160245,-0.05339446629938421,0.02772094130164324,-0.006692338311671591,-0.03169754070987181,-0.03549109358791736,-0.017195685826427314,-0.038026146634505785,0.023843707639782562,0.08592472258081155,0.004025140444510497,-0.06300657922803841,0.051680258079453444,0.04944046212584597,-0.00015746814344647087,0.06063570464432323,-0.032092963811358656,0.039827514150251646,-0.058795214103846055,0.0682115472374604,-0.019942500606768776,-0.04247182620454165,-0.057938654372759794,0.030051392307545204,0.013038380618836509,0.007741492815400047,-0.06105721213040893,-0.0007239151487606993,-0.0342336127354299,0.10302432935713565,-0.037090333824239784,0.013786935696910361,0.04850396472482575,-0.007611069539778851,0.0017006916993114753,0.04736883327889958,-0.09235017113276402,0.09544731845481277,0.09940385393471013,0.01248526557856474,0.053446650409720985,-0.05262538714131906,0.0739345798982614,0.03814166825568463,-0.06176037973168746,-0.03861337539599544,-0.0658293730431216,-0.067010693088274,0.09174979151198434,-0.04138329681910387,-0.05123534420035915,0.02408756632169013,0.00855787542392209,0.020468316970734604,0.060724833403751365,-0.018635925377019597,0.02921252625621233,0.05682324142549472,-0.06425535807942455,-0.04701715332142872,0.04460406912359105,0.057752942787201965,-0.07195968049226338,0.06455277990318485,-0.04965079591160296,0.026996897262439278,-0.010704201636939173,-0.03218421907764143,-0.011564556953000397,-0.042197614144163856,-0.049853010696118104,-0.024772113819125537,-0.04754142097351889,0.0419547643851384,0.00745514670641846,-0.012730730370389421,-0.03678412282444589,0.016219609563522527,0.0032834090134243256,-0.032265556531743386,0.003599219444053533,0.012511563284271804,0.02142232317391033,-0.026830610962208276,0.08602894107381856,0.040179432591915816,0.029739007489161414,0.09900394264242232,0.04864880062584724,0.014430097205599568,0.10052113643392911,-0.029552821561991065,0.0179060625464992,-0.026150602421369823,-0.05784999897655467,-0.010029865379696594,0.011343599497706004,0.011716949528763733,0.06093941605291063,-0.036275162529115335,0.03237760321321911,-0.001501634160616696,0.03452081902404226,-0.007403139928687526,-0.02066193451784058,-0.029245032839094885,0.030786899863857277,0.0124324144087998,-0.03262828511783582,-0.03446187995174765,-0.0612627821114048,0.04243055886869421,0.01608052477093849,-0.06299175322783085,0.021043644907905175,-0.018307117403229746,-0.07814550885471322,0.006022620784076154,-0.019495071928434072,0.027191555478706723,-0.02723256659491658,-0.03328657780926317,-0.04979846551159418,0.0581775267720234,0.0476123372817372,-0.003344740217546649,-0.055323504051457625,0.02245783317161694,0.03752627677236404,-0.05645583758458885,0.010444311995566164,0.08676769621295959,-0.012888041622099635,0.006799848415539473,-0.00869050753502319,-0.07682960015819963,-0.0387134375509174,0.13410171573792193,0.0018362573306887526,-0.08777735582778821,-0.1056635101709103,0.04655471319681363,0.0835108457676675,-0.06251736419171222,-0.001957772539368303,-0.04399744431350043,-0.043578090667475616,0.0372558102040711,-0.018847665148400763,0.06020046480639214,-0.058467662251009404,-0.008836517639323856,0.0069136473180011265,-0.0033172517783683544,0.08300464019481063,0.019520753602995395,-0.04595443429692025,0.024937392145705693,-0.10294890831782809,0.00488399152416706,0.04191037372563375,0.005856511074391256,-0.03285598107817616,-0.047960528423932024,0.018157283177521747,-0.013208261899576672,0.03706837756246349,0.015313840915133745,-0.01111020702427758,0.015330428122168472,0.032850129644361584,-0.0702548242125717,-0.08072157772699566,0.1167058824785197,0.06403434722566678,-0.07871929210214154,0.07516201060211937,0.009157919116220091,0.03276479955596406,0.03028531430181585,-0.06823487895665943,-0.05306899404909528,0.048296233258448756,0.004401480601631818,-0.05343744279823743,-0.03274802668143683,0.06546696923950455,-0.00465381132251305,0.020903808513122447,0.0067959090170673685,0.018469359563927347,0.032197527053738496,-0.014632085356273876,0.010801083991485114,-0.024055502102316467,0.008978731818427677,0.020687885430382,-0.040100810610290444,-0.038646622707713685,-0.04557927931962555,0.010839557004764168,0.05010174021878603,0.01317516846752017,0.06586262891404673,0.06555263186065749,0.06039217324212834,0.04244727906300747,0.04423189648843453,0.010166028297295826,0.03848335889286638,-0.014524876304286347,0.025645278887784718,0.007960726491408833,0.016597109017757263,-0.022860922326484772,-0.01402110266477892,-0.025113777646760076,-0.031215216186547958,-0.04217377248651471,0.005797903354697902,-0.06261198010036323,-0.04978637134786121,0.08097628888658494,0.07375750847649672,-0.022558468805833207,0.015012106379655278,0.12762114613283432,-0.04924944090858797,-0.031675126882016104,-0.03401675918392493,-0.07107781430667479,-0.08628487277320813,0.0669961013406297,-0.06131433694019811,-0.005545830599527198,0.03925875788772054,0.049386256123466296,-0.01838662291933875,-0.015147705441501357,0.011999442240165576,-0.08583097113925293,-0.02051865920470258,-0.07852734142188869,-0.0007167589466753069,-0.007478302886487936,-0.027024700495267614,0.060884928219936955,-0.004690611999107346,0.0024749434656997963,0.024082307373366134,-0.06763520931058402,0.15278538900131367,0.004131343765498746,0.030935552296593772,-0.017837382715813397,-0.07064821571874488,-0.057575326719039914,0.03322602278237209,-0.0008660358872155302,-0.009352569323078158,-0.07432317823466154,-0.04864039824753466,0.007608387412752435,-0.024028483353691992,-0.04887516986314487,0.010032168962234885,0.07890764419137182,7.203135393411158e-05,0.0216088273533546,0.04340652201924608,0.013364723830360935,0.07003920943481674,0.006135795883836457,0.056547232356415636,-0.04021473584780166,-0.03894090621684577,0.05326836407473648,-0.034357712101154333,0.029006581599005102,-0.06119163323314583,0.06944049583318859,-0.01203530302682905,0.015574589110009335,-0.05706067549109484,0.001208961257001294,0.07008342407287604
0.003186425126835906,0.016400121641294178,0.010402688608061513,-0.05974254034974344,-0.008533440505308496,-0.0038154810131179138,0.10646469268888203,0.035537245814551394,-0.008701739505458578,-0.00945601490574716,0.026925464280741187,-0.06803484693715514,0.010663637199861496,0.011031005453030438,-0.013566280738860508,-0.08060358516903654,0.07850143252719889,-0.03197661601249912,0.021550821218535802,0.11745879877436619,0.05781328538497091,0.07387274775625263,0.09112523096320425,-0.001610308309279161,0.043580996126596126,-0.006013786347309352,0.1436840629773174,0.02443848345310973,-0.04262564954405369,-0.044746487591706435,-0.13412579317796935,-0.012729652594065813,0.030412494941935167,-0.024789728799394034,0.018619839304978708,0.03697336081013115,-0.07335557781197885,0.06457656374959714,-0.01369379723585817,-0.031346471134756165,-0.08201098303391323,0.05732052508211067,0.09212947444074153,0.012068838414476642,-0.060874470609134125,0.026049295753215972,0.05510935197288908,0.002851112335481454,0.025663549974596116,-0.016950333557731956,0.007755966330519705,-0.02682277547118941,0.059874647642620425,0.08010139251480534,-0.011177305011429186,0.023860516893944316,-0.016700782332295633,0.02472141229599371,0.020041939055842273,-0.08092869775890524,0.04539107258824581,0.02345085870482921,0.019430167478954524,0.039988839648093674,-0.032007036550596675,-0.018216078153302197,0.06965374592232743,0.09627276889547885,0.07178153164616699,-0.016313775231125725,0.0007578304727427199,-0.01241157047938508,-0.0016138723919077375,0.04585705524826013,-0.02596760366154071,0.06125306162151397,0.07705077490933647,-0.028099169401498918,-0.05614956326076004,-0.055343974800327475,0.030165143451269257,0.026494858212395,0.08327553325923329,0.05119043440551702,-0.02481819798746145,-0.049166151844325955,0.020921607983159222,-0.07115424808533474,0.03614900939278053,-0.0564374381340515,-0.07277943533323454,0.0655711439878733,0.10259978505587694,0.0219861423056286,0.02232624152487526,0.03670899448128226,0.06303871006609987,-0.01163466721032968,0.017784363059605273,0.05385995974624541,-0.00013947892651819486,-0.02279904446280465,-0.0038819744015827734,-0.11136350869538021,-6.123171314099306e-05,-0.04585209850078774,0.03218710832979001,-0.01997127532348803,0.037358293113868776,-0.03673327365009149,0.04003839865727717,0.002865373253729226,0.02976473035167396,0.08544492789601728,-0.1169965365119941,-0.0015406299975740442,0.034494260726687556,0.021401863969072114,-0.10089823980908799,-0.003479111928476035,-0.040173337411449184,-0.0037465430634653157,0.010033441177751491,-0.038920864798520916,0.04846486357387757,0.003432006325462661,0.01872692909264301,-0.025883499663371317,0.0247615078784469,0.002379147564883347,-0.012905991582905374,0.05545671519429894,0.023854774075900947,0.07729402284429548,0.07858040156810593,0.0311529854998362,0.07864822300497484,0.05379474957128688,0.00806557961095499,-0.058822732097659536,0.03645989966300558,-0.026126872110648323,-0.023206952630390167,-0.023113047206979286,0.05526635686461733,-0.027288254648373127,0.0002799433053910978,0.03912623788283445,-0.023556245764240324,0.10207526265169384,-0.061062461549100236,0.009598741128485792,0.04715615664323028,-0.009051498675197165,0.019734250906075883,-0.033377231714221946,0.06166763575577234,-0.010780125538635839,0.009529449651659862,0.016548629341234928,-0.08223605844212488,0.008189223876866611,-0.013100272914369994,0.05252464886775584,-0.002240923141056027,-0.04571084467051556,-0.025367845664655424,-0.03563311858490857,0.004221569204139459,0.06987510504782832,0.02528855693180377,-0.009402905002911159,-0.008225919585670866,0.08917828529132439,0.07003906640286339,-0.016336684223510145,-0.04951747230447515,-0.04245279307462474,0.02687077606558169,0.0005887288554992807,-0.052760079041085976,0.03291078640867467,0.07979705842089309,0.0030413166454721307,-0.03650402804236504,0.05512182548294133,-0.027370262079396506,0.03915333878733031,0.0010481643760118372,-0.008253399278507541,-0.0498990975853341,0.06831642017770952,0.04850815663917264,-0.07722904635290441,-0.017919494492891326,-0.07104643080162733,0.011005898813645025,0.06503748334042418,0.06883403554527065,-0.06110756326923685,0.008871947140373915,0.022261283582599975,-0.019837084528743446,0.009321072831912032,-0.007016923215918753,0.0005378474356384873,-0.00649046384476933,0.015239849915490497,-0.01657269101668199,-0.0032362794862166814,0.0080832048469311,-0.007984714412134485,0.03819712766256551,-0.010891971560262934,-0.006673305189912654,-0.019538793190681535,-0.007945890190390976,0.006592814467670115,0.022496229359016365,-0.02429134594718107,0.036054235170199345,0.012026766218442286,-0.041183744033537355,-0.061494252108336575,0.07899458471773844,-0.018818924570124955,-0.0019081470440509007,-0.0456670372768834,-0.04232198373311699,-0.0420269744017034,-0.06101823100666604,0.031034799172470554,-0.020930274950318795,-0.009749023828283585,0.018141027728662062,-0.027386530034953845,-0.009922881766098424,0.028537842355381482,0.03418279950308203,-0.0380453346520251,-0.004696609143238815,0.027220296026338485,-0.06900331957393813,-0.008639752121372536,0.008132294460504154,-0.008188259144591306,0.018574550308521794,-0.041316120247844326,0.09688787374362377,-0.01059027529671375,0.04394980407804744,0.012559811457382462,-0.02191144593454316,0.03879620213880994,0.008641228365582478,-0.14479648996145536,0.045923610809990516,0.07561998301321228,0.06657992682619232,-0.06742487470741378,0.06879049192708772,0.0717256880592845,-0.01750984095268357,-0.04542859263159199,-0.003627757611644256,-0.03628158202957799,0.016489948986392427,0.0006940973217618552,0.04617055936988556,0.034838735690847576,0.020923654524821377,0.0326973405237325,0.0182291226537461,0.015617522937030757,-0.004021508369003686,0.019409501432515106,-0.06987420288949654,-0.07003440899857177,0.007172826986279813,-0.007515873121923846,0.022163384843328995,0.035923875354183094,-0.0290969997245719,-0.028182622378479693,0.008227866212607711,-0.08741369644530719,0.03855909506828025,0.0950749913877248,-0.018116982910168982,0.010534165932644878,0.0407989478764498,0.04560990805468438,0.0033834494038904326,-0.042000324322142985,-0.0612118203192842,0.08485681563582242,-0.03614700188050218,-0.0447988864810325,0.08458443585939077,-0.06836358011791525,0.013116467300101962,0.018049144413546856,-0.0006097204767593219,0.04307877151718236,-0.059697619756051895,0.041253340424360935,-0.02496199883168409,0.06995449347955404,0.012232748698555836,0.014921147110334645,0.0019108621106009563,0.00623863210416221,0.04647956541565701,-0.0386755147720992,0.00930977634800339,-0.07422826648109815,-0.020488807948317006,-0.03666699589582141,0.034566109417814364,-0.027701321336058644,0.053150514614866,-0.0036579539452175785,-0.005625924313331359,0.035730904284177106,-0.013784542708066307,0.05939681157469191,0.005089015278815709,-0.03696631706445096,-0.04687396815124834,-0.008144090102104741,0.013619348015337323,-0.006540010256431595,-0.027054602782236873,0.007486716639769214,0.045207077627706205,-0.05654930783934882,-0.08019282304681756,-0.03218391845341439,-0.024419964296915127,0.006731671099624393,-0.01634013786257422,0.039339068176967494,-0.025687454896747813,-0.02848589396589358,0.042338958068011925,-0.04994875089601464,-0.013442521698570653,0.024581663165388675,-0.050883756875822195,0.022893816808752177,0.0010098184923313359,-0.03136256496946945,0.006216921244807511,0.0255104824881669,-0.006154275511362685,0.04053707648332354,-0.016440132420977006,0.06700325473819924,0.07699826874731668,-0.039430580892538675,0.006094889443642421,-0.06848217841566628,0.09177864078382753,0.04048164454716616,0.0420444927458473,0.010942575858540903,-0.05795172910818228,-0.1343051531741778,-0.009035155791196252,0.02832805988019519,0.09647812349585348,-0.045737358536653124,-0.0003444116660745096,0.006418464696109716,0.0389948018065578,-0.0273052380396093,-0.015583198504139265,0.020592043761409468,0.018402532455616388,-0.03807091184728541,-0.05064441332119947,-0.029999416553757482,-0.015318828628998733,-0.016098102510469055,0.03738163781484155,-0.03198010377621701,-0.00666969363985251,-0.0452645077787794,0.03329591681311291,-0.0503389482755543,-0.02921539287678139,-0.008606344011159827,-0.017157599266959995,0.03452774366688902,0.03734738192427039,-0.081550874699737,-0.08713353091778908,0.02564414092884233,-0.005205654970287195,-0.010762731150672836,-0.00941569653828691,-0.007578405485334022,-0.021253627356789564,0.029221885085891332,0.011978083202391701,-0.029021360099607565,0.04071518828313065,-0.08246349135573777,0.03992162509554915,-0.001597915924452856,0.025598848748270314,-0.005267048216147763,-0.07405815021627585,0.030587701066956033,-0.05981050714459463,0.018041337935300286,-0.05360910159426365,0.008849126863554145,0.09062430531141553,-0.0013841972297297083,0.02237618837784166,0.0162901596899107,0.08699762614903027,0.0068069161628729205,0.002227233981084521,-0.08944705917488922,0.058390883264826936,0.0294459377154631,-0.014938774294771468,-0.03133252715969782,-0.001797083774642605,-0.004973240961673999,0.004630612437254544,-0.048588669587168044,0.032478372239394565,0.01747944888562699,-0.02509734639825331,0.0015437277491174666,-0.025109162835681344,-0.02071431129023133,0.0062359757502396095,0.009324030664528282,0.05164145088147866,0.04318986227563968,-0.0005233330470503861,0.030791952359339535,0.04636861161048615,0.022194965700018717,-0.03219242503264191,0.045500034506605266,-0.07653455694013105,-0.03914376202136675,-0.020874946761861107,-0.024893235046079338,-0.04210464540822668,0.028613873231596164,0.034326928486611966,-0.019398459337739447,0.011727241491084268,-0.02258214407197281,0.064235362198925,0.030735307749231743,-0.0470826151267843,0.02241334448250928,-0.002694776100649665,-0.01039101405923251,0.04864083164547223,0.042876159000155185,-0.046109087913429714,-0.11103250502701578,0.002915064789293284,-0.07982105096488273,0.015154315805565222,0.041918891217595726,-0.01602116016152326,0.05436859658105531,0.08698082234847214,-0.06743369692560904,-0.014712741725075735,0.07457960832511965,0.012843805570669047,0.021109676920527055,-0.02569846133876031,0.014022314070829914,0.018049034739706846,-0.027427478378273456,-0.018698327900435328,0.007158850803120212,-0.13113131342997467,0.06147015805703079,-0.03913734957088381,-0.0068781033990419765,-0.041304310912461846,0.05611570090699941,-0.025836292861001992,-0.08714313867271614,0.04451819924677353,0.02103023247413173,-0.003062697109368435,-0.02619569905174753,-0.06647729503496003,-0.035456497909209676,-0.10182666253583017,-0.0629107417879377,-0.04843540195603063,-0.019294593372868832,0.004056620487917211,0.09839241784112752,-0.03371836233675624,0.08411577847998593,0.014531604835614253,-0.047193781749827586,0.04350437845999823,0.06602749046372444,0.02952825478549701,-0.03702678912982536,0.03445597404028751,0.031825945515035314,-0.01075047449828719,0.028155055618799933,0.05239359408793693,-0.02455982574172973,-0.010361351351597102,0.04025447374665567,-0.053855732199464774,0.025927592522555658,0.019222620650231857,-0.005013212538007738,-0.0561075849725239,0.024266535878597346,-0.03480596918199077,-0.029814053976964433,0.064197272645815,-0.026360288610064272,-0.013896847231147305,0.06432638401731715,-0.06768634266134768,-0.07158144242254881,-0.004641656129102398,-0.0017252369839845742,-0.0487181733781423,-0.11344506720273952,0.045331234363156434,0.036166982116338876,0.010044160217520411,-0.029027699688440694,0.04572070734773119,0.04403744411442161,-0.04953707998368497,0.04250574891412805,-0.015104505738608038,-0.02852351181206477,-0.029641231146076568,-0.024590514815569054,-0.0063036125616162085,0.002195985429072055,-0.15105762395977215,0.024594372540942287,1.3169567072059381e-05,0.03693629856748239,-0.03174526783019881,0.0015877031675436408,0.01038417678744692,-0.05520361128531726,-0.02180052257281123,0.021291816524280235,0.01582076849991429,0.012770066222355698,0.04209201688534679,0.056884185568479045,0.014181139297992591,-0.0022879113325018404,-0.03638805231323092,0.01461900649204351,-0.05680745037941866,0.023112626321882726,-0.054804012456026494,0.020407109551543717,0.0008122158811859186,0.05951248048189899,0.003889914808104186,0.03552920856933326,0.11335597655544963,0.019129684832125446,0.0009172918859576921,0.06108099140605372,-0.11337379186788943,-0.07740163145440056,0.04660995155363205,0.026437165272713937,0.04215279596226012,0.01180210952420305,0.006861588114957453,0.04071256198920116,0.040212526303973824,-0.012610405494226434,0.0020099127855865116,-0.021795486644907328,-0.02130091248516668,-0.048647999843082296,-0.010306512298429963,0.004272838730426223,-0.006319563029153333,0.04819083904729282,-0.028607161703521955,0.011986942473608231,0.022244394491330376,0.022314270294410368,-0.012365559910498022,0.03979541948507456,-0.054628209290981,-0.027874767585075937,0.009971352928671757,0.01831891701693296,0.07186680107698279,-0.030179718524688568,-0.012855205792222983,0.07662515117516128,0.019942756558257432,-0.013309625093110188,-0.054570663520614786,-0.009166336530822732,-0.008423795292946845,0.07163168899809189,-0.030476012161449656,-0.03460223233154189,-0.002319199454013784,0.0006694085859256067,0.06961392987598095,-0.05033628329049109,-0.00796414111171612,-0.05355717409512792,0.050336323410280895,-0.01664190022075866,-0.020770112102988413,-0.02008569276544221,-0.02985240712377598,-0.11514636011715156,0.04185664603128258,-0.07183780453680895,-0.02384004059927989,-0.043905491880485016,-0.07393573242341521,0.0446220795954525,0.018509570847399653,-0.04011253663328382,0.0032979107915018244,0.004892851564552506,0.04041308098005551,-0.023745549915775276,0.011261444028759802,-0.023344813678341125,-0.07679846380458846,-0.03260048909587048,0.02607877265423356,0.07424849948630274,-0.07600124343128796,0.03709672288093797,-0.06461645904724506,-0.02224442739443385,0.007700252197806506,0.0015430600146730453,-0.004533629200041001,0.045540299618913815,0.044977684566842924,0.06691237520069836,-0.07475149088375291,0.01916551581282652,-0.04058947432961324,0.022941360318518064,-0.03119833645670694,0.0001911983672779906,-0.009759319862831642,-0.00026293555392268024,0.08356592379566143,-0.03133186656159871,-0.005942439923355758,-0.0737745159087994,0.056739394181818364,-0.004314244785496594,0.02112186221825817,0.03094268489557517,-0.03460876121212183,-0.023869407151663517,0.05594110054685508,0.0389994257688617,-0.0378469249277146,-0.014586048315280218,0.040486406499366204,-0.11270016805122214,-0.02665560122293318,-0.11982132440803982,0.0016065414997996962,0.021469486907473717,-0.1652301692717223,0.06824642980077285,0.013885159416561899,0.017445965140913594,-0.04017498289777439,-0.0333248098247879,-0.03910272323636611,-0.009484952975613518,0.0026801593257017066,-0.014700279052879165,-0.03880031814452998,0.013793371646697729,-0.005697809715079413,0.06456398304641213,0.09118061423226498,-0.04203468872537959,0.024269117454776824,0.08215182703290287,-0.006821788864141133,-0.014993490011496373,0.009698317493845357,0.035688267170507756,0.021158710872598938,0.04941683278287076,0.027566743725458562,-0.006594981933424198,-0.015181693542379788,0.04425519747114707,-0.023671275510307226,0.006492324995041502,0.09385324824557899,-0.017831677039460044,0.04256777276714855,-0.0850992308220684,0.022659708102911555,0.059163141849445815,0.015068917566490802,-0.03582033243463748,0.05008310394987024,-0.012142964423774525,0.03593958829207966,0.057109491132833486,-0.07339701521927305,-0.0273935802615345,0.031135223498564183,-0.06722416019761514,-0.0203942436237836,-0.00805007731065387,0.11798259875079792,-0.06217625954322181,-0.0033617878283532447,0.0584874566753421,-0.05242328630114,0.07090507209875863,-0.00728153091335734,0.014322066478680742,-0.023801989421696392,-0.011442226560892325,0.00620603589749361,-0.0016768353184211718,-0.08551058173893118,-0.010292864515714035,-0.021570504054758282,-0.060354321036582954,-0.0632573107993633,0.062255326953685124,0.01295292479792486,-0.029410927833428517,0.027163357285051756,-0.03747047022386299,0.015579255964962868,-0.013281713443354212,0.08571589899941366,0.05844835559564821,0.004403230967267338,0.023281290483460886,0.014564100257502226,0.030730423226543315,-0.06921863755351142,0.09012386892742054,0.056040328809932816,-0.056348407462078434,-0.04780673642783763,-0.027190600337478832,0.05308468829785014,-0.09839935570130076,-0.013361488744436534,-0.05004906129597713,-0.009541815483552148,-0.026035929533566544
0.03261633708536034,-0.008169329643381462,0.0034886557509240376,-0.047407215703280096,-0.06139546106462173,-0.07214347472217783,0.028959422811149438,0.07148109554343421,0.012492755861738779,0.018847945497260515,-0.0055509618607094404,9.125014889323632e-05,-0.06271969663579784,-0.06601660227818433,-0.002456663958421098,0.007224103080166427,0.012860326887318384,0.029059570801371806,-0.04755071539131244,-0.026865208321058136,0.022231079099939956,0.01001895928430169,-0.07775415461883066,0.015125501310166678,0.02166504675707772,0.12648370726774957,0.0832842057642635,-0.006084628312009258,-0.029140579427031264,0.042902181040074074,0.032334472979440546,-0.07075495507373405,0.0015838302397189713,0.017532354891387422,-0.03831736482011566,0.03825114989843427,-0.05604137439895198,0.047730287980440926,-0.025611271343615905,0.028841424276651564,0.00024017995872262254,-0.05909607479950057,-0.027771420715519107,0.03531120450186128,-0.011207325530440949,-0.03106555725668966,-0.031885874261859265,0.0029598776781230404,0.04594903151180399,0.04783271738448821,-0.011680786191941133,-0.05725097471263258,0.012645870202546592,-0.03207396961870768,0.012599817940583914,0.014371937118773236,0.02212928639232546,0.005520022297155655,-0.011572815403469059,0.06752027908245246,0.05546858855484372,-0.01860386021983381,-0.007884490978074253,-0.05350301230415467,0.0388840065104081,-0.02427445719920672,-0.07282731016731422,0.05912710324740699,0.017854525957156375,-0.04777354301690417,-0.019287946458049824,-0.07082298082422586,-0.03227222723628524,-0.06850645021150104,0.05465254720332802,0.06416306460446253,-0.026524545217868744,-0.048034398090144294,0.09965883294275243,0.051740807173309165,-0.055119407326912735,-0.02086845807516158,0.01931306738126436,-0.07178917162344368,-0.08999049590580192,0.014680743545716489,0.006808083241240323,0.012649551806546875,-0.0075527866711044495,0.04186239240593059,-0.03447385786897379,-0.0814597372979449,-0.0643734516174126,-0.11447253113547529,0.05771005385520393,0.11813579982556319,0.02373121262204857,0.0651848924397613,0.009934662788662335,0.07363254219648621,0.05074779530092201,-0.10114531706292545,0.03380578586570411,0.19979499570752615,0.1551868974730244,0.1240456157428017,0.1422025260565153,0.05215090671771728,-0.06001710761433043,-0.03859310512503902,-0.036776934777607725,-0.05156523582390959,0.12070713902175197,-0.046914061692647384,0.028069024737191046,0.054653441288004236,0.05627385105749099,0.1399970718139758,0.04405642564642947,0.11693351254352922,-0.07592199768028256,-0.08358338972042265,-0.10109316703776926,-0.10664652694294446,-0.11563952439614157,-0.019765334107204376,0.13945340040187154,-0.003612978641012471,0.025191249090131353,0.19988874478491436,0.022027361199639106,-0.10512894698806154,0.13731607966559034,-0.031688848000087984,-0.05162528528244168,0.07371775743065569,0.058434881006266134,0.02647535161771508,0.07621464934136782,0.009314792714168171,0.06458235548784215,0.0032606929060128094,-0.03833194130523679,0.022477859220458536,0.024484221057595356,-0.10619606270171929,0.07373913533853524,0.009423597453178077,-0.08423543225029201,0.02780316643591773,0.05133062894399504,0.09260473602901799,-0.08733387499484216,-0.23661603293372618,0.017221074534520767,0.2536333436332916,-0.0025942407785773873,-0.10982707277939169,-0.1765196658587052,-0.023274869924550166,-0.041267876173188396,0.15967065172259914,-0.10461880247310476,0.10852729374841369,0.1678934733925969,-0.0385689170389063,0.027745605442492764,0.06694499909536407,-0.032929890072778106,0.013225325780616859,0.042401094564625846,-0.004327869006721544,0.06702379620897216,-0.08109361044443744,-0.05375466917886281,-0.10162439646330694,0.08333068340220358,-0.008629540671078215,0.07056814529513884,-0.00035538402994268677,0.11609699541046785,0.1884454721503695,-0.020149249024315884,-0.017397526013183676,-0.11199972913789273,0.07381753690371165,-0.08161926803865185,-0.004942586312673794,-0.04349643884897934,0.025110576665210122,0.13021306701633123,0.10013560680663477,0.07511536311538194,-0.06270171666118145,-0.06310515448200021,0.057313773934039317,0.019463122082915677,-0.0027082276507598073,0.07984203125922965,-0.04143377038615168,-0.08793920448568987,-0.06791783548137972,-0.019277413272212905,-0.0008607211880893955,0.08557089101441102,0.06254690752832,-0.0733745139826874,-0.08202138293373766,-0.11679844447010723,-0.054943089226852336,0.08772692493792622,-0.08789183326990781,-0.07188020514107586,0.055620370712041255,0.07586943015826443,0.07472176724658443,0.016257537780489495,0.10540050016648007,0.10343386212825241,-0.033865487665146,-0.12801790243572095,0.0036033818542009427,-0.07743877447756248,-0.07669881954295207,-0.04075162263696658,-0.007363312586660105,0.08321633214254967,0.04928604947432999,0.02385788400356801,0.1252171577207397,0.039592072935332255,-0.05503006911011607,0.07421063334803504,0.13923167419475702,0.03893951606891415,-0.03694155879055025,-0.03614215381083623,-0.1255357381881543,0.051525314418456904,0.04983483176314,-0.030842688050671287,-0.12033286653386563,0.03469310667199727,-0.022985673529277103,-0.051920406696607656,-0.15497197233852847,-0.08808185889895642,0.06515868148424658,-0.1533217989991911,-0.05441110840967577,-0.01428058036329589,0.011642154113785608,0.01329074397309231,-0.15707578686424348,0.004502416790172053,-0.06938331917873795,0.028474086975226846,-0.1214383507205716,0.056758597913706445,-0.01597394044346216,-0.1455723389112997,0.015273136195832149,0.2775300502524119,0.11696447656178785,0.07879454688298274,0.12363140090849747,-0.20993314809705269,-0.2118859067673709,0.02375532229188921,-0.012877946213257527,-0.12479265573050763,-0.08828460094644551,-0.05243003431372641,-0.08356551008716599,0.007419457717513243,0.019217002057092092,-0.07243084986257822,-0.04864512030414807,0.017425667612443806,-0.022691298326951607,-0.02228454845418264,-0.04474021458624943,0.1344694128015874,0.04861681040893772,-0.05310499717671019,-0.04290809764391834,0.06015592681972837,0.011629370171685511,-0.00676588396248933,-0.10946858871105865,-0.00820994841852145,0.037155334252561595,0.005429874809886457,-0.15047166898161504,0.06616730875232675,-0.102902209401525,-0.10540976683626341,-0.013231388495796463,0.0355763669606938,0.16135777395339734,-0.06977346865025834,-0.011504460503607091,0.1280067783213805,0.07345478135192224,-0.1214892427612048,-0.01182720537331778,-0.007862754080502899,0.01439254873966865,0.01392533500513016,0.017414464715648784,0.01733954598599255,-7.073497489461857e-05,-0.09737096139586417,-0.20262819325396458,-0.18246759574647564,-0.06911568228354666,-0.08345911482872335,-0.19378495173051366,-0.10014288516561302,-0.4268637346706117,-0.12049962409206408,0.039259308746875714,0.07285547551592604,0.20123067781655168,0.08740291438782993,0.22546102479749075,-0.16635830080165323,-0.14114124878405532,0.0787921676472035,-0.14975871551872438,0.12227336327384526,-0.1377854254815224,0.04201583597200545,-0.011147316782397844,-0.06529395899035187,0.10584687008743311,-0.039234995099132086,0.012655003252100018,0.004034502526523888,0.05664624102726165,0.0019268597422585397,-0.2234460366763952,-0.16720597483635807,-0.25335025996613036,-0.16685450577895808,-0.2782444522189191,-0.30263376731081076,-0.10749814473705711,-0.17996888580490286,0.05642734887318242,0.24867855681621653,0.15624141335602199,0.04157641254884573,0.14943303921002354,0.19086349307581857,0.10791033247890451,-0.07119110251279474,0.06664775028292426,-0.1347764416859954,0.02760319690185407,0.06810788589031487,0.042740801978273554,-0.0314524099492452,0.030879000865590176,0.02670169035416965,0.02923813875230046,0.014399715930353833,-0.09231494977827061,-0.14654013289538417,-0.1239785665267925,-0.04575847765651832,-0.137366627707555,-0.1023565395880866,0.007804996597855116,-0.14752260128453926,0.1188548879194255,0.08716087760516437,0.16463642666487102,0.08740879034182861,0.0872587041022911,0.07752026827573509,-0.00829922317019161,0.08461976341158142,0.08293359425130935,0.16946662060861914,0.11990074427878007,0.015988110151592835,0.16698002011762889,0.17137815768361106,0.06420482772616469,0.038634665371641515,0.038179474067186164,0.0844152714364109,-0.035534998237819956,0.030978375944513938,-0.064045008794303,0.1573708494896773,0.15252005425114748,-0.0824500877096413,0.05675455170482008,0.03028895154370936,0.11846022405690673,0.04340671059259309,0.15275302373835906,-0.004391081156004256,0.19430257036515544,0.17471412258844263,0.10180738939948189,0.08878998690741198,0.059761575300219826,0.08111647097112105,0.19452926729008346,-0.022508366719245977,-0.10523552700462875,0.036753007323414896,0.18606689915462193,0.22666529541355093,0.00554908067774342,-0.008629733433082083,0.009695748498454646,0.09165538788853651,0.04065680862860484,0.05880274069667019,0.041120297097959495,0.09906872570248848,0.013392349542743995,-0.046613200043478145,0.023812318731167247,-0.0478334921905577,0.04216307775501474,0.14806596072158792,0.1476343213938938,-0.046174003557423564,0.08558475203518849,0.17067071405825168,0.12008302188469433,0.04621117093338674,0.26673790916059886,0.0225878750081018,0.058443049974420534,0.07386530251921507,0.03618111947962322,0.08251149637723046,0.05625683513246301,0.1561221031243316,-0.05802416972353197,-0.04625067755889921,0.03958393940905182,-0.10287493401534738,-0.076352692458842,0.015510319186617643,0.11608306849721792,0.15637802131628512,-0.004260999109549393,-0.0043319798984285994,0.04189094120476922,-0.15486859406240938,-0.029220124009632236,0.02523639098748737,0.1924491456515992,0.07231425643050571,0.1555127536253966,0.19975312183050775,0.0027683776739107933,0.06901038706508636,0.09597185464859831,0.05201916696193337,-0.015210803622162957,0.07904661926417204,0.05556124550867649,-0.02684593333280137,0.008618817334455136,-0.0922582836695751,-0.027517545670619602,-0.019143499015233895,0.06141135805152042,0.026977959103207157,-0.015450048589897257,-0.05410528268340922,0.061535725224429405,0.003770989870009647,-0.21119098046865398,-0.008953249221867009,0.016341896651041233,0.16825730985945872,0.12129610773481747,-0.05743564309060187,0.10358868564515833,0.11281203322869375,0.08292324741682573,-0.11223293785096997,0.10704992990935033,0.051239136466845074,0.057200420515027425,0.018068039204753184,-0.16062596781788024,0.057787148163760335,0.034154458997772544,0.028431621597196786,-0.051291371307625566,-0.002133583395448587,-0.08655730457549586,0.06558732189956118,0.034472108997979936,0.06958059147655063,0.06764506341790483,0.029544141925130735,0.015539407569169363,-0.1665308359943503,-0.04288680257084201,-0.05310017092703642,0.015193282873735631,-0.07757380227466405,-0.04911897275961276,-0.1424222167975504,0.1337658792561343,0.18841298354985833,0.20788100677637633,0.05943819939767961,0.21103181636428608,-0.048605091052229134,0.010466697167789267,0.009256975008612701,-0.018533171117614267,0.01807599593633122,-0.0962558229613725,0.03082204681835339,-0.00956132013724377,-0.1207482598043875,-0.1394999917952368,0.014666683094190947,0.001962262357490088,0.059741451141821146,-0.07006003529684823,0.0005621762277241518,-0.03391457811487434,-0.0685173681083609,0.04996880316282029,-0.013264880958525887,-0.2156952710580163,0.13821168374185822,0.13276191384491992,0.04094247238196842,0.023355297145069096,0.1633082896628102,0.03760199076770275,0.06594077262323113,-0.031695622157590225,0.051529881138642465,-0.05533408438782861,0.0899083155933273,0.027463345196170906,-0.12884613421429827,-0.06432227565652283,-0.09642491062511695,0.1280606474552616,-0.2082604163252261,-0.13794436268185123,0.030300718453566165,0.016423629362925414,-0.014388028384181418,0.01537047561349197,-0.09507446582058174,0.0487791856883971,0.044578087124520833,0.1621939248653468,-0.1309234273004057,-0.12163017207774247,-0.23920327399220417,-0.02459468242447806,-0.0455837272261923,-0.2638734592319686,-0.03446891753290646,-0.11053431714617995,0.10227878546919895,-0.01238258212318371,0.22400243207863366,-0.0320650229202755,0.11571089077019929,0.09145744883365092,0.11330507372471783,0.027614637772153425,-0.08909134875292711,-0.008154004565713522,0.0022341947991524657,0.07059417045022136,-0.0760804443855221,0.007593236232783294,0.03556410759855366,-0.03145038412520792,-0.053040388535039756,0.05315823625552444,0.03574931137173912,0.1247364718243888,0.02065258256777886,0.1519725651086074,0.14768760964903774,-0.15832593513813878,-0.07002129668379053,-0.1892677604736604,0.09583678481338148,0.043632370571894584,-0.15754549890356329,-0.0707984276036709,-0.008510053208796324,0.048786959144557704,-0.023265094842459314,0.10715319703980289,-0.01351668758317763,0.10727038341049432,-0.07905314080508558,-0.02901430622586074,-0.031883360672706446,-0.10910247234956925,-0.05073144779023487,0.0059750507406352675,0.10019856652653147,0.060934121916349705,-0.04604716061551599,0.10485505568651364,0.1731671021966754,0.04002165949307225,-0.054458292031544904,-0.14498654150570187,0.10392680609540043,-0.06327502698913898,-0.04858945830333167,-0.054072978206687085,-0.17576258631126562,-0.14510895667408244,-0.08531288433379218,-0.11393173721970097,-0.11792066852779348,-0.07459692470661157,0.13125947580450348,-0.010750366130016262,-0.07014075333026241,0.11492295686681031,0.012248623322535283,0.0045872654525418695,0.018223348193192594,-0.07097855565596156,-0.0525368671742669,-0.01744612357040764,-0.0836242425664888,-0.018249545661116855,0.09171878203326914,0.1303996965136854,-0.04346172859390957,0.014510967016609505,-0.11343228231409058,-0.07913852743835179,0.026404509834353964,-0.07565219456971169,-0.0016280039403253402,0.013441899512136566,-0.09495803626310236,-0.1423882822993199,-0.029301568821452618,-0.07528143284300368,-0.07394700943011151,-0.019358020290770148,-0.07621532041141378,0.0648638584539663,0.09566932137867572,0.3064067603060683,0.07258387436282372,0.0715124394292459,-0.0478268061580173,-0.06321722196228524,-0.02504932393111682,0.08350768358411154,0.01792943874408068,0.07778642539318995,-0.01392456858541501,-0.06677776140667827,-0.03382908186551285,-0.053631619711414294,-0.09183079575388793,-0.17001359221066892,-0.09933675246252133,0.040296060382226544,0.06094300449533372,0.07497468351710704,0.044784180468537264,0.051300257671118614,0.09444129985881305,-0.10222019081589137,-0.19316983137904115,-0.05656371169658886,0.06159985533943653,0.07068302612530784,-0.07376015334842961,-0.05832230527252271,0.03597012994161018,0.01783878037486543,-0.10745372549128215,-0.07712146516687153,-0.007496676812829827,-0.005562240830107328,-0.0029565165887885892,0.03726956428949893,-0.004356911186242642,-0.058461498798942454,0.05518247713278656,-0.15994113573433488,-0.06601842637999539,0.029425382327442854,-0.0595073721321187,-0.05339703778116988,-0.15118144599179278,0.021065636314416467,-0.13216324484429928,-0.09561248242438787,-0.013304244128152445,0.01500678688508561,0.024150640269203487,0.15577349934135032,0.010903347038948122,-0.06443239468443615,-0.012400570261539998,0.10552141261668531,0.043437180549100035,0.010962459422553772,-0.04086074761232736,0.03140374960288688,-0.031388943862167555,0.05065718739937864,-0.03226193295487019,0.03753936841262173,0.03903636653105981,0.030964010279662873,0.06870070757295027,-0.010881015253922275,-0.0708193358705592,0.0666822906720694,0.0338330003650984,0.06409943441499436,0.0006386564100499475,0.09125746350191326,0.09966083786300088,0.027693701802792303,0.06170424613995287,0.02851170502007887,-0.048236157991678935,-0.03558830611071056,0.09939657670200405,-0.08626048203843352,-0.029800620664285345,0.007847903263555774,0.053233480576087504,0.02223706655602995,0.0025274894049779405,0.01968632374061144,-0.013696575264894097,0.021401880706793438,-0.03926333385359539,0.04199394327912988,-0.007842795402796407,-0.002468399760047156,-0.034868286637315414,0.03762355812818364,-0.04277827089604043,-0.0025314995434481645,0.03381309536420216,0.01679343780240893,-0.059636767045728595,-0.011613317407682485,0.024304718616679707,0.04114587796256583,0.03802790017828009,-0.026903242283630686,0.0025766300433702175,0.031867285473377416,0.0887543932857417,-0.06376740294396782,0.011408490302525057,0.013741197646226774,0.01679636768840192,0.021550400289572072,-0.005107051963921285,-0.04129859023742817,0.06424496118720487,-0.012294855472817926
-0.010302598034803044,-0.03454246267201135,0.0324728537070345,0.0058226284474144395,-0.06428746483261193,0.047102738946039446,0.01821284939689629,0.05571696253436937,0.017125827911290963,-0.013573321692786954,0.01893586908776777,-0.04920435696965529,0.023347966887346448,0.004583795902709945,-0.07317706192606052,-0.002420087364923216,-0.05436429463633383,0.06849070838973761,-0.04026093117076204,0.01815295433402543,-0.07300015440767343,-0.018286944824451278,0.03695945072398856,0.1454639840500695,0.06607189913942578,0.00601623431888331,0.006527725093137339,0.05633099704514382,-0.052233250146877505,-0.08653780202303336,-0.05178932485409103,-0.023000382200935407,0.04044660630110507,0.00828733697879038,0.004221467583483328,0.0027401378896605697,0.10947077741154757,-0.009621980734863455,-0.07383454073007978,3.367994894786996e-05,0.011187573498044305,0.01999870009222956,-0.05006872457767975,-0.08235591631682491,0.034810421808837706,0.05581156805225694,0.030751043432945956,-0.024674168239027704,0.05628040088052827,-0.0669673915820146,0.0117652758761998,-0.12225416458807759,0.07870722291639295,0.05027882750587404,-0.04902104629641948,0.02584858238543609,0.03602409041010177,-0.06288878946387345,0.2195563668841041,-0.003928853892520448,0.09389705380412161,0.09159458624849298,0.025923173906536312,-0.02299250079067921,-0.010875679545090198,-0.017967556933794537,-0.00177903396869331,-0.014859967478026934,-0.01851153699569213,0.032326021378097994,0.0294517432478606,0.040438031434567895,0.08793749272507728,0.03854192960349374,0.021473417262678828,0.00779953539043508,-0.057576716676157456,0.07689466232599974,-0.011532592358769002,-0.05171518266695169,0.07540745363160546,0.09248413118746124,0.04554808028456278,-0.07080548725086634,0.010909874531577183,0.053721330711111376,-0.00933032394987712,-0.034404053645769976,0.032428005660849794,0.03212930821138971,0.045613478506291626,0.00878660290741225,-0.017333127318447897,0.07249970521762523,0.07526650203473824,-0.02238503540294259,0.06263708984858538,0.03209161051429878,-0.0416274991533141,0.03822855741866534,0.10306910601202814,0.04763108331629966,0.04130718099943503,-0.040237826829975384,0.04534565768804498,-0.0308704583119788,-0.05368173892816147,0.006242727485411439,-0.11570820440313155,-0.058255945127892325,-0.06801493838090657,0.025803405039793854,-0.04908150266785594,-0.05181801149798229,-0.002893025945442334,-0.07352786263564534,-0.0025749723197817367,-0.039367346850578334,0.011345629426663367,0.02750243309906437,0.02927416125282173,0.09764122936371813,0.03832907717191342,0.04282882738529441,0.07132517939673826,0.11868720032747535,0.07362313224978075,0.06887633785706897,-0.0923270962608234,0.049626341892006515,0.04832720448114649,0.040532710431692216,0.0753063885960471,-0.05018802804754725,0.01821644559908358,-0.015847151082866995,0.0047765118629690675,-0.028659965038473425,0.04063950868218995,0.021370364810817614,0.05729495362436103,-0.018275498797135296,-0.022781881635903046,0.016035929084175827,-0.02972570124498932,0.05100867728568734,0.045176658910437144,-0.025873520757646574,0.1471763183724928,0.11470446239133768,0.0054032362345318545,0.01594878759280615,0.008952429345678336,0.008932096751907828,0.07468010527330829,0.02277090175284771,-0.049065591583961135,0.08907976093135447,-0.0714736123190021,0.14432845254848384,-0.04217782535524193,0.16117127282353957,0.08982320408349145,0.1401068616036718,0.0226747383215344,-0.0036512722657320354,-0.004070019726561187,0.012800276742807967,0.05647739777468841,0.010702720583461682,0.027479438419241674,0.006691754316527467,-0.028098753558662527,0.006682864098711516,-0.15491228176356162,0.07832927526817275,-0.05903251600391252,-0.0289846246321833,0.0656201263481899,-0.024630866998866074,-0.007583777341405601,0.014459554460927252,-0.02607025982996043,0.03713408758642271,-0.08103351289728042,0.054916313557330336,0.06523649260427163,0.06110094111257018,0.0115873810755642,0.01480372265674713,-0.016394431519667886,0.10970353640911756,0.08129371000250367,0.023444540607464433,-0.039717009160670634,-0.0704797592690947,0.022215204915208123,0.00042780483096561186,-0.03367317309797179,-0.00047691657814145975,0.05309122027726201,0.03888346317031472,0.055668495714472375,-0.0001828399946299196,-0.060363884146426246,0.06243849047509601,0.06407907763479974,-0.05162321869880854,-0.10781254183398178,0.006042173843320001,0.007931326510474228,-0.025171907554466064,-0.053550574033897555,-0.06004995961911789,0.02036726220200169,0.11289236976714562,0.04322483912775282,0.1229115508651499,-0.05736879866449332,0.032555618115464625,0.06776798489939272,-0.013602873512820782,-0.03640799879679355,-0.01744579420075406,-0.01010738539978418,-0.006097893945725538,0.12447128103529158,0.031612196735733775,-0.02415184063299445,0.031021095767728536,-0.05420976426677672,0.059186920773852465,-0.07021960703527422,-0.06664680400325076,-0.04667932216898164,0.0026827180303994965,0.1481511887533613,0.06668561209437841,0.00011062749153336746,-0.042612339274860474,0.13640512771166674,0.04698704829393318,0.07331531375812861,0.026962022516880756,0.00415532331322391,0.04252691360771931,0.01809685859610185,-0.008889576764543394,-0.04492858759315572,0.045181967619488624,-0.0017877947447263757,-0.06018711725290809,-0.00818623649953319,0.02091669280229925,0.05759558706752434,0.040210808394081546,0.03852486271917472,0.09167107228977323,-0.013316847798899058,0.03874130264865617,0.016687772051859732,0.11051510633941183,0.040178851748542334,-0.016085519974738408,0.0002447271824833924,0.08426327280011799,0.06041615399886546,-0.008956126300226264,0.01613401548619885,-0.029786593631085653,0.044931467809707484,-0.02694004060007781,-0.010807158151057792,-0.039681895385654344,-0.07835019163744407,0.004590438793165454,0.02704827532970972,0.01411411372995033,0.040188602699901675,-0.023141984748968097,-0.037821791101010326,-0.11401915894590314,0.06341419460862341,0.12520396927437724,-0.10122540125939282,0.06392200862096711,0.037747035914723795,0.09982798152672272,0.15840388882912296,0.1296878577243942,0.06650232811183843,0.06886575074042604,-0.0019797081143371332,0.14647185231188986,0.33943568931626056,0.14375525312098755,0.014423405490799136,-0.026695414728355193,-0.019279105405978218,0.14677669238389132,-0.025877309901649926,0.008796656891378592,-0.034968332009870894,0.05887810202425466,0.12279617768427545,-0.03441853720019517,-0.02920213900285899,0.05407407454370991,-0.08344068742151718,0.0007105402358749329,-0.014040272174714737,-0.08035874937698424,0.008377949815402857,-0.010231476223390159,0.020144984303407512,0.0675434768316944,0.11002141579966812,0.06590526727516814,0.0726709627053107,0.02815683428201416,0.18180593860647962,0.22605924968451194,0.17232099309570922,0.09522248874648827,0.04873511687227118,0.06643226472824723,0.01771558079505314,-0.0760550419863224,0.019991071842017483,0.0774123418334753,-0.017676360491442764,0.05613014623034252,0.07728875923289852,-0.08693231223664714,0.04458108046632005,-0.07176670248543944,0.08697787872064809,0.04575881791433259,0.027503373485304176,0.06622860035147499,0.04358745698040119,0.04124096594741857,-0.016173687826825496,0.06935645383272834,0.051499215372913534,0.08545666784776812,0.15095166432428597,0.11115317236706024,-0.003993023330781122,0.05990772068629714,0.09778773708144882,-0.005423070881206018,0.008677363951164882,0.10040886673259204,-0.005918803873114782,-0.013607761983497073,0.04849140141824388,0.07545408256963825,-0.030129007242478426,-0.002073418668118161,0.020948314970321336,0.004887033056904627,-0.04487499656422607,-0.08686759555375068,0.032450302467430615,-0.1422232303610297,-0.10470987502561348,0.013612695640289251,-0.028173613396005208,0.015821835457314228,0.09582674466663069,0.06659534602943977,0.06597986082152296,0.15289208284990402,0.10793296440675189,0.05777481982476337,-0.05008495665583033,0.006892557255665894,0.13202688131027063,-0.0634899271388826,-0.06596396137317664,0.021842877867268896,0.055145794806243195,0.0063923662707853325,-0.07332078261646954,-0.11566405472815935,-0.0024241747545264824,-0.056886552953187626,0.041839933838862295,-0.07592370899313725,-0.0268921425506183,-0.06593062878592955,-0.011532245610282287,-0.003654179020957472,0.09987946347517727,-0.027055450715747213,-0.029650784108943087,0.02458491181893789,0.13597397196887728,-0.08719073006621941,0.11253480774337964,0.09240882797014809,0.04009041046980378,0.13716636866883233,-0.09000840656926601,0.10624805536686761,-0.04868141643941695,-0.06322350417716954,0.04211643880817355,-0.1444645333093514,0.038668087239304226,-0.008506241541908766,-0.064179229844881,-0.11450998611251557,0.023609817741843838,-0.13373677442407403,-0.015211156522031895,-0.059889489278785096,0.03040996763524265,0.023651926627501756,-0.08864420038488872,0.012076624328150754,-0.06492231510913725,-0.034978224279984184,-0.010380085750742018,-0.0048532570239167945,-0.05185226932151446,-0.04380207876893908,0.042964784917773884,-0.036527935646920986,-0.037152693992422825,-0.06949487066148001,-0.034184802835723976,-0.06255511032558193,0.010287314151294597,-0.06800496370789029,0.08126237204333617,-0.04144777740638706,0.01848732226257744,0.075749937958297,0.018882902543497105,0.0906300616787465,-0.08824826463876641,-0.12469336472946546,-0.09785125600459918,-0.03679314418987358,0.004448359112033002,-0.006288592316398474,0.02566525801691563,-0.11319739501606264,-0.03655043405838859,-0.039331782990548306,-0.05276815328633251,-0.05538641586595787,0.024837717141195315,0.11457970761003758,0.011635924680815571,0.039255251038618315,-0.07984228545640658,0.07791404994976647,0.04231869224204549,0.07665444305761528,0.0871089691373486,-0.06044513086077586,-0.04879148648749546,0.05094636123364346,0.06919276078388319,0.008590573289686508,0.14093317270187597,0.08837192451291455,-0.026273253185964986,-0.05612296489096045,0.0015437645550637838,-0.07172726613881465,0.0740388123935539,-0.057455589201218966,0.09014480181220783,-0.07898832755555826,-0.009020399435570994,0.04233282555158907,-0.0420861554690815,-0.04992955300937969,-0.04334613181902843,-0.13706591027788462,-0.05001750478076017,0.009090871953188352,0.00427071547876997,-0.07375915485055044,-0.02672630912372032,-0.04409448938035974,-0.15821385489440568,0.05220301004131995,0.0614955756474782,0.07115895174094833,0.09762359945421828,0.048815582180236704,0.13207403642273724,-0.0018295942221477832,0.13223168943578134,0.04141361446879626,0.04549540930280913,0.05092430272183718,-0.00514285951774011,0.027405348185181293,0.017059922398370602,0.011267314619502384,-0.009277840088047393,0.014035712890348419,-0.06533086108624493,0.048846876207570056,0.1654039781776743,-0.07571473246805219,0.010054229698620035,-0.028244649782111737,-0.034112471024836576,-0.06304404636468898,-0.1173402434215282,-0.055904606074102484,0.0375943875118392,0.03672780084985471,0.10770247928997631,-0.04055274772619738,0.03960447335631714,0.05107913922002759,0.012801323930242995,0.042115889012022144,-0.02665543006857964,0.07802011189185373,-0.014647365076560259,-0.0028781749659086632,-0.007972194103018882,0.07634481970986051,0.08818960684500544,-0.023263018539528953,-0.023449963509419802,-0.03248195534545555,0.0727629602678914,-0.020553787444545543,0.03851329133757832,0.014270136304859213,0.06511460585656702,-0.033676844756958625,0.051899398344425605,0.09120745666680462,0.056101540386272776,0.07429861961106528,0.0630770333254375,-0.05811219523378912,0.03214578777484597,0.03909246359708851,0.09074314652105073,0.11141011325338179,-0.07817199183450424,0.024703105558131443,-0.056940686350591206,0.022983742187993105,-0.018200454414623965,0.01900668166330065,0.03689380540697939,-0.033004401095903454,0.014235714283416044,0.0011441942262085535,-0.045110299656228786,-0.034757526148806485,0.09096081494896521,0.06992002147190626,0.09242412627034054,0.04199727728991098,-0.028360497062912587,0.10623854197735011,0.12670122130146494,0.046393730289596716,0.0912134562664277,0.17993584891804007,-0.009504303571556318,-0.01869076818854333,-0.01657178503082158,0.0733934841394236,0.039264993686119125,-0.06638773825077031,0.000541267503936947,0.110752488111982,-0.048804884897195026,0.05301941166624802,0.000549532385890018,-0.11721408154959609,-0.09051439120376781,-0.006775517115141821,0.009837397781386741,0.007070608724996637,-0.028248399322226767,0.03889934195400618,-0.09595176693567875,0.019999290177571006,0.005720837708035408,-0.041558662378987386,-0.025822748877520365,0.06601831290025213,-0.05724385236766459,-0.04285786044057562,-0.059599694451346025,0.08179347107472144,0.10149747128039016,0.07295806522959092,0.04000191733130516,0.0862902137723073,0.04598335618780428,0.07126488698049271,0.07180129265352327,-0.031415732835053965,-0.042874675507681315,0.04669908178992104,-0.008485652961008248,-0.03421517204186769,-0.05045370994268153,-0.06781030251173348,0.042134169983020865,0.00042123934624242314,0.05967276350878357,-0.025359464838854442,0.12653951900580657,-0.07166711538023077,0.0021996311941000373,-0.05539602183868034,0.03296152918420729,-0.06289466699988824,-0.012763790929359092,0.009559984556013777,-0.03734677648209104,0.03940251054708424,0.030367031158682865,0.09740724038926316,-3.0500238048941022e-05,0.09926509868848202,-0.09605326816030381,0.1506765224310335,-0.0470025170378288,0.026986282376654746,0.024570892293295024,-0.0401523786555898,0.005795871447180598,-0.0476522445820592,-0.03205378251540844,-0.02440973339327925,-0.05793867837369976,-0.01447425524572244,-0.005426986527482191,-0.04958185516806945,-0.0009126786910867692,-0.10798370240566589,-0.05117057606936928,-0.01206172856176876,-0.057832887744828976,0.056045903007870636,0.05584201805034299,0.06143746795918818,0.064965361475801,0.12893664782214795,0.08029544019644695,0.07461950687027767,0.043064215055557756,-0.006092468092909365,-0.00938258915804293,0.006380533149953993,0.03193622478123824,0.04098505564769815,0.1156189480313749,-0.05295936155093463,-0.05262530407173783,-0.0471654418444035,0.10094274318578933,-0.03045092840808834,0.051217165545584455,-0.07696302204479197,-0.06392523372436051,-0.0559558757329346,-0.07385697731600818,-0.030543150588797294,-0.13655124821287376,-0.06741828218529008,0.01009220255851478,0.07225681875328653,0.017187138374278037,0.02067524491577,0.031288718839023656,0.06662716979725673,0.010796152131092395,0.00021463929442216203,-0.0836126759840261,-0.03065385455368651,-0.08508502057164945,-0.038517578406302246,-0.08731483153115487,0.04536650256269142,-0.012452532141777231,-0.004689482014383368,0.05185388331758545,0.047972066424087724,0.021535983870748038,-0.03491999172014425,0.0047882279278249704,0.06699758770950064,-0.0024291095304466224,0.051164896320074454,0.08734944144345165,3.06831964091672e-05,-0.09905952744847012,0.007780065847914625,0.06607478191380094,0.01854843110842165,0.07076494239756144,0.044726900246921254,-0.05910780881328441,0.05896341377495977,0.007775339250031185,0.017333281614134492,-0.10933136103510005,0.03818017237748521,-0.019580291972693266,-0.09860516489649061,0.007813305671030052,0.06042933011189979,-0.02030095916239116,0.03830223473859304,-0.04516996920684404,-0.027868633818031733,0.036749488067743974,0.03912798728610235,0.022443637832829107,0.007227594067383031,-0.0908128166503461,0.09702587167828607,0.039608614210601356,-0.01445394092533508,0.017791185815767278,0.026807743274689315,0.05977251960881812,0.12480167053341228,0.13965060833761422,0.12170379504083037,0.009100023380986415,-0.012442135768782347,0.09288789629796886,0.12021022445236405,0.08211008558701029,0.0966733851324855,0.012716315195671967,0.029739935928700497,-0.006972402829205712,0.015565992253710564,0.004054109165460598,-0.08065206604921703,-0.008522546246985271,-0.020206706806327374,-0.050310708017384714,0.04879519663345165,-0.03848751380473101,0.05224385552935024,-0.004528717793938328,0.08120001157436488,-0.04793275149163501,0.08322537434282773,-0.054209049835089056,0.014279164207859414,0.009645560489726535,0.03249431583276113,0.027774095280203675,0.04771219377699185,-0.040423635652158424,-0.0007895280074642476,0.10689597138566767,0.013249638238313384,0.03945278199058213,-0.04818844897809877,-0.0465561865681077,0.0527609794663097,0.11915014549409282,0.042448336033053674,-0.008760560514509994,0.05834832221308588,-0.033260581736633904,-0.055178823276022644,0.0017267107663999617,-0.058375465262081525
0.03965075927008757,-0.001125701077947627,0.021960423624246588,0.030026614999413812,0.07280689105868102,0.03580554840187494,-0.03472649300612555,-0.006010194332686794,0.02878848158039083,-0.020925909088148183,0.04233535035479744,0.0021373529341817223,-0.06465279269564672,5.84185223059205e-05,0.042652839864610693,-0.018911038837406396,0.04159294789548203,-0.015082242751489528,-0.0571631977710745,0.02934947120137385,0.02204107050442252,0.04000850150892742,0.07419860851387299,0.05503894367975291,0.01877547948414225,-0.05517777256544793,0.059793844676715016,-0.03401163775708713,0.028349338185585597,-0.011467360809584562,0.0032484292965197907,0.0037867762584255235,0.03800585774155234,0.027135880182550462,0.015971192964224265,0.011828583830169862,-0.005887429780041863,-0.03364692835577432,-0.004080542090257318,0.045600958005855834,-0.05467720670275886,-0.026379598126953077,-0.011670397190115837,-0.055845940534643784,0.02182780062383497,0.11072734339863963,-2.0933116643469946e-05,-0.059798543552006075,0.009080060687616081,-0.05440728508513177,-0.0051728756709237805,0.026316037977296845,-0.005368381811077249,-0.07024120473984687,-0.00908697935981815,0.08173647810393594,-0.0063486198192216035,-0.010448189148729484,0.02612727466901613,-0.023823898776413974,-0.016845733304659796,-0.013445202873484441,0.01629261900163207,0.011810179619459397,0.0664306797192436,0.052165539467531295,0.014746078150357436,0.009265972673696141,0.012374527073848595,-0.07970701105803163,0.03675675416135661,-0.056881783642287104,0.07891319903454498,-0.08293331989229485,-0.03267214260526343,0.05351777991050185,-0.035892756726616216,-0.03370189081259482,-0.06111964302928426,0.07193553693412666,0.0576163598298052,-0.08634539374191669,0.014765409117112417,-0.003230688672033569,0.03922147313295556,-0.10533529609061251,0.018445146760252062,0.055021568506516724,0.07519809479661645,-0.07482739847545412,0.0013561722775081494,-0.012855506459283298,-0.037494940394427335,0.0023237801937936583,-0.07772287093363618,-0.02544629332456167,-0.025016685325338933,-0.015084775191946714,0.012995744932553753,-0.003350295580969382,0.004128446645761833,0.008240386378182628,0.029186701666179732,-0.08640373699048264,0.08107191318671898,0.04857785349655991,-0.027170174141746092,-0.03721855152101646,0.007643705087934995,-0.06245456457845236,0.00125770706463135,-0.04495948374848344,0.022445525647061246,0.021020394187062634,0.005868760397540618,0.03430858188206799,-0.057809314491752084,0.02375225696876277,0.02231196827634404,0.0010357430499972722,0.045772495859359226,0.00965463402888673,-2.7832747282644517e-05,-0.0038030717558221122,0.05683623243947125,0.005433912927086992,0.02280099185988404,-0.06911991618674487,0.01989291642233333,-0.014944906112478017,0.020585276093542774,0.02881444164625691,-0.032846568967883724,0.0018673509774548582,0.013864094086515968,0.08607684152406088,-0.03782589550201753,0.007293460359893213,0.11092021353416298,0.04106273166927082,-0.021253766885003328,-0.08838786269634602,-0.0371581732153743,-0.06214839387209057,-0.012612832250003776,0.04300740861945472,-0.0474212514077428,-0.07473678031446312,0.010158591512886178,0.043853213868568046,0.032629612078798775,-0.05367529583957759,-0.045324703400568316,0.000986483179382056,0.042851446220874286,-0.009382040953188148,0.003871027321489088,0.007269823286463647,-0.010488964534382545,-0.005336736146440286,0.05909937814925068,0.011422336237533741,0.038913282827613666,-0.05641496535932732,-0.0039013974701082284,-8.14380111480646e-05,0.006000572161687209,0.007426316941569216,-0.019632537047751485,-0.020742799992998547,-0.024856788020830623,-0.0002746405756737751,-0.013657358076256596,-0.050821210402301226,-0.06909100836311202,-0.012739155546986826,0.058313376821171235,-0.07842427687751424,-0.02380083430263911,0.0383763443960851,0.015978038450464624,0.02642383267544197,-0.008439072577855353,-0.02587949808268107,0.030457099962362785,-0.05723027463538617,0.04393705401269015,0.013459240697606244,-0.03603655888532136,0.04218835988253262,-0.03153324880451759,0.03388950174990515,-0.039042005611978306,0.08134162170347234,0.024220483181439077,-0.0148210696006373,-0.06115970462007299,-0.06719672447172446,0.0423125172213025,-0.038209037856062465,0.0819752730769904,0.0069243476869073435,-0.017248595764664996,-0.03853368942400862,0.0227605550400818,0.08265365776424435,0.04482780548963416,-0.01710235522082875,-0.06601555053649301,0.018274472386399485,0.09030969414562964,-0.02964264763579207,0.02587471173007886,-0.023016758093408432,-0.028882937889844237,0.005376847709288835,-0.08186523686737521,0.04320904251143706,-0.00858052981102892,-0.016686745113725688,0.011081047803515572,0.048766561993710676,-0.028930550484023872,0.11172294058233301,-0.028263375909799243,-0.0005775306128042418,-0.0589063335708476,0.0176902197927495,-0.044181927539819706,0.07703063069285113,0.0014030513432183877,0.030167197376086457,-0.025485756787893964,0.09552712442301939,-0.07833626081185714,0.004737103362060598,0.02694608455977542,0.003003078263292343,-0.06883626838488308,0.009160846112701368,-0.020951788983103993,0.046696923071072,0.07525464223736818,0.015380267808180935,0.03150705621481659,-0.004246621554057076,0.028192831364766878,-0.01992144714991317,0.024783121263956844,0.00035254037872411813,-0.06557571979544997,-0.07051261964386041,0.004855193294108624,-0.004909275817420697,0.022920603538433226,0.03967730529321132,-0.030767888062333885,-0.06699723234451287,-0.002979437271616593,-0.02911142942205146,-0.026981625711049197,-0.027603313729569708,0.020600418363615158,0.04550641501633865,-0.016453165695436877,-0.04319124900932701,0.012065905005626047,0.024582770167081214,0.020932748503824167,-0.03341279479647394,0.03577052586258131,-0.034542109450759154,-0.005863444278306376,0.03468502075270131,0.008577501633990216,-0.0636432161616468,0.007317855638095321,0.046675969093607356,-0.08867495531827414,-0.0004936951059801402,0.06732707234824381,0.04556779346178665,0.03197572173549439,-0.04395121640209315,-0.006558065647098788,-0.07588669220821526,0.053436259498910996,-0.039981464647786395,-0.004528769908495187,-0.02693626872348669,0.09421117437973375,-0.008987407225245448,0.053935950095781476,-0.01603973246411149,0.027009493835583046,0.04736955098180773,0.010304875362424536,-0.03756772582762498,0.030475573462671646,-0.01042566524819968,-0.020041929602878653,-0.05129110353972579,0.02565786993767294,0.025817771381142263,0.0014463728885790222,-0.02962596267753998,0.007013146212323751,0.0007833276625974729,0.01120429863037312,0.050241144184013604,0.029588379487044777,0.04480571925698198,0.03721895335329231,0.0392943848578082,0.058507100832341515,0.06291023497726328,0.033300220400059304,-0.02198046310967104,-0.054148971138534494,-0.010421900216835155,-0.009704034297910079,0.015226858331064227,-0.05608785819833194,-0.0537086138450065,-0.019226197996433228,0.0055434130823464834,0.013870933218180894,-0.035040685370808344,0.06459959929062796,-0.031767355521074986,0.06315943848014757,0.0002349855538216494,0.07836840071866576,0.0028807604636767957,0.03472009249201608,0.011058203585086407,-0.04141215078931444,0.025650957519303786,-0.01842871369157687,0.002811408977174985,-0.005443253506531127,0.02380443205957525,-0.003114551622448812,-0.047729166820288854,-0.03510256013794481,0.047832196146091466,-0.05258027035114747,0.041643308204078376,-0.08479217576324537,0.03937529259511429,-0.038082200981928035,0.01875188972063847,0.04703640376794088,-0.05292412850518186,-0.05515254431028678,-0.019010320019734867,-0.007691601533778165,0.0882143517457986,-0.007046193108398624,-0.01497849219055324,0.0010871910076259257,-0.035278764284417084,-0.07098580094701815,-0.032733620437371665,0.03049796161770025,-0.06170933668176036,0.005882243940533781,-0.06333519365977712,-0.10247098412600755,-0.018330366976120425,0.015667224105659842,0.03434708172403795,-0.0294674169936716,-0.012778383099614266,-0.02687739855126846,0.10297493005483785,0.004078015387939068,-0.042007191321161486,0.052977267460339865,-0.03894149775432388,0.04804225151724338,0.03288653694302256,0.00694823735087867,-0.0027664116942218322,0.059681490247435375,-0.08872612830354759,-0.032801487917898935,0.011247527082932854,-0.0165176440630784,0.011896375832816443,-0.011840643379889305,-0.004266558351357257,0.09408108845738282,-0.08197402609862335,-0.05231455715608465,-0.022184471589289566,-0.03084963827638595,-0.03319465983841163,-0.03720084803698374,-0.006102383502725335,-0.011533418998341425,0.03337106691064623,-0.022556879800804265,-0.009493036005580767,0.007190307367311197,-0.02861009851964432,-0.006633659234372383,-0.038597315826865215,0.0013779086879154008,0.04976345284512102,-0.019779313988237922,0.017549484978269168,-0.09800298885797135,-0.013805749998057108,-0.011383505889804052,-0.06568847551098535,-0.04962289940676129,0.01501837644428119,0.04024602055975522,0.0095104438251383,0.09612078982685811,0.04110004634438786,-0.0020276808912279972,0.007332586110501227,0.039404493346084535,0.007369939967076167,-0.02720443878687075,0.07189801954284196,0.005763410517378829,0.0043079140547084265,0.007700998442099632,-0.06423738250941045,0.0709180670871094,-0.0563153688260403,0.05942854934201635,0.029861729008800783,-0.04679759984794552,0.03870071902581018,-0.05397649891852807,-0.05275662378793547,0.017241750678608902,0.022288203824318478,-0.007638475869385908,-0.005347951519325325,-0.05814626926727274,0.0241214544557517,0.015402064691373936,0.00531497802726682,-0.015083840306309045,0.05665859677177412,-0.021834707613008524,-0.0878156689879266,0.00577513934757862,0.01080300000763287,0.06630388787085767,-0.0036575243665476864,0.0164412416252035,-0.03519441353571746,0.025076154821219325,0.004857704558337598,1.3222471157796607e-05,0.05829540599317468,-0.004439583052674427,-0.05280505198074264,0.019876793740317297,-0.004595552208031058,-0.04257852373628936,0.01637071966822235,0.006491759135100665,-0.01400529554867764,-0.04349671565840943,0.0720269197609356,0.043450716212643306,-0.10063391973903987,0.00524261105910497,-0.00013945527938404934,-0.06887751331656064,0.023863939367534927,0.0238969925132952,0.11646717649541859,-0.04238355450269348,-0.0039027793780656433,-0.11603635059730365,-0.007059314967139294,0.010808362622244319,-0.009184451698682355,-0.050310663780436644,-0.0029392969596757222,-0.01620344196840744,-0.020329866672043503,0.03767541310794752,0.044287199410167566,-0.019361214587366615,0.027094283409166066,-0.017407175590780238,0.02459807895479176,0.007974561017404978,0.027261333633530994,-0.026407616369072545,0.02899306082765179,0.008395072599279987,-0.02505352454892641,0.04995644148295626,-0.03691882738515489,0.06353956802336243,0.0653570725335168,0.017420998346371324,-0.011305038770600717,-0.0077478528606200695,-0.08457051130147912,0.06433860056743707,0.020065695418122698,0.0076242350833762825,-0.03413871944176428,0.043985227584633795,-0.0036203768597798183,0.010653886355465981,-0.008501326410505015,-0.058771197507073526,-0.011551591947257642,0.07365912970412739,-0.040859029837166584,0.036598673055650864,-0.002896035152341179,0.014519266373353223,0.022532376031869205,-0.010336465770170049,-0.011029754201705834,-0.09699644787986042,-0.03799023681881781,-0.027437311399992198,-0.11406219552172135,0.050843632231947995,0.004636672551207838,0.0401334614710498,0.032447389430843965,0.007543075167223852,0.01223775345292599,-0.009649649543174824,-0.025177902113328435,0.033715678681175386,0.00024175744219865846,0.012341880388415279,-0.010730200267706103,-0.02211367337275059,0.042073213701167386,0.011229358723969511,0.06114057523996361,0.030531013991554914,-0.023576969345225435,-0.0009347880193407416,-0.015201944595550753,0.013036327922932375,0.08980732069135006,0.058377509017698705,0.005044442872124538,-0.05419819988917764,0.07402777453955403,-0.01897240106943502,-0.08314596475746074,-0.011093580871655523,0.02116755862300866,0.08996946889846277,-0.09775636263752174,-0.07025263090731498,-0.028354524717525198,-0.03319649762500831,-0.007714255042705162,-0.05448336168654448,-0.046751266625450004,0.054439998402441396,-0.023593318657069724,0.0033517490948442425,-0.00944577129731941,-0.04159727229498987,0.025503321391849805,-0.06276341192042129,0.05386372008856704,-0.018907154174564126,0.0006170183215873955,-0.02731325058459722,-0.01445708883938102,-0.00741311575655004,0.0161424921001858,-0.0028549714564790646,0.039089723688722586,-0.10204988941507338,-0.046842559655119416,0.00018428814711936133,-0.05398358783379142,0.0750307214442163,-0.003832063873780169,-0.015519549727933813,0.09135173437358289,0.019819807272133085,0.025285489237751244,0.04686202288604233,0.018973965990493256,-0.00026067050327636374,0.01858870861719484,-0.03460868077862521,0.06161511045311197,-0.015696165380570573,-0.016796340622250213,0.021174000587358917,-0.09125556151897224,0.07353477119429283,0.02452162579022723,-0.00970104780098936,0.06824791757741748,-0.04200259726568764,-0.008853554156191134,-0.03621084060519958,0.03203329685008107,0.02192746962918954,0.002442290525271456,0.009008175411713986,-0.028700097711053352,0.07515453461203508,0.10287091355859164,0.03596487352215793,0.035729855395632365,-0.013250271500649833,-0.01413630617056297,-0.09244415939676305,-0.03189129975033113,0.0004967123090377886,0.036388554383719275,0.04824580869584408,-0.06700893452280252,-0.045020119544153456,-0.01347908904363187,-0.027234271874811287,0.008057489797025535,-0.0039120456337844315,0.04747740167004933,0.03578401356213713,-0.031597552066018934,-0.015968359260080518,0.07515414159610709,-0.05752353477119609,0.006653267349616995,0.11140782070500624,-0.013754404341394999,-0.07296955702506067,-0.051464073405099224,0.01976831968044575,0.004200378116617649,-0.09097889407779876,-0.04262059739571443,-0.03466800476169213,0.026477518765998687,-0.010780398785029916,0.03640736685411125,0.020816799329818208,-0.003381209336645989,-0.03074728513538841,0.025499042714867696,0.022547114959145912,-0.07317943167785661,0.0006093003955335159,-0.021517242701159758,-0.047968830701829016,-0.05570797652833605,0.016806142161672925,0.10779278834499488,-0.0280853032553805,-0.04523243692245105,-0.08695413979521956,0.08804261867989442,-0.033834236961527375,-0.06285670014291003,-0.06014838110802766,0.0401191553761289,0.023112471112200116,0.0604217252643613,-0.030939800640500774,-0.0370265219176341,-0.023903806127853176,-0.009422028385430806,-0.035192496546362556,0.05083643977459696,0.03201398179182226,0.012971402117349979,0.0313995870354923,-0.06988983918553772,0.051292251882897516,-0.01265711104112667,-0.08256556240944961,-0.049274071616440714,-0.014903210431201075,-0.10118272351773071,-0.008875056086446235,0.0022215352993985027,-0.012851897485353968,-0.048805239504930056,-0.043429026361255924,-0.023324763731473613,-0.11011200201785477,0.039759412895833186,-0.006693684759421898,-0.0315932791107155,-0.011872177340547884,-0.021237697635481077,-0.06826250939181748,-0.026819038919935447,-0.003218697066281266,-0.02631580448198386,0.024050722440284732,-0.05020349415652159,0.012230860328763226,0.013850375631308788,0.03332833262937846,0.06284491572408991,0.029031467707890946,0.07730566388290293,0.054276012005510764,0.01875936829178011,0.06948978624293771,0.04873248318170984,0.04271430993826652,-0.05384927575556386,-0.015081045567545241,-0.009846663283322656,0.026374378145420797,-0.020891909438846848,0.032866097263994073,0.04823264569248535,-0.008663180648943588,0.0044134216285060595,-0.02838666480666185,-0.01296655177751784,-0.021994985246045488,0.00437594635412577,-0.011128362854086854,0.07185947777396216,-0.11280541601950106,-0.07869374925476896,-0.018493189062782796,-0.027479455787874793,-0.022003908240421144,-0.029299773885699543,-0.08380553097685117,-0.07814359782564334,0.025844242401210877,-0.020433846340702517,0.12437055934616405,0.027356226125415162,-0.02528007348604296,-0.03172054542485555,-0.11746393806697575,-0.005336936572577443,0.03792600772328195,-0.03604555482458353,-0.0051170951715901435,0.0221111101460454,0.014454858886621253,-0.031115738784355175,-0.09263585502928662,0.03964833364737079,-0.12231692203858427,-0.025116940443687643,-0.028451718492976178,-0.013189615900430909,-0.048002093239705265,0.04272008322086018,0.06676521293422572,0.039702342179677955,0.0063757193628613575,-0.025046890294285598,0.011280533461689982,0.015336987541775602,0.01784352667281972,-0.08056747906468216,-0.0861291653847267,-0.024600964058319637,0.017959571958638905,0.047533478802162056,-0.04437975236247466,0.05146688335900273,0.06229706658181965,0.05258200120416559,0.004712709704117611,0.02489405536031769
0.07258011615329621,0.08089493019731775,0.011831766562406218,0.048796674870104084,-0.04050412066622972,-0.035005356034620926,-0.0025123804105203745,-0.07641908193917663,0.11186695752329147,-0.025086822889178777,0.033112672649834494,-0.04917270179323779,0.00661017242646443,0.10590415707595854,-0.0047982495404625975,-0.025033772050738513,-0.04349038906566651,-0.01476486777877773,0.05709071656325788,0.01634223110680081,-0.041618827633964205,0.06114285263736615,0.022050218731055626,0.00012144442000510838,0.01756012098053812,0.01262724129992488,-0.038662716561066346,0.02851988257908457,-0.08811290709658204,-0.01811135181087087,0.06071957021450989,0.0215876067522144,0.047326961934726054,-0.020939476738434555,0.03474125586736527,-0.020621984836201746,0.043666977910873664,0.05728029994910422,-0.011185714057885703,-0.00776660894140017,0.010793151040626678,-0.07602324301891322,0.011552002711072911,0.025074889989257974,0.06999317376945725,0.02631729659205624,-0.029039044821508108,-0.02042331638069556,-0.05367226669820183,0.07460105805803044,-0.012643395890984207,0.0035250538819898373,-0.050621166934180055,0.07861948179767529,0.03273503379491893,-0.05057370057749258,0.008505888612402202,0.0024644912242855342,-0.020470712184839163,0.05643710581479011,0.022474146418013503,-0.03801210625065078,-0.021267940856243006,-0.01927988234182715,0.06695388087695268,0.022483795562051222,0.029467344858169892,-0.026941198870765005,0.026717912771255202,0.02358988033925108,-0.06259252177058759,0.06537727548104084,0.00303401133916532,-0.06709936741380532,-0.03144449074876592,0.06751474721650455,0.09861506261010192,-0.09777685410500345,-0.06402076122163666,0.07898110966911324,-0.024270648052047546,-0.05305647731567846,-0.022402000959578734,-0.002893817482683932,-0.05914487170729322,-0.11744428444731028,-0.0001852386504700497,0.022005096451498812,-0.05417189554054397,0.015788406549412288,-0.003965053596284017,-0.003674141010747446,-0.032736250526188684,0.01573182162701868,-0.0005363997293549819,-0.08304284684242855,-0.015138429240874884,-0.03998438743352648,0.06996295298997458,-0.03692790576271167,-0.04972477023430811,-0.0037312472096022167,0.005692115634817198,0.0511401764842007,-0.00030772764095766264,-0.0708984771615374,-0.008708216157635635,-0.004515085871819115,0.032495565418495444,-0.04361927862414136,-0.015208315171987525,-0.02643156016532297,-0.06445319115032533,0.06054653738537071,-0.0079294845983318,-0.030660610902896405,0.020730946918673134,-0.039825396475665804,0.04130057036205533,0.05454793172489191,0.03964175702700908,-0.009008052289655136,-0.06136447729839617,0.035744939617903045,-0.0019188379996360715,-0.0032851243995262874,-0.018365951624173985,0.052885653717391644,-0.014560714068274312,-0.012314126605751877,0.0007434985785635716,-0.030378162880761065,0.0015841195748621357,0.049209621869906274,-0.02969189624375454,-0.03809613348806555,-0.025568351565235767,0.020121609435257683,0.027795897525666143,0.0691760910079689,0.071108896155843,-0.029330039806657646,0.11302743256477445,-0.003710210925419795,-0.06984347441613101,-0.01921779283611922,-0.008172288722009135,-0.04619698108490049,0.009679997131740082,-0.029601162677089655,-0.030481606657665847,-0.02895894655741752,-0.003343704255405825,0.04143297290064555,-0.03203052207408305,-0.01937521110249934,0.038612060662755236,0.024199454743925892,0.057971632051190526,0.0018016126801005522,0.006001878171028165,-0.005428006187312218,0.07593469182701666,0.08015924578931263,0.02116122736817369,-0.03890372160791712,-0.028494893763764288,-0.03364131993324137,-0.012748337724348172,-0.023826126052574587,-0.03419682537173746,-0.04933049824959744,0.03781095522359385,0.056100229685308936,-0.048793467617638905,0.03826597694407752,0.019651995802897122,0.010489821612181182,0.03357671175901433,-0.0025630053039808268,-0.015153241568215637,0.005757053013679834,0.042153309050301485,-0.02534744360348383,0.05824814169699492,-0.060082308142002216,-0.0014460040120115407,-0.017682618679813085,0.011568491975052716,-0.0633769614674672,-0.039757722160291595,-0.02059966344099419,-0.01866829167747685,0.00550398046004372,-0.0841375327433503,-0.07969156956444266,0.06402944608929659,0.022562672991389674,-0.010342704919371195,-0.08368054413445555,-0.06478745026073059,0.02908949006526771,0.03338456291666529,0.030869962799995567,0.021964409755570607,0.016394692256432947,-0.06714456180086553,0.11753341561549713,-0.013046931825551654,-0.004004089342493616,-0.019635315146282348,-0.0896450350645256,-0.023828794389399156,0.054611458485115186,-0.056999308366095416,0.0024949077515403727,0.03339944495662294,0.037784576707030275,0.008781664338109894,-0.007671942130701106,0.022572832123441515,0.05303224745845589,-0.001638879597040628,-0.0021239915694806384,-0.03873898498044765,-0.03376208585009378,0.06601614567094821,-0.076434634781777,0.020576195380556238,-0.013457222913335495,-0.04922768556512665,-0.07332932312820627,0.03961402002907707,0.006229398039045703,-0.005447845679944449,-0.01012266485834498,-0.0478172664155519,0.011915095894937663,0.017960202269243296,0.04715183159550636,-0.05722939774315655,-0.035328276981226474,0.05917734825904611,-0.0504867397325669,-0.016030498528522286,0.02136381071192866,-0.031003100579131342,-0.014507394493905383,0.06228469690089765,-0.028592816842962325,-0.0030574037749541093,0.00787661986712678,0.02319343346060997,-0.028857329018631903,-0.06429547906277365,0.014871017606935771,-0.05285659632443219,0.04694024460549222,-0.0035467778721913193,0.06686934241611052,-0.0008589244484837819,-0.0603884269922339,0.008976374157978823,-0.035266311560646184,-0.022162623888033903,0.010423343355791818,-0.024809691032228933,-0.04084380869451463,0.027485824239215518,0.02298727725729663,0.03350306994062406,-0.04887374553698272,0.04765811060160692,-0.08196389802067647,0.05507469658315672,0.06308945514560989,0.014109105257181473,0.022042190368282474,0.06414555428095785,-0.03983112011982212,-0.021643440906947004,-0.0225468479746941,0.1014165643851005,-0.0010627081107028602,0.08640940058870476,0.0260693341693124,-0.012092902265654308,-0.11567505017711412,0.06384248542584924,0.021943777353176975,-0.037934175225763436,0.03330257781443138,0.053382741401373446,0.0009952662950060444,-0.038366009660764394,-0.00599165802618029,0.011107274880890354,0.007658889876233472,-0.031640375673556924,-0.006895191040536699,0.0008737239944567952,0.03561212755746927,-0.05357924431597009,0.02343920652560762,-0.004310305950704151,-0.012093343296794071,-0.03398400964562746,0.028176811901815226,-0.029880729845234856,-0.0003984718357153451,0.03713534462647092,0.08902314179980589,-0.04596548888352437,-0.03410521081822377,0.0024630163463609613,-0.03155347874772775,-0.009972739176067159,-0.01863412753871831,-0.018940751720106022,0.0054570975219022195,-0.0023415338040009763,-0.05774406422009864,0.004407562476941243,0.02541712703762271,0.04749185069015667,0.021431754478172357,0.0361430153017968,0.1046794628228862,-0.04251492240674188,0.014200097081067715,-0.027082591419824255,-0.0018055903607475281,0.034254508112266525,0.006777549910018073,-0.06634977166056201,-0.049829195602054385,-0.04789127629599653,-0.02705701256266949,0.063328338803805,-0.03881931024175233,-0.008144287846855369,-0.03570836319309616,0.02687477497909832,0.009112523427334993,-0.03528832769769458,-0.0437640789155114,0.009094845237610965,-0.050809727498618076,0.045752185603586445,0.03692190470514937,-0.020988655006581404,0.0023623187186384872,-0.024145512023405858,0.003095800083595115,0.042745040943031484,-0.03046240542357475,-0.010654161813184137,0.03836942908302584,0.05255773504796741,-0.0064409571699957325,-0.014153840491500182,0.0677007730867575,-0.020334676387932044,0.00977790727734213,-0.10696985544485219,0.01019299946537521,0.05717478986556016,-0.08220897624402658,0.015744658770823584,0.013547144418412245,0.03226911059199588,0.051536600646436136,0.0035054711879071673,0.05136252065783728,0.008122848399300959,0.06753589469194796,-0.029732662790086704,-0.003447139704404655,-0.029951730064755294,-0.01308786857554532,-0.04305609083560405,-0.0223881553549586,0.004609053205100111,0.0016107274952055985,0.0012043190807501905,-0.009195354757316957,-0.04419162217720209,0.009249753477458943,-0.06516380090618402,-0.058711450629178916,-0.022878976439273377,-0.01784817085610243,-0.005702105258610656,-0.01784174592914938,0.03606470668620673,0.08653207876247607,-0.007573388462311341,0.05400087549032151,0.0048889236356921785,-0.01155407024901508,-0.032434512227178004,0.051438587791328746,-0.03831604040808231,-0.011122623458332056,0.09284894970393372,-0.015796846071247213,0.01099348619894618,0.013346529969405859,-0.044779488713878546,0.033411908003908634,-0.030789285942108252,-0.03977406901446558,0.03766752070632347,0.06458973767425227,0.06886763822206779,0.04950505030944659,0.05576166566631945,0.012087049450563653,0.003297495735415356,0.07670916317270546,-0.019290568367361552,-0.06807552856286442,0.005513819609479536,0.05024347744551388,-0.003229033893863624,-0.12213027225339884,0.030231271113911298,0.013839671755504003,0.011418693263351872,-0.07641791768628108,-0.05575959116266172,0.00967776196748116,-0.011381385449942875,-0.012319962674522624,-0.012830738323295695,0.04685517305116289,-0.012686975630665464,0.01744029159677212,0.05075301637821371,0.02318836333868446,0.00241734261706871,-0.015246561954088852,-0.08289549704903737,-0.0008657017333218709,-0.06379480993925517,0.016930879196103366,0.02868512060022238,0.09443159928720692,0.04552145935534719,0.04292701171583594,-0.04762481011095362,-0.001536825640799628,0.030983028115194735,0.01966000760955479,0.013848903862051846,0.06171841707432369,0.02128711076038422,0.04049278798897082,0.009380274914829867,-0.0393932643183334,0.021577825675124056,0.01613624583214466,-0.0013467464088528116,0.03441797964284227,0.018614951732198615,0.00017738692891258205,0.04874550360970214,-0.032602225735376196,-0.00525251758002298,0.04832871738631387,0.03846027583363628,0.014108328743956124,0.009918200560914447,0.02672039430001081,-0.07831581807274084,0.0034779372811891453,0.0030301482928641616,0.02860813998554535,0.08591888030065105,0.004135398410489738,0.043317169189269596,-0.017732762448446272,-0.11888498880996902,-0.08485554763445996,-0.044577669513887905,-0.05642277949379513,0.03002257168934166,0.06401390456815963,-0.02170198779761635,-0.001372132594253976,-0.02836411269625061,0.0060811185852766535,0.023512824017438844,-0.008375999628250568,0.012063834755941362,-0.034700242977520966,-0.001991676744082725,0.043727612296784756,-0.006612441224325325,-0.0003502661782001171,0.09619180153506439,0.031320477920191644,-0.075479203083462,-0.05956347419246665,-0.06629877977150084,-0.00241611652399059,-0.029379152151976697,-0.09047855481121786,-0.021372417808481755,-0.0021772303133652223,0.024490886292461954,-0.028973781509507603,0.05717453054445085,0.014905523217480529,0.0154758338993029,-0.06067679620985163,0.03220752036847811,-0.0027356126467985753,-0.012470667463417701,-0.024844490864138133,0.008655214599213592,0.010680543882798318,0.05337533633213101,0.010217495016762342,-0.015533838937694404,-0.041713452433584056,-0.007248987845103469,-0.04246549065312009,0.04284664395538343,0.008121611063341742,0.03254153396398536,-0.014314747812857772,0.049122933558890435,-0.007027067630788666,0.1129685760530152,-0.06051412679082714,-0.00028900743850413543,-0.017317620404227352,0.045900720731899346,-0.027406255626712932,0.0007774118373806986,-0.055666480757834896,-0.004894350160498652,0.031156988716627438,0.036518657554020395,0.03343910048461824,-0.010416576325876536,0.02085954682213154,-0.087908328150977,-0.013899467000387956,0.026401266803680733,0.012956883952741603,0.0685752017741428,-0.02776260091314068,0.01651019109928622,0.01559531714436782,0.018028028553008876,-0.005510822186308666,-0.03927549163399824,0.020273297087761027,0.021313276922170082,0.007360272369519603,0.06302933087534525,0.06698391639340845,0.023788729408317853,-0.0183885707615988,-0.024839973201450347,-0.011417044920795124,0.04532923749510751,0.00684244258415352,-0.010089610172996982,0.07420613501287707,-0.0323374100577852,0.008659199736479174,0.005061458345556132,0.03567688055499237,0.0035101795403289842,-0.019681481623910375,-0.0637457946092323,-0.009161133466900851,-0.0019229845406420506,-0.12292735897331716,0.06126782553693214,-0.023580788393611506,0.04713523700585045,0.05251817333161149,-0.03769374875193539,0.07630170249815964,-0.018077094363732008,0.04411302656080507,-0.0698951177039948,0.02147886629279775,-0.062816666935796,0.04892657366337173,0.05623215026414311,-0.01630971084849697,0.0023221077216042667,0.022156566182472102,-0.0030590095098488074,-0.039457032322556915,0.029956691908734262,0.023172710892023125,-0.0008720212675436841,-0.017776748322406,0.055052736985175384,-0.04220791672938735,-0.03230509788728728,0.004637865539535629,0.004679665479113602,0.014635180122483606,-0.012550524126724584,0.03745050852945339,0.04728886517340161,0.0430020604385438,-0.03039351811617646,-0.018944799022949387,0.0992822990867833,0.03195932318288683,0.011642860845836097,-0.11536071710751686,-0.016362693902872302,-0.03178278022950698,0.0004468338202174927,0.024382214582049273,-0.007846808751095426,-0.0023324602278498125,0.004657893952941055,-0.06832669482732143,0.01819899537990075,-0.004824741544108113,0.042552165013307344,-0.04221143958844252,-0.01655738419692946,0.0052273626408137945,0.036974920197141145,-0.00438384650885748,0.012539964017893245,0.0453757327121065,0.0454111552930583,-0.009865488170731993,-0.07235112812805729,0.005158879053045282,0.04776431952032424,-0.026380435662863765,-0.06907963347219048,-0.012651275398282617,-0.06915519561590035,0.007937694394924007,0.047005433073366715,0.07668222498734541,-0.01622649218377804,-0.04198321956507313,-0.0165195290982391,-0.019840709598894293,-0.00628543178083019,0.03237099598905787,0.06439728937771662,-0.06608791068292456,-0.0038006205962341864,0.05098139853286708,-0.024479522677281488,0.07216639936378756,-0.0074395837258931655,0.03237541780049321,-0.08087655127013818,-0.04211679374203551,0.01418303357096344,-0.028517800174464345,0.00911427815993566,0.04636607624533494,0.10589976755602092,-0.07642201930001452,0.03225583738435076,-0.014124766234008889,0.02043923835112011,0.01183655175976215,0.04675991189424969,-0.014337916647571773,-0.060059226571399775,0.0073103542472425335,-0.015365339149369295,-0.014108805230719666,-0.014076165168169754,-0.005636666063120888,-0.0060817417119117916,-0.02437602363686122,0.044629006696031516,0.040652340891989026,-0.041786821666607465,0.05192433828411497,0.028493348492048556,0.020281658894061284,0.02736397737590026,0.028651565592439036,-0.03154791502991932,-0.04878456807705325,-0.0408544551149107,0.015795858826949557,-0.010341655737446262,-0.008486561943143654,0.037033842255623714,-0.035896182836170416,0.041208157301838154,-0.04341734262162128,0.06533221524224704,0.015473420277033632,-0.03513816930459889,-0.03426056074330336,0.018816918130998377,0.0026520162350593306,0.011422035367947926,-0.017329990598334722,-0.0011049847225262828,-0.012201596027293909,0.11870207599563389,-0.06002993322235069,-0.020664182267291022,0.054412199545835684,-0.027135110107740747,0.02201666036924198,0.006429638050186197,-0.002240980070646169,0.04757602088527573,0.03388889046074736,-0.016710765884234195,0.003472441434076545,0.000984100594432917,0.0391443571598387,-0.05451023272125931,-0.08258074509339303,0.01710392825644435,-0.046207624517194956,0.0369931057905232,0.11090212720129312,0.0028212602161340715,-0.03267910187794905,0.06253867570893032,0.03044328124168608,-0.04111558372922536,-0.026348156323987123,-0.12407015366616561,-0.008482955586281704,-0.004602024163243125,-0.010648250760428175,0.015324358050781679,0.06494248418830087,-0.0871580828417906,0.028594746271123034,-0.004247870217254239,0.0603316547655868,0.06019032751853068,-0.039382072284584714,0.11221988046023633,-0.005549889656680029,0.07330950825154875,0.03675826468208726,0.07503719700802312,0.010871322323578271,0.03992904745230272,-0.03356910913867869,-0.04104706553305562,-0.07014836375963539,0.05735066796897099,0.02582402101420914,0.0480166372520278,0.03651192694049026,0.0720078794801963,-0.02324266582122069,-0.011146682268858756,0.06501924505188868,0.018418120917419987,0.05254123837551693,-0.02912613002200026,0.016814854069958626,0.03941045295713756,-0.028301656316512044,-0.04600198505098402,-0.11588951732992249,0.05101669697760157,-0.03374046552286521,-0.04917718104950522,0.045875381685296125,-0.05508172511384218,-0.05726946022632793
-0.040929650333050814,-0.023434757072870554,-0.051499819973772655,-0.04206391061258612,0.050372030341297516,-0.05375234756685231,-0.061084061769465146,-0.016778820568931124,-0.005225526485068508,-0.04049254016076683,-0.036533877247464826,-0.03417700879430021,-0.029749597006803,-0.008610979963748657,-0.05587239210762634,0.018145784146099585,0.03395884465712698,0.08256279084272675,-0.024323578457592386,-0.026751470986450837,0.09448972344575117,0.03192918769343056,0.00605553757311957,-0.002756568059650973,-1.5001113429938657e-05,-0.0734614390878451,0.01118859094674021,0.03288167802437474,-0.00245595029523358,-0.03912026332251897,0.11726633290147259,0.004105928476290784,-0.08812700461423434,0.0795762800577323,-0.04958514880230175,0.03095258532317274,0.02525172233358745,0.004022258791917089,-0.10326752259285321,-0.009143136506035234,-0.025397332023702687,0.03238745097353688,0.024113776025965903,-0.026487610670937176,0.04025165703327661,0.020542268441567983,-0.046655002274801946,-0.014218247275806246,0.08623635662261364,-0.020706588056922014,0.09980583408370765,-0.07347942315640305,0.03512744466308243,-0.12230586046704764,0.07636581983764419,0.04248940617936241,-0.020506380157059786,0.0593487799534026,-0.07734550026950662,0.029601013635586943,-0.007057917484655171,-0.026881829221703336,0.12214094562708372,-0.011098995489554939,-0.05967512134644414,-0.01137943992079586,0.08674681044363011,0.023826600394181666,-0.0957255811603765,0.11008912950589789,0.036665643943269446,0.11115102193927037,-0.003067663220481871,0.009367680858883563,0.1439768523104122,0.12944022321791374,0.02621458801473784,0.03975158844995679,0.03908862699599482,-0.02289362893171104,-0.009369568018996311,0.026658996351661822,0.04199772902301887,0.0237354599926419,-0.03061159381804221,-0.03795741744872904,-0.09327771401085971,0.06948729081100831,0.010399250620279087,-0.076363988938898,-0.01003147551546905,-0.013335271414713986,-0.07066424140037744,-0.004648152900415203,0.003931712733492206,0.010601661601182873,0.13673895155356608,0.07156149435901996,0.13684358616701295,0.10874025102345607,0.2746092721334527,0.34765897919624117,0.17363253141179383,0.09498317523608368,0.10630670883683856,0.008993034959216712,-0.0017014668284542002,-0.006647870274569188,-0.021918708007480504,-0.03410419909525616,0.02242573368800075,0.0787682578573544,0.03708662074027313,-0.02593322479393397,0.0013097522302464503,0.11663023593784166,-0.007545581183552194,0.03944816614785608,0.04748407777923949,0.04795136068144442,0.048677353898548936,0.011033029614998892,-0.03373462917754453,-0.09751607180930955,0.03860285596405958,0.10253372340711824,0.13598177296286404,0.11894623863315443,0.18246241791927512,0.25703894163884367,0.16935530710687285,0.19398884244344683,0.12874471217104236,0.08962359180669989,0.22005482007760122,0.007584804792700106,0.012798216940579794,-0.05904024514996459,-0.06630257826970688,0.002938300868237641,-0.04527025990035037,0.011092226758676006,0.054736097002903855,0.012102599951490944,0.004579530961444878,0.0859916636462772,-0.02185961494911633,0.09779765649061935,0.1942590351249262,0.09963677060175953,0.15001229834491836,0.1953482041589547,0.25715602361378,0.09054080558762018,0.2340025294742061,0.4012999087787032,0.07013215517366662,0.3096525161688547,0.3988414515438008,0.46187727561263997,0.09236777998572594,0.2024191054841648,-0.018703094969005542,-0.043525725543821,0.20837327096712988,0.09558604879759383,0.06659201802854038,-0.059844668882599726,0.047422773176327926,-0.04705229691936885,-0.023593622415657572,-0.050935360244015654,0.005160722583958321,-0.01654439522547398,0.12368740427226119,0.2315366575630368,0.2481404225625679,0.19486849326279973,0.314479926171166,0.43599360326314,-0.04299044972070368,0.21104530890424267,0.1888259326213422,0.025148138426263365,-0.04398638316886086,0.18869322707933217,0.3184397918113764,0.01844049310056272,-0.138801357716725,-0.04144246228501995,-0.19513316786902918,-0.08101233255927846,-0.24906305739163578,-0.14184102295441095,0.12140287809249391,0.1594075407192285,-0.010555405447568765,-0.018650876331768124,-0.07252362436298564,0.0066281684115185755,0.08050507497556654,-0.020164485253347436,0.08818651887936094,0.22203733428937808,0.1391281814470562,-0.0004904365927673343,0.09551259672005151,0.047706205324256894,-0.15330128001088866,0.07333123198357092,0.32485611431209505,-0.050069284855094584,0.40696179770706203,0.08639512082784258,0.04771122666037681,0.1310821189419806,-0.09315309807993195,-0.10062615538254117,-0.13013049196534765,-0.4671215546228988,-0.35215398139848647,-0.1181329946170695,0.18101957875606373,0.11005189308453642,0.05718987069107266,-0.025081173121772885,-0.02152813496215509,0.023622271196142703,0.006786573056616095,0.09877249847744783,0.2478294909388062,0.039622314392393304,-0.013848107481020114,-0.14646102221252474,0.1584441555622317,0.21340619618140594,-0.24729939530871312,0.26877795234698093,-0.18176188709381297,-0.12615306195263915,-0.1542194665691398,-0.01284905455274026,-0.3563110240449002,-0.4335143843153977,-0.18777687843028357,-0.3658411551560354,-0.3028773368802657,-0.22659311712768493,-0.2257908379552946,-0.21082492975889458,-0.10387908699333864,0.03946881640866482,0.011800496904124573,0.03593025789093992,0.0771014539348144,0.022177247830263407,0.0694903493842792,0.08522196845694464,0.1393632179248783,0.02552077266223867,0.002386523986608299,-0.14983143489515638,0.2659002437107,0.04112037563567571,0.10978432115021851,-0.08045967972215892,-0.1270697792294039,-0.05400172709105555,-0.04696922687449664,-0.03312837151841891,0.10388895861384832,-0.016112233049256113,0.13541454074187842,-0.12900790803647233,-0.1671085130569857,-0.07653748813661086,-0.30957188275200737,-0.2938865301792894,-0.10622573254783046,0.01080667492192864,-0.0019398009496267212,0.01833901512387442,0.08057425527167272,0.015173497389229565,0.0791356925872949,-0.02420618115721895,-0.07814795231521937,-0.0021042443492425597,-0.04757893791680432,-0.09428535326206101,-0.16223046758936735,-0.09064077303202653,-0.16035139934207554,0.0003396403147510944,-0.11414511099247397,-0.18134896233604142,-0.0305233780113919,-0.10974847787782034,-0.061962553536262996,-0.27061305028048493,-0.3037905682731781,-0.24396718503775758,-0.17517505700369893,-0.27751654236346335,-0.5331209518741833,-0.6185470601025967,-0.1351109165075783,0.049345176476339604,0.010273356118690652,0.007505538937419095,-0.0444874371854852,0.014756230629942546,0.09898057465770874,0.08734857205936199,0.009698068208416606,-0.16477853853371655,-0.08062085455155524,-0.25401584844041647,0.09643167549142538,-0.23478989900968109,-0.024336590625643233,0.3586237012415622,0.23125995021710385,0.1786309907861442,0.02584682395726561,0.4467241770002612,0.3266549969464831,0.16361026321204888,0.23501986674641298,-0.0036099934037206447,-0.13835127440059558,0.0428352426071845,-0.2806332025685396,-0.309402781853799,-0.11676804932078412,-0.004124443509760628,0.02643015421586725,0.09031922172190177,0.08909192947176973,0.028800460943043477,0.07122360649373535,0.026166911000617563,0.08237985401534091,-0.00590701046692514,0.037908024403726176,-0.16735443702245406,0.018990750780404776,-0.22944570362244301,-0.21875915479972505,-0.15919306263604566,0.044890799833949876,0.1614359451481496,0.3114777352453931,0.753471360061982,0.7023262668024739,0.886178733235112,0.7888214783265562,0.34602102102945326,0.2919617403953339,0.6157752315749396,0.32422562272327643,0.11375790285309663,0.02590455086031701,0.04957040295878816,-0.03235492288268583,0.08176945152231462,-0.007803569118972019,0.016085478204272172,-0.016221654018679428,0.10938971733175078,-0.0065285952420818995,-0.002708243461964618,-0.06525897067513811,0.1044989800971227,0.07986070946544523,-0.20636887531504283,-0.10872521173959011,-0.007411648943558024,-0.007410913862231703,0.061413645045939644,0.3899644524101703,0.2771119811578064,0.3956544990038309,0.7992573648231422,0.5344692900035547,0.6766801124907469,0.7064729484202588,0.5353859035500849,0.3502375634541795,0.14935053311277527,-0.006508703222366796,-0.036581007694203804,0.0006272579559684153,-0.008046573351802295,-0.0020589615307185154,-0.05770993273920785,0.015616690722178354,0.12708019065349008,0.03745054889613861,0.012259736159714912,0.11325485536797941,0.2447763114342679,-0.21762831338179756,-0.04222566843346411,-0.17245500152297397,0.09053675390088213,0.4385038585042988,0.1983576717712277,0.18840006812233223,0.08544846816916545,0.054971000247594735,0.4353029779920537,0.49170242914711465,0.6268649492165458,0.41906560880494487,0.3608331421050793,0.2633380001431575,0.06826492616838518,0.028912467996020347,-0.02348591858703533,-0.11842976692891131,-0.05681562205988401,-0.1405050106132739,-0.057933065395985923,0.04090762105290842,0.016236594506966195,0.1695431873788372,0.35799582298715177,0.10432632820835644,0.03428009604555995,-0.06600415032969979,-0.13673903537908208,-0.009275420292359764,0.391439438633065,0.17125891782716318,0.21491695855575563,0.1259179981652313,0.04145246275879867,-0.15897595298267186,0.04258742523427426,0.3007079109091469,0.2655258321713562,0.34505335669833326,0.3475490315496162,0.22212367682051262,0.07152600245113,-0.06713118249232498,0.024284588533398464,-0.0680397586262327,0.09905733967041161,-0.003220529538107233,-0.053034612659298035,0.08760808465823852,0.05045512522929605,0.20919052424185877,0.22811056185564468,0.1457145140631873,0.06276561131495825,-0.3084921726160988,0.06749902565157748,0.12004653826772546,0.08941773589378166,-0.016022183923688087,0.04611871481572416,0.12661360487749185,0.02038824430255482,0.1126325513768288,-0.05166177190936045,0.19123287368446948,0.12422131867957,0.28716892945552924,0.3283621055140889,0.20914543018909487,0.03482099631882549,-0.036453051054898,-0.07198610565152205,0.12828030798467357,0.021232636051171372,-0.039493999213588565,0.11018880129555708,0.009654560139912815,0.06453486714575997,-0.1390721158131039,0.05875116367564016,0.2314222565366471,0.06984763174843864,0.20969076789035862,0.23052130181509584,0.04324131711079331,0.07593134834679341,0.1731848073980125,-0.035640007333439146,-0.08503250675498338,-0.2655860881042332,-0.16566867786295766,0.06894623740435357,-0.0732948901185363,0.07194451446682526,0.21639813204139247,0.20920959406073536,0.09035013816106838,0.008480938192323258,0.04308647002204096,0.01389149768238173,0.034967615302823225,-0.04305790625540373,-0.028726801951770957,0.030792773834944633,-0.15954988300659598,0.10195559431518884,-0.558584244882912,-0.11273039968081545,0.16675658337685012,0.2292351876559417,0.29226274211235237,0.07577634230656086,-0.09521701946125367,0.2059628893230388,0.1498010692954476,-0.06765496366219002,-0.23639363269870173,0.20310591471776993,-0.010463585352432216,0.07166256827445168,0.05575123674033761,0.07185016332024682,0.05536150160411769,0.09969336222642677,0.03609226491612259,-0.017642224576456318,0.012708167867238426,0.052885174405143884,0.005929622106548782,-0.009696084452980367,0.02868281704581042,-0.03251135076472815,-0.06989716934811845,0.31088585483145564,-0.265188321084046,-0.2993269500971251,-0.2938515243657669,-0.04974382366326844,0.04090476814424317,0.08618190963011964,-0.023822820661940577,-0.23157399377690596,-0.20233023827236243,-0.14936361121924774,0.09800285549688113,-0.04205457288713279,-0.15341943226237553,-0.016104325276614945,0.23166485418627325,-0.053826249334115076,0.011773406533826865,-0.05165320925788934,0.04737292750361572,0.008186346240915443,-0.05454803587173779,0.022150877455146708,-0.02362066238503282,0.0048069156191828544,0.0020561731394666723,0.03890130949865963,0.15872899728410117,0.20165260064800075,-0.024823912892184167,-0.1832491904335121,0.04367045386785057,0.2700041792034908,0.11272437843969958,-0.14211978809171677,0.00115648537812025,-0.005517783580133267,0.2163448456725044,0.14326238712611747,0.05351428113895518,-0.11629295093916242,-0.2426014993318543,0.010367305750695971,0.09132958029964267,0.00872668889216165,-0.04857808179084602,-0.013204038477789457,0.020747633893794873,0.023051043608026005,-0.008453439330589329,-0.017721257712266795,0.0641697535516016,-0.029965042564074628,0.01852628120115124,0.2790224155252834,0.14936525142695412,-0.009221577057072616,0.14699424357503368,-0.015561432909174031,-0.004282785046464564,0.1473146500684341,0.08978240451325814,0.014663243111862559,0.10916471688550848,0.12437755123506627,-0.027835429669315258,-0.008328498810848767,0.10622722135110761,-0.07047212880958313,0.015428393254020227,0.15891602655211987,-0.18461790009378265,-0.004119142972171755,-0.05905397760160817,-0.04857484727581431,-0.03072516980285509,0.0641858214414527,-0.031170360189343552,-0.004679103717760256,0.029946158089809435,0.0059654781512330085,-0.06728711886117443,0.11136895078439078,-0.2508964975898937,-0.17403824523853983,0.006154575516498774,0.1085031543772558,0.3455400114404336,0.02775523222144759,-0.04968759225873066,-0.02859837458883661,-0.03013268541290075,-0.01850523371951666,0.0701085284137469,-0.051255225611715687,0.05789434441990409,-0.07133338352295117,0.001255106994520642,-0.11236312336093532,-0.1417020241491982,-0.13568786454777235,-0.014392278572450339,-0.0035565858497324672,-0.005616228740022203,0.021322685234108296,-0.010691685017864392,0.017524509387929963,-0.053228733133050925,-0.02045663841487732,-0.00840293655467639,0.08065518004293698,-0.21079393611941177,-0.18886768272403484,-0.21850491452502424,-0.16307827759871502,-0.15174176578112494,-0.1398958805295734,-0.23519532148655456,-0.17803953658372745,0.0536312445276596,0.04693986133319875,-0.10385540291394686,-0.09505208849855562,0.06734431402400569,-0.06523268319469022,-0.04741775785348487,-0.021930359084400153,-0.013900399675963099,-0.05218811531434371,0.07774169833571769,-0.037400864296857066,0.005001399864763708,0.093660158889544,0.0036693776914166016,0.16197260672251787,0.06783480398778778,-0.008048319887392836,0.0036891395396074092,0.032180993463810745,0.06488523806767357,0.30966833555443446,0.32312652126680297,0.3097906505111278,0.26472167715418043,0.34319608808146035,0.08939956904792357,-0.01633739591722964,-0.29772089528088264,0.05512209077561981,-0.1740108576167181,0.11361709324690797,0.17261553877617658,-0.14244235167780608,0.08950926868232535,0.03866622450973186,-0.0002046348765614347,-0.002940909552085244,0.07693859273107435,0.013693144902239322,-0.031015722352218153,-0.01363501895618922,0.058848190962072285,-0.028886226932368128,0.08334445831666497,0.02392513096131323,-0.004347588669937999,-0.0314129743963527,0.03547392150119275,0.128533392795987,0.18354787857494137,0.15709302060521552,0.23197557929458962,0.1085860028840005,0.054352675443910724,0.06668050963385949,0.24767134249272152,0.2451162389567115,0.16873433327700169,0.16636505851386693,0.07947818681204089,0.02029442827011282,0.2082692724317095,0.12439986470047078,0.10543025881017623,0.10018295674229027,0.0018354559608799094,-0.0030988524336782396,-0.002471873330047298,-0.028897479306260708,0.01671910124637796,-0.12003509417053618,0.11680014524146975,-0.022413659712192325,-0.010892603854668042,-0.05116223544656318,0.014514350218028054,-0.0034513781867411106,0.06397212902875897,0.048528235415798024,0.205411780270607,0.34865104937795577,0.19287750118609528,0.18561097774926008,0.1996338077971403,0.10253934028897019,0.21190649677232015,0.11974691982313135,0.05753585189992144,0.1486382309654274,0.12638347138603775,0.07756506278758452,0.012686960309978847,0.0682885507406975,-0.01071684784839746,-0.010409312094358483,-0.07046565244252193,0.05164828998176651,0.014142877847651631,0.016168656967801523,-0.18389712856444515,0.015719866536479825,0.01592741737423042,0.046219768866549896,-0.01768607936688877,0.01123081965862067,0.07672404142195596,0.058605365410401525,0.14371387593426074,0.012159601672866888,0.01564612003505947,-0.007556168356548941,0.06128425938088049,0.031384164931981776,0.07804335935738849,0.052585877520881674,0.0736407216223762,-0.02359506279664503,-0.0015180561362070834,0.05775355036687052,-0.07520878423560921,0.03993141386658007,-0.024199659738808204,0.010924704616298023,0.10543740225901682,-0.016468747619027974,0.06274452674523427,-0.0022366660613684845
0.07216962458214385,-0.05138593067089541,0.009359196992080307,-0.04235725382413312,0.048511820432827576,-0.06256548385129528,-0.02490403644709547,-0.03578340512946526,0.022904779739776733,-0.019296435762375365,0.031215166399998526,-0.050235964188876756,-0.05934851465813077,0.042363193489458946,-0.05437595135810731,0.03384161162277062,-0.014069742099155097,-0.04233523746080487,-0.07615597311730511,0.01937623361860511,-0.021550090507128524,0.0802482383472862,0.07894558740880814,-0.1355447387338918,0.02091998540829998,-0.016630766421221372,0.012647900689072785,-0.027380979256999467,-0.03984122158356047,-0.04190135251370098,-0.0616385938332417,-0.07296152382227782,-0.0006383396377658909,0.07075920354270007,-0.010028531040402801,0.011649501437310602,0.03773725580646856,-0.09720999635384722,-0.091377427283365,0.008490673273198331,-0.038598272231468764,-0.012526813917830193,0.019115958125265415,-0.014163122693610062,0.05592688722040957,-0.02502132474880128,-0.01111600097267773,-0.12456673369430472,0.04085253204202961,0.01274177093488641,-0.027632268143226307,0.08696508546887832,0.03130311536714764,-0.039126017111472004,-0.09882785214987318,-0.036346840392414426,-0.035689111243382886,0.06141831877688716,0.01465779971162109,0.10823724971110091,0.04331505427525453,0.02666852940397718,-0.10010162351823225,0.04366634099156346,0.04291077615496709,-0.061710764852037456,0.030242427416814096,0.05478668309575252,0.06331368745245591,0.011301437234505484,0.07135148225164391,-0.03822711717509054,-0.00013249754881684812,0.04374976627044968,0.010545577138455423,0.05145644262433666,-0.021132075643484963,-0.03532336930590022,0.04016499339165768,0.05025690816365697,-0.0638471359180454,-0.0633939402657314,-0.03325181689683336,-0.08572868681468548,-0.0071277406155224685,-0.0370848684277632,0.023123103968374383,0.08767397349983463,-0.011397130557810579,-0.012824807282252024,-0.009685587750741687,-0.04687303392855572,0.008360143015848894,-0.024899611242128646,-0.08893877824359492,-0.0029154060634667468,0.009658218338465729,0.03795639675710129,-0.03295693290872662,-0.06056214849547024,0.011378004189801144,-0.007421857899085683,0.033691989087019036,0.011610592260136368,-0.08819706837767871,0.09429588874969073,0.09534769105811151,0.05372832777811749,0.027980073271000216,-0.030039598467609795,0.024605694405742614,0.004653417758294295,0.05232751403617987,-0.014627307568361043,-0.019609154407382482,-0.08993264367025083,-0.1079362404213136,0.012317691995803284,0.01840327399086932,0.03089310093998603,0.09006442836797471,0.008005511026206396,-0.04137229855233202,0.02101929360779965,-0.04412584995896903,0.06281006471414735,-0.02530870949445315,-0.04232770498992106,0.042304525229031414,0.019828847875243208,-0.0643550165062926,-0.031340362885401304,-0.038569899514585074,-0.005273693532676769,-0.039296634386365964,-0.01643688225354555,0.049370371367541584,0.15787354397895653,0.038605336199012616,0.11251635216568573,-0.010096279623765234,-0.012013086539230534,-0.037872903149811524,-0.028798478342200392,-0.06716070814459854,0.047459502459919714,-0.04741287625313723,-0.06037634737470178,0.04660909077321833,-0.02695928413526539,-0.046387995133101066,0.023422332053732734,-0.07614762022193568,0.08126749490008504,-0.012272767667262487,0.011609534484543462,-0.018133950295449865,-0.027450164240749808,-0.014911191171663927,-0.0015410205900499346,0.07747110586769312,-0.01957390780980096,0.0496911212452908,-0.017171578400463388,0.052345254106233016,-0.05804508132125066,-0.02409220945773412,0.058868464837467285,0.11509501629089688,-0.008025319587422886,0.03272338485603211,-0.04844557025290543,-0.02329968414372039,-0.0701178705915989,-0.07011781549073472,0.053182337320314105,0.053754680509399355,-0.02198160390228861,0.035032762735189814,-0.011111352001029964,0.0838220788425012,-0.057783784078176866,0.015772126316667377,-0.054678067984485976,0.02824656664150205,-0.011340727280621679,-0.04913109436494171,-0.01447143801552245,-0.04632374836099401,0.008764351663762547,-0.04002554889725079,0.025443923187003035,0.029121602853454817,-0.025985694310514854,-0.020074503229676768,0.012776450366039605,-0.08200955144168288,-0.07885013978190501,0.033365075829877335,-0.016217047694097934,-0.030169368285256057,0.05931293000747463,-0.015373058013661808,-0.0295246560059255,-0.00557496177665333,-0.016903007789297216,-0.01896900058253913,0.014920520833881321,-0.02175616859428112,0.0963564892419014,-0.020259758056125673,0.03157764965444966,0.03299639461459592,0.03390984557113251,-0.022101982988993227,0.01927404204103407,-0.00512267485842807,0.042727940673545205,-0.06159627730099217,-0.03363170570734456,0.05026207642553622,-0.016831935422231572,-0.004407559406376768,-0.007569558601193472,-0.0012820005894750642,0.10989118090860871,0.03167113002444641,0.009659681321055392,0.08996449343082123,0.05363471946230269,-0.04269563207038045,-0.00851086780786732,0.051778410569224935,0.058056804872011786,0.04918235499658748,-0.03197154751493621,0.027611974646550016,-0.007409404006807423,0.02854215324559264,-0.05073127529576159,-0.04147157275234811,-0.03292218947292224,0.02713246645236863,-0.016517771164221266,0.05462627676831795,-0.010071903238523009,0.05805537891734144,0.015363227076337919,-0.03024249232358458,-0.1421038715571374,-0.09595407922370139,-0.019025427324524898,0.040021682425659164,-0.026304717089576702,-0.04644414536752976,0.047623634896781786,-0.11180515015533114,-0.014666339534333005,0.0061535988749501225,0.005146542082083548,-0.06379212034619469,0.012921051347796753,-0.06389057072913577,0.07138329794333126,-0.017663412294651192,-0.009805468483725197,0.000809159231863623,0.01350562027830842,-0.016153900510968246,0.008567228173682344,0.018479585525605108,-0.0447122504687272,-0.04232313062331427,-0.06413891448165143,-0.01886474725971684,-0.01918398796490352,-0.0054305081353941825,0.10644846430923743,-0.029795062763279544,-0.03635650562054718,0.003886272467959407,0.10668192739494933,0.13885415003524887,-0.015475749853241653,0.01531925848364113,-0.05015604995513879,-0.11791821742274149,-0.010362734040792531,0.011561675128493099,0.023186320470357246,-0.05021093728463971,0.01103985848023771,0.02774825283652896,-0.04886659817641668,0.012018066796411006,0.03642010622644613,-0.03563655735460479,0.05434072313597965,-0.036346870458404526,0.046254210482384234,-0.0431788626518915,0.06953224418632376,0.05631526854236687,-0.06369918750594676,0.041567003367263156,0.07387694455234856,-0.040908455051964554,0.041689123259262315,0.00034881158850856434,0.03940479133845619,0.004361738116057785,-0.043502378161362154,-0.04100210508937091,0.03599871063218615,-0.04314410070437978,-0.024693673767660154,-0.047071743442993884,-0.05856620535363834,0.012104277833147442,-0.06839459838913936,0.009501560506601284,-0.0048196904882794435,-0.05242762251487075,0.07045139553289867,-0.04686383853593683,0.044018793597105206,-0.03833073628733926,0.046853228079749405,0.06706013717747389,-0.008062803506802564,-0.03279555239182149,0.010321407480739272,0.09035393731027627,0.057245147160882665,0.008922401346590168,0.09100882627213554,0.00936753655709158,0.09444035065912552,0.006212331953685007,-0.04221528996109351,-0.004562909193056665,0.05591813246142751,0.06653543655444201,0.025391952551376818,-0.012941583875273187,-0.004124340721958516,0.005354610801401837,-0.05744187676237791,0.019331855055617363,-0.009835227907195246,0.006276606009645968,-0.03630351061233962,-0.027560487004249602,0.00527424823937872,-0.03435844690429762,-0.08351671230254726,-0.040447944979529735,0.007543465700629086,-0.003103300312149156,-0.020177531880259076,0.04750044898451012,-0.03964249380489938,-0.09174392488169815,0.03446470837162462,0.006871575137296447,0.08429298150039331,-0.057346239289096976,0.024801383227245073,-0.05307462484418384,-0.07966814387650592,0.0030914593338404873,0.023478607108239697,0.009571540343732348,0.007421842900678808,0.006522584657743968,0.003417512342301403,0.06415211302978856,-0.042663785339444184,-0.03318161170861082,0.03032063505431689,0.014767654389305688,-0.019600115873213215,-0.005603040332390235,0.044475077992357,0.010934541655085717,-0.021302219726599417,-0.01745869907181828,0.002046413571636679,-0.032818424249890794,0.056846399418082484,0.0032726243362994675,-0.06347991954889247,0.0386842538287349,-0.024802372310547646,0.020556301365340878,0.052698200739881455,0.09303606246407228,0.03047951042717953,-0.04086372598894652,-0.0011886861896793386,-0.10458763980675019,-0.009187758241493867,0.0094892516248464,-0.028990412871011693,0.03755229266769012,-0.01602793889780803,0.06828135417181724,-0.00841581047606117,-0.0686625277035035,0.04105654618122895,0.0005410744027777572,0.0008292196334886969,9.257262108019278e-05,0.06843991861286713,0.06762978391315926,0.10313683895728908,-0.002168575352128118,0.04406530556010893,-0.004467415000413695,0.0264754557538939,-0.0740481331412094,-0.07355089816808094,0.03148013205050462,0.039980762729035946,-0.013424718328726663,0.10633618744992747,0.13491849726799052,0.044410568142985545,0.1111545980884456,0.029116474499936162,0.021443570180478176,0.01660955648567027,-0.03093810522247795,0.04894389229399585,0.005141801160282705,0.023673839451993264,-0.05088895181334746,0.037968046018498014,-0.05431363082388114,0.0009042589343651301,-0.032643256718260426,-0.03648320573082651,-0.0717883877842984,-0.0702362547594461,0.016332416459756114,-0.0367982279273512,0.04288116618433259,-0.09550501188611142,0.04392547786919971,0.03247968077035387,0.00611745699906329,0.0019475301705722062,-0.0550746547392995,-0.06213235937838969,-0.039477003047392226,-0.03593768892645318,0.021819534022727977,0.0025316348857198187,-0.08310465728810093,-0.011662002067653015,-0.03673960705901594,-0.011891341509675857,0.039343348467122216,-0.039263258431806135,0.008427865537109608,-0.024356750654086646,0.06542608317706192,0.014744332979074543,0.05137161477811137,0.028894883612698184,0.029042144058106283,0.0014703860840951856,-0.019119744635988083,0.052279783201247994,0.04612740053432211,-0.08608236332742351,-0.041549936097025,-0.06029750842774758,-0.07044695263097622,0.03268485153380092,0.002833480666402123,0.02854456747082018,0.04628524416529943,-0.06802281199055549,0.08892692649159548,-0.06984504216722551,0.0670244678083269,-0.010140042223023353,0.02999067618871342,0.013123263424237745,-0.007154169833303532,0.02016424141279,-0.013373349610620493,-0.023999536448692578,-0.012656312113028282,-0.034184338013450305,0.0007817435957919904,-0.0321908591250838,0.0331749645858524,-0.04944323291299913,-0.07714481378201833,0.0034614028010962103,-0.014862675489725731,0.03442097361209532,-0.058005246694769017,0.008949094415850864,-0.0017820815650167196,-0.034974156384791726,-0.005302825952397926,-0.06239532401951464,-0.026758847553020625,0.04505764613038591,0.013165779133971491,-0.040085458329084084,0.09724586441535599,-0.07199754920699782,-0.0258429657941388,-0.0031260403455289298,0.03601116841405841,-0.04664631964274404,0.0682787248571197,-0.0013633704720833401,0.04766865820126668,-0.025051283976307317,-0.007059434319139024,-0.008779485620037686,0.00575460193671196,0.05327285564271043,0.01023454074739841,0.03760521501931981,0.046762345172467266,0.04803162416018835,0.05686443976313188,-0.05487532179285192,0.08662803768119579,0.041403935905548014,0.040507122290438215,-0.04355684085148426,0.03308804325451672,-0.04816211070109932,-0.04632857741182236,0.020782383909085614,-0.023374829834146932,0.027378552368141577,-0.011889024017891204,0.026778679002361853,0.010627395207346516,-0.006560528901679004,0.04725221172247503,-0.023930190067780948,-0.024950793472319478,0.026316503236099745,-0.03670868841607731,-0.07755853004869179,-0.011681453739940858,-0.047354321881204295,0.0640102663245769,0.11183269165331579,-0.024097280984432232,0.015277884063781506,0.05458423948589551,0.023550785691375083,0.03225054793897421,0.024427253513381684,0.1278439485897951,-0.017009546667319075,0.14732456012919373,0.029976101695019148,0.04387806272296464,0.04030917418115273,-0.021801519624207805,0.0038522486723001543,-0.010876990356011022,-0.03665616033013487,0.03535557323492693,0.043597583951507486,0.020477658129538445,-0.03632741580779321,0.029982229980118364,-0.01133460065856627,0.0890688169825817,-0.022955398357905155,-0.003418520986191241,-0.06499737360668907,-0.05976319961520284,-0.031232391553859023,0.029096401871343238,0.01087821991661178,0.035138792568559264,-0.08839255868077227,-0.07084015701516737,-0.06805449837489112,-0.07096333019555816,-0.026996210768366294,-0.05821759081131703,-0.03047336590806566,-0.05383334050920968,0.007957617187359633,-0.04686831192371163,0.051887609770906264,-0.02346801985234907,0.0857326790186113,-0.1095196051018576,0.03895147850396708,0.0030510228426910563,0.03855403651806497,0.027523828214590783,0.05237304622927358,-0.029816591749656698,0.019626859166293045,-0.06570971267161005,-0.03326009021533045,0.004786331710548383,-0.03239775649522999,-0.0134074224505029,0.05498529689148287,-0.01183451073462542,-0.03997814453999992,0.026526468641713836,-0.059253233510008274,0.022110845209150305,-0.02546652280754964,0.04618234578521342,-0.010858485843399946,0.03878700238010365,0.04070322717245092,0.055534375459597544,-0.038687750456626,-0.014572891509165485,0.026689086153294874,-0.04768363672783564,0.019723924244713607,-0.05265039368880366,0.007308442262617073,0.07210032689235255,0.04685393493623879,0.03586260843569661,-0.00557393447525891,0.02892093073888954,0.009585300222414543,0.017777216837790325,-0.03216456406849988,0.03272022456906875,-0.04511861027543681,0.00777533476945641,-0.049212219538052195,-0.10839226300232385,-0.05088117244506972,-0.04445272675294094,0.03509925305823707,-0.00999455323870976,0.009803229539633248,0.08278082320225513,-0.024235568100286625,-0.08641205345495077,-0.0025131407339362027,0.0022968046723065233,0.03635835064636747,-0.01011279885541901,-0.007656078091055257,0.018112198785691414,0.03624903262908891,-0.01414901014100172,-0.10303542891320447,0.042123018960207224,0.0392105962768729,-0.016185071913778704,0.06431342467390853,0.01299591391991657,0.034784850990818704,0.035488471730009796,0.01858103242161861,0.01917077793356805,-0.057947492252415606,0.09917137627573516,-0.05062733973554468,-0.07177476985280583,0.042344483702940555,0.0014016938452580605,0.057118620485589765,0.046378843603619074,-0.05418758773226651,0.012845987380681777,0.00041186893146947953,0.00619822697535525,0.026984337752749946,-0.14700495794754262,-0.05843588233589637,-0.06371671514687738,-0.04368772564601042,-0.00972948812623138,-0.0009288767501884197,-0.06887812432012817,0.0664115534655682,0.1110246757824749,0.0069774391847598335,0.03560915493795664,-0.0052926319458119625,-0.047920542506250816,0.08977620418867228,0.08918014705667023,0.014095249702716594,-0.03440898413769636,0.04203944436244905,-0.025032182210667952,0.01182000480150719,-0.07346510170942114,-0.10738170576605965,-0.1188975807412252,0.04307033476155292,0.040177468897013846,0.06476745371159263,-2.0589910520154623e-05,-0.07273421763508885,0.08810205542093567,0.018941403115303714,0.027922853370203535,-0.009593062006819976,-0.07781924842753317,0.044785798888029936,0.004882003176815029,0.026091809668861318,-0.013214195563210629,-0.016479253410854825,0.025792749504438287,0.031888010275497404,0.06867503263331619,-0.020088828587890312,-0.017315526492378205,0.058942387317874344,0.045371702437148206,-0.03931112131806347,-0.046071738502763596,-0.05145410377283222,0.060261549708923154,0.05357221673800322,0.05860396635575421,0.023583493821939104,-0.06992655097027121,-0.060768710289955945,-0.01096274757628244,-0.021892754527136047,-0.01596708231576166,-0.007521149450251802,0.015584696766190021,-0.013999553875342555,0.10519833658734232,0.005043587534714612,-0.04336588084210052,0.018791728009614955,0.0697731404605928,0.03824697139171986,0.012367851660451339,-0.021407825478161415,0.05333299214594399,-0.04323863944219488,0.04365294180928744,0.0562966250163731,0.006893770742939446,0.009331487792644779,-0.007596077617711033,0.02087340698331018,-0.027750991040509317,-0.03833893520309416,-0.011937730606341054,-0.034562762789505375,-0.03358252052682684,-0.008414485601773766,0.012072091193186488,-0.031621872315871824,0.0732007043816478,-0.036886546465234316,0.09127281278696484,0.017013457225404538,-0.007478071226594568,0.054694204897683125,0.056073138441406135,0.04013258333837495,0.04099162500840176,-0.021432701605346056,-0.030342903421062727,-0.017791006537681314,-0.00567663404820707,0.05164269642249109
0.03178541603448006,-0.05156868423776461,-0.09321824039473127,0.04163259598168495,-0.035156620681118717,0.054575804623310166,0.028013534928539148,0.003910684676183271,-0.004157151454430297,-0.06609626635130528,-0.008152025956470734,0.07689887122260984,-0.03386423924317247,-0.01305454649113648,-0.05841397820261273,0.046775661816691565,-0.007296064432155158,0.04419353415912052,-0.02722749830774826,0.013721022593914766,0.021875746883797852,0.014326113626817252,-0.04174695807297672,0.1002906517617504,-0.05979121792355496,-0.04421283614956416,-0.03011542933746682,0.1567780924543098,-0.03719239139579611,0.010668475611440839,0.035686986078697594,-0.02578956663554989,-0.0020979287123137486,-0.06759043039057824,0.035754177229907876,-0.02250281534740786,0.004533584283306246,-0.05711465480874267,-0.04029430223079108,0.013202226950662779,0.08210839393019333,0.01030008740934427,-0.08775339525085023,0.003339590494259759,-0.03506760182200482,0.04968365254809962,-0.0211968471228589,0.027456435744321602,-0.0001779833935121561,0.01174604035471751,-0.011345381013351634,-0.03526430081408251,-0.04143957374851203,0.017917576515395703,0.05239920711767852,-0.07173895389395117,-0.04712353209794344,-0.011042171746750349,0.0027270746246007478,0.0031993207871114614,-0.00566999920818154,0.05734768576037587,-0.021161582532181717,-0.037770332768363446,0.0563390946312035,0.009603101786807322,0.030737128104652227,-0.02185042604320645,0.03593646414563402,-0.06722658704465,-0.029806185299876792,-0.08480125448835382,-0.011008417785547973,-0.018869233477937692,0.04236763482806641,0.052664468070601364,0.03750572832821903,-0.028258905393900503,0.09090365016411188,-0.010087450701270557,-0.027716284140845166,-0.007742845610902993,0.0913742410098281,-0.04237491459204293,-0.04746751647972127,0.01791969404313982,-0.0590763858098519,0.01527347379969816,0.042077070140367406,-0.02920570871574122,-0.057749124492369804,-0.02361679119233441,0.05422185150021487,0.007624917198814873,0.0564134042720768,0.020225558945665384,0.011828099194810465,0.06063971568681693,-0.024862308402427015,-0.0192989752393402,0.04867086493660178,0.02691628865441586,-0.025203869726277597,0.05613872607291935,0.006721569349554846,0.0033146436107023484,0.0012792599904343322,-0.03162261408566562,0.007492273214155965,0.015523875154762229,0.05511319490311273,-0.04478817693007755,-0.022736928812270817,-0.009629348770691075,0.00391201731339502,0.06039765143853566,0.047890923055294576,-0.06334998857004978,-0.02592338288831526,0.0012075405203647088,0.035172715474253706,-0.025885502932022516,-0.03328176833057959,-0.015010054393463014,0.007933853782476756,0.027773294379157612,0.038269178866993686,-0.018194995336293353,-0.013550566809243597,0.07762689448429612,-0.05496779105595436,0.019905836874474097,0.03055046116494578,-0.009992750515470656,0.023765242146408475,0.002583065784222166,0.04541424855732498,-0.0044348979784360745,0.05415420325438552,0.03204151135161245,0.0063893166310304604,-0.05424186247414945,-0.04413997321288168,0.047084514468819644,0.019731096715328994,-0.038381822230979884,0.007523160547847338,-0.02724404990702417,-0.002306097845132455,0.09442313535303265,-0.004437244611683929,-0.019143692302754037,-0.023263085145404407,-0.011380415943688892,-0.008112163450056655,-0.011412272618283332,-0.05432587531697172,0.009017348207857398,0.03381548487865652,-0.005948268539826552,0.007745556862398126,-0.04404096964622125,0.008229615360229734,-0.00376899367418498,0.01893883403782618,0.020106054675375476,0.01267212518664861,-0.026163531903497135,0.0834155579251815,-0.08313296431544705,0.015826494505432012,0.05753981058859909,-0.01959677296089731,-0.025691060300816082,-0.01957672111867987,-0.015211413686026451,0.008390306064490814,0.0038620335305624308,0.01724094854304636,-0.006859325468334277,0.021098264451785906,-0.029827167582082856,-0.0009841738244351357,0.05176259495769872,-0.009603071386254942,0.0017725822293265024,-0.02257013902987506,0.03430769173375316,-0.016024376411383635,-0.04832644916279236,-0.027086208985030093,-0.08960909926687387,0.03668934309265617,0.00635118159292727,0.007587946833550083,0.04850447707047333,-0.03452471069596865,-0.09481085545342285,-0.035643392187400175,0.06495965376929969,0.01537934487891902,0.0005889554708235998,0.007284636114652932,-0.04098093045711469,0.0188771623142333,-0.007616933162816173,0.016991002011438196,0.010601586587152115,0.03394798567581494,0.025938639103195948,-0.10913351588543743,-0.003845817861239082,-0.01974714588861376,-0.02331391673284411,-0.009651748924121935,-0.0685719812297463,0.044759066025536254,-0.05037338084309551,0.028133917097465336,-0.03287391734648216,-0.04602878948762039,0.011778477874817748,-0.007595795741758231,0.09144438017365537,-0.014842199139724942,-0.019648818164519608,0.01081504923818822,0.12369108736222569,0.01550630809312818,0.028293837701045977,0.03192241721432313,-0.04902286536550807,0.017781204101149327,-0.03302884412284353,0.04780390046900213,-0.05207989314213134,0.0036856944356637457,0.015675503550994365,0.024051710539555318,-0.002001769406111794,0.014130578110253086,-0.007753244728350921,0.09445128029908231,-0.06533038214062575,-0.034450367225005996,0.027741272365754008,0.007538578367638342,0.05775736447870842,-0.041544239666222144,-0.002911000625330931,0.049038236653786406,0.02839003562400815,-0.08799836307894399,-0.006699090530652968,-0.09179879699215529,-0.047626093609437835,-0.035508496521077224,-0.027319617744893897,-0.061794784361042625,0.053042441398235315,0.04028650845742897,-0.025112593860477987,0.012601034637845333,0.017700939339372074,0.020460674632858965,0.01083213793410657,0.06304979801225705,-0.010020046388044762,-0.023697815806640595,-0.0747630536376871,0.0068698054509791955,0.052879790920295246,0.028693482051658184,-0.0031967595142468335,-0.012201572923881746,0.015922562686427017,-0.018890454126612753,-0.03682980169413322,-0.020025416561832526,0.09662737465754344,0.01641258045865668,-0.0034310215764182445,0.009063797670231652,-0.03377208057260991,-0.029688069542790064,0.05141381980111093,-0.0518725730904963,-0.007902761949359929,0.012212383643482847,-0.03822106462804925,-0.03456872080852986,0.06054591607460343,-0.043397669087573164,-0.0009099950994484831,-0.01972065929197553,0.038681926745659415,-0.020293790387898535,0.018458768749460612,0.04386782641852176,-0.05290410590185319,-0.022668367454768506,0.058909370777247665,0.004480664408880319,-0.04492922770881488,0.04559368246480521,0.08462190772885435,0.03202423250161439,0.004573168224945101,0.024836156725617058,-0.02825103023338694,-0.01296028814148283,0.02455771199834491,-0.058132974460536446,0.049340257170196744,-0.1218047568804305,0.05059310222209254,-0.016944044347025976,0.04227711017379663,0.0009387040227400166,-0.07943041718380116,0.025348856260677642,-0.021385232900572093,0.02591649621641473,-0.02241051306599476,0.0369413537976583,0.0218467874702723,0.01772000733999178,0.04218574357965892,-0.073630184028613,-0.02585889692149765,0.0182378610406551,-0.005774196567314622,0.0033732014266295365,0.07895922921439788,0.05677559679149806,-0.10849490584531081,0.09052795576845422,-0.09743875721164397,0.06093942588994788,0.023977198222357693,0.00686460209009516,0.03157069971945446,-0.06541699673917954,0.0342906986862885,-0.029469458914767925,-0.039727970687793344,0.025324943581688106,0.012782733116062503,0.002110771674550854,-0.011080662562455119,0.01136699665888441,-0.022892845232693953,0.03809010118138106,-0.018453247815465684,-0.026324349220605434,-0.01901388797977265,0.060067295768581976,0.029327513728260788,0.005505025864486117,0.026882867644371276,0.04183116114799639,-0.01443245776231099,0.060422276732990526,0.02048891740545368,-0.008676926602280451,0.061940983494355624,-4.303106010386772e-05,-0.010652894946230115,-0.060227439891532335,-0.13797994129520766,-0.00256567977436415,-0.012039518448312326,-0.022826615811315752,0.009631375504008182,-0.023106128331935295,-0.0010126703667109353,-0.005346777318625824,-0.005097562948430475,0.026204619337407024,-0.021537575151051157,0.01929985134698854,-0.012500854799309439,-0.0035152380302506834,-0.013764217792158766,0.056298736662673016,0.054968309708140276,0.016951533659264908,0.012322698939098072,-0.0633036372803144,-0.08173757070135473,-0.027434260150394112,-0.080330023453197,-0.013171080076265157,0.022386564076535716,-0.11072540232427655,-0.026389373700291686,-0.0671358653800287,0.05803556918114507,0.0018696613257123942,0.05346361659344327,0.004812025796155907,-0.05621906435795723,0.052696622003833446,-0.008194982164040887,-0.03599749862286477,0.017130344743774478,0.014756964854251204,-0.013693296356533468,0.018341887690230096,0.015943078932830583,0.020462110507214058,0.013105220989107541,0.003644728985301537,-0.034977633974575345,0.050821384689799944,-0.02531529818117605,0.007540758884431087,-0.0021273670228252,0.01150344556413343,0.09113531547977224,0.02218639470809888,0.03733121325465098,0.05074443255940761,0.07533966625286911,0.0434551523091307,0.1298248138302546,-0.0011847849426373522,-0.040411966155369385,0.03174047667950166,0.02660507287082562,-0.04452840441869204,0.00787817159858938,-0.023335283230979064,0.014900639808267224,-0.043363652621377535,-0.011251585021994356,0.010244434373695474,-0.04900681653626278,-0.05091724101682014,-0.0267640829588428,0.004499300980029369,-0.010652455612522756,-0.05555146301389147,-0.010389521817547457,-0.06176250750114472,0.03855306497913008,0.04215637106392826,-0.0337594868441864,0.08370238040217776,-0.01602804804005828,-0.008291215973122653,0.0016422664727725393,-0.057048900949826536,0.009971545138129265,0.0007465393417779777,-0.029944632169669774,0.015475199399746497,-0.024645042459481216,-0.006716668416819835,-0.005222948682958282,-0.007273642790011546,0.006644107966985675,0.04801151016770673,0.04769500201305501,-0.04453742144138014,0.07145633676818193,0.0719624409270613,-0.00882574361347884,-0.026171310040953483,-0.050279105778156294,0.040176955087186814,0.059094054093224505,0.059169165355887475,0.0373010693881534,0.016800159731434363,-0.028736683475452673,0.01679930756261387,0.06223494814237647,0.02743260014129117,-0.017646068783751977,-0.000827584364836677,-0.031821940376522306,0.029651827717601806,-0.08139844471600137,-0.02165833993269331,0.003539057184899801,0.04193821442527805,-0.0300963190493098,0.07929470774946881,-0.04874821343855877,-0.029458596949904017,0.01662803376971034,-0.0006778470145353694,-0.03788864375870361,0.016484934362961317,0.029990704828739095,0.034817693226637525,0.0031055357867750223,0.0008234920322423476,-0.020719310103289475,0.028905442032114675,-0.0331864365992607,0.07784253771219618,-0.03773500575966848,0.05324926414454387,-0.035835962481305494,-0.06505531442128595,0.02415504610705915,0.024973420288850683,-0.021184180102618456,0.03429210938552319,0.014993016538909679,-0.04436898249148907,0.00957622546585594,-0.029970038177744632,0.015193099028692416,-0.023567160622581275,0.031885206594161414,-0.012849721595428128,-0.01304900890826254,-0.010763608678189074,0.001633382096185876,-0.029354447897195733,-0.003110531209505801,0.06014352986725209,-0.050180995369523584,0.010069623071604911,-0.004049208589896726,-0.0639545893171575,0.006413266097959812,0.03216763198146697,-0.0009021449549170168,0.05047810983218948,0.02831571365848333,-0.07570980931273244,0.030878885493349117,0.059586690416235585,-0.049979260184617326,0.10288004802535024,0.005107901157392418,0.03555257273007736,-0.053642099243892495,0.01404167562559247,-0.008842502465483038,0.0021594405349440807,-0.017724184823704154,0.026928258470372352,0.011241955755679047,-0.06604515468543683,0.04590209586179438,-0.0074888850649708185,0.04942209705298573,0.04124155578820569,0.023643475789507554,0.008488739151583465,0.07158243705244069,0.05460432648332952,-0.029980973925044393,0.03758383953913557,0.02500185680726399,-0.013884433644387708,0.01796983548186577,0.044939092390387694,0.03649975090931997,0.0008632449665037298,-0.047002548063555326,-0.03299798233599982,-0.0950501770670792,0.026056726580894383,-0.011933239108650009,-0.039206300422055695,-0.00255743420386054,-0.04758545940107768,0.005353803250302157,0.01556975522770488,0.017144452816948496,0.022510678668816956,0.012420133966936534,-0.019202897670354914,-0.06288353023886499,0.026175425504957366,-0.04153897565259853,0.021439464373234098,-0.09198792040056661,0.0039288352170474255,-0.04822897893846514,0.04741314204230906,0.042977261129746286,0.0009410471122454561,-0.03695561531424946,-0.10664253344063356,-0.010468091478918818,-0.01112648786644985,0.05485936886589111,0.024694160640380016,-0.05113188704787989,0.017630362438733064,-0.029700220562569664,0.03114251654722407,-0.004182757025035804,0.04153937535498728,0.0009445508469191407,-0.031078853792051477,-0.002120267533974675,0.04895524620557074,-0.0739744927410745,0.02016816055020732,-0.009495566538963936,-0.06775886412331808,0.010246950365443045,0.03409573086618412,0.08362351197864501,-0.0027171476573599465,0.053118854845382,0.026687483618057787,0.06460501139434954,0.021764934118119146,0.06545454151922894,0.03143959864970654,-0.0707974137999425,-0.0007011040316483265,0.03938470828513979,-0.0010094672257891868,0.020023972718795115,-0.03904203369212808,0.022229224419869624,0.03213662976022451,0.013763383516852926,-0.06795830850538256,0.032376172950824886,-0.024240290444594626,0.02882568811120361,0.007637155784677261,-0.018563734648474196,0.01571469965462178,-0.0799263037430353,0.049421662856831736,0.004691830009934978,-0.04922604610034644,0.084284291589737,0.028786907469841014,0.040991443019463274,-0.03690650362780035,-0.03490102103270848,-0.0002842905461027947,-0.0025763358294051656,-0.08047508275692473,0.027739265713331195,0.018236519861869825,-0.04113786059701234,-0.01068726362294855,-0.014226952278642598,0.011905409275557688,-0.02506156807730355,0.014904133354698909,0.01816219163083836,0.02981573394470085,0.04579857609785141,-0.040593523631165244,0.03390479164545408,-0.0394266764538458,0.03148504345691882,0.07188210612449092,-0.09668408528932733,0.06459470153257973,-0.03894692655235218,0.017712388672408267,-0.08643746644832022,-0.07053516185143571,0.031133402582796066,0.03353824824366171,-0.0036197731086005974,-0.05713674239722227,0.0375294383310319,0.053597983691586644,-0.028996985274258043,-0.033886938509576636,0.04980156918428896,-0.02589078816556289,-0.010056086216830356,0.030546193801784707,-0.04277951202577153,0.003898400295499934,-0.031150719078902357,0.028958896057806136,-0.07527962359491636,0.012959465994556963,0.06151886274123173,-0.002853930911351682,0.01353995164743277,0.06019049485963622,0.05632483166415637,0.014646306469526254,0.008036499927478706,0.04574847542895802,-0.004938590065186625,-0.04956708726020144,-0.044175841768277976,-0.05837095743625206,0.0526702331894659,0.0057337913521498364,-0.043477603864379585,0.05820202344690614,-0.022722645687187952,0.021006634082076488,0.04415204430005233,-0.058308453777971704,0.08390954791225134,-0.019077658891265694,-0.00038365508698033087,0.008793663182323403,-0.03383906185697395,-0.05015784237084806,-0.022592117891422115,-0.014692025621255997,-0.041462300397500894,-0.06750643961919091,-0.0721774478843764,0.006437047494537891,-0.046618489068456316,0.043920778065761,0.01557980585177435,0.021937212727332144,0.03511664313465681,-0.06313445243178852,0.0385552586434617,-0.019127309200110514,0.08851768873473559,-0.04104055833284489,0.0556708406420115,0.04341957768212737,-0.0442000052029877,-0.046021445426792346,0.06937286114516567,0.005092579396589888,-0.02162095139953951,0.06497067658237511,-0.008470633926103045,0.006274299851385708,-0.005971829044874417,0.05065732648895762,0.013127019907818194,-0.06603897125220333,-0.0906516515124621,-0.01545317277787898,-0.020261561266752597,-0.058849123736523144,-0.08446510223124724,0.03749421351717336,-0.025603881899090197,0.03537931025005042,-0.07889501818724257,0.020950936413169002,-0.018123078612183822,-0.07398239474748569,0.017768518831530866,-0.05974442506338306,0.02816811611086941,-0.03366428201479038,0.010993246284840526,0.08458160874756203,0.0029031463884000904,0.0036748618644212587,0.07323727382032508,-0.039919069922883285,0.0054006692670354375,-0.02472586565925553,-0.03853212756011608,0.01122792208976611,0.007977967315321298,-0.08929237141220057,-0.03939045816580565,0.0009025025558364781,-0.013161204401355934,-0.008020554795510063,0.012257348378727575,0.1455261789540666,-0.05243266129193996,-0.0059199562290762385,0.02373163458289624,0.03350423457367253,-0.03990425433888228,-0.03665997122847595,-0.026951632255555108
-0.1020138395317304,-0.025476853765587722,-0.09178939825433703,0.02712826306141356,0.038784084725157236,-0.019979256676485143,0.009756005411200249,-0.0842459923770407,0.050834675286596166,-0.04793117690302648,0.04650209404397136,-0.013192085869026185,0.050221479115961,0.019346451854010988,0.08640236103205745,0.08597045485077506,-0.04998770078782463,0.040819299132672904,-0.08567696173132143,0.0010984504514911524,0.026553050906590357,-0.10313093000217838,0.027025878316333355,-0.08681965332957417,-0.07330390470685821,0.035083799696728486,-0.1174007350403329,0.01804329337800397,-0.02757244079331461,-0.03486388263010459,0.00553000516505419,-0.03884687402007359,0.07799109821854551,0.03111388442828169,-0.057677893358382595,0.05127263088343506,0.06261926286342456,-0.09808563828678393,-0.10750477839693076,0.0025608467962356806,-0.058518662859179095,0.03060748021138058,-0.05090041111717324,-0.0553312223798251,0.006212765817352322,0.00914557710766073,-0.07911086900356702,0.002837292916283623,-0.003817086545442322,-0.037296169082258246,-0.06488605786368402,-0.03081857369369095,-0.09393243869498961,0.0013702447795826637,-0.02972139028025898,-0.03816932546421399,0.03335774332294178,-0.00707348850270883,0.07089739924841901,0.0079408705862982,-0.017978084865117608,0.019887595742040534,0.03443866341712103,-0.023549158621010972,-0.1429083865760562,-0.2572571683656663,-0.14281797669863125,-0.07338239284612431,0.1016802664234945,0.3256541687893284,0.24289444211575664,0.07523294243015949,-0.2453230937841201,-0.2556977373439118,-0.20096838721787477,-0.1820404933899437,-0.05068496867916988,-0.05750399781457717,-0.08763592900808224,0.03697968298011243,-0.024082968898212983,0.03889405350819488,-0.06520704543435686,0.030616592035652035,0.05191808302081457,-0.05515539708700961,0.017428192102652413,-0.04705415549730375,0.02405187299207719,-0.008498657217497508,-0.026264421653020953,-0.05387922834316314,-0.05439921206061724,0.182670212354659,0.26693507565431723,0.08137929361151684,0.18619066239967336,0.4028552824671474,0.3665729993484416,0.21549653587871337,0.3039091016377664,0.11334990847381543,-0.16507607775511488,0.05017554725078969,-0.10318565827654753,0.006507249878911394,0.06924227514707156,-0.04653735224368494,0.007538634146569729,0.025301838354940053,-0.038201908504525935,0.017400847806076588,-0.01289697034222751,0.009121414303096667,-0.043822113431907235,0.029658985289170877,-0.04411859737268549,-0.07701711387443119,-0.03281830316536871,0.009046035731610181,-0.03896468875369164,0.08203542910041314,0.24497339559493622,0.034235622841288935,-0.011974786295762867,0.04022370183597142,0.06816859613483592,0.09078733598776083,0.37662902430659423,0.21607240889115395,0.023922377520972468,-0.03003030466307937,0.26405097867620786,-0.0861631058804414,-0.25301284072636016,-0.08617747813890848,0.0508816652050961,-0.04828183597094588,-0.031683752036713086,0.06040047465989876,0.0418431638900503,-0.007117706873433375,-0.028460851900009687,-0.06565240635005302,-0.018629643054890857,-0.05165176768259962,-0.10640692708171158,-0.14012606848602346,-0.06791836386701552,-0.0426696188983686,0.06580077515225281,-0.31775026174962684,-0.18255870739866795,-0.10287287054689231,0.03353119974941497,0.0821148736380856,0.4243507316526557,0.15315058128399608,0.05741159437977996,0.16776926183319618,0.06344605794454872,-0.13878425523286658,-0.3350300205989758,-0.2582152052006709,0.02233498118657441,-0.020678655234254797,-0.05030821184252133,0.0683223780326342,-0.014686664663075295,-0.00789027401263751,0.08217652287085621,-0.008874617455564688,-0.12184469710713507,-0.1215534348602907,-0.167943166956776,-0.07570898885581889,-0.1417388455403158,-0.07272962651037071,-0.17155282383468698,-0.28744404895571113,0.0329885886322649,0.0719308115009627,-0.09737415680470951,-0.07292134827669386,0.07339169684399315,0.09560760331953397,0.30440043912158427,0.059801546861334695,-0.1954046555661381,0.10329843177876363,0.1257852715288142,-0.11363089499987196,-0.24904748853819467,0.032380962179864727,0.023131587124941046,0.041618346118932045,-0.066119008028037,-0.041655396604016126,0.003401447310070173,-0.0409281504137113,-0.10389733953787911,-0.12532898903391762,-0.1745138052831671,-0.21431025333098339,-0.11637259325761377,-0.08636511765157767,-0.19364236155276535,0.011118714187461673,0.11283730818082931,-0.21217599928686126,-0.33292671360760745,0.03157676826879979,-0.0853158938376745,0.20001670329148924,0.1707787704096984,-0.2467488683466933,0.02710071488956524,0.04781963085927942,-0.014452148762194647,-0.1829983204430874,-0.29399934181412685,-0.06950135558092711,0.03438773664322821,-0.07892011448055153,0.09632573487280022,-0.027017098830764787,-0.07017104046714033,-0.024768228976394135,-0.20598695354118793,-0.05419769799396272,0.3576990313842408,0.17172273240838634,0.007446512777929898,0.1315020728894783,0.11519200113203454,0.06616385749393519,-0.17726902777063985,0.21264880566910593,0.07547157847944184,-0.11796427423540583,-0.123469273794458,0.05711520147578421,-0.033341542600780295,-0.16250697563824867,0.1263671587613992,0.026332976419027373,-0.16600063512851398,-0.22721502462059143,-0.30846855532037043,-0.04396514786606303,-0.03466387052480094,-0.010371229352116075,-0.09460952530496905,0.008673703270625863,0.05890201768934959,-0.04563806120236126,-0.14441172588648554,0.1236873516939276,0.013531557228513619,-0.1351770695640871,-0.023145885900057,0.06124325464063483,-0.015802054034207265,-0.20605496302867266,-0.1693285265967757,0.27244317696237974,0.03113316344143087,-0.09865603072417019,-0.43071344477957063,-0.2175637825654755,-0.05397176356437545,0.04607017173409141,0.2910822640782119,-0.044551249338910456,-0.08662539058090458,-0.2952672814093328,-0.16202968733797085,-0.08767068959323447,0.05003148939167637,-0.0162320096579864,-0.03871129273579994,0.019222173858941222,0.0452754934076963,-0.06519674687171433,-0.046544835291378484,-0.19035437327652974,-0.22136568896951955,-0.08750118972905185,-0.21768754454232,0.10376132606987518,-0.2022121340302056,0.06078068884368348,-0.15578062181990382,-0.37241893091042444,0.052502872534872264,0.33127038487661786,-0.2809765816355527,-0.3715656241344792,-0.3115071844121069,-0.13380262207312618,0.24438541477663145,0.17612259588838713,-0.07608272340534308,-0.10409937553643078,0.027219215141589048,-0.08722497488877197,-0.007914272897959911,-0.029362645647159655,0.018451866987274246,0.002524814539562697,-0.04540375673501093,0.019107867331578897,-0.0001307003288951191,0.02058069290547434,-0.2312754508610765,-0.27588305358370624,-0.3510858587482802,-0.47682963754204477,-0.30692432349153503,-0.15721522297634982,-0.30855660822163955,-0.6234211638675023,-0.02311370996531617,0.2077830438161906,0.2066437830039576,-0.2490377787113434,-0.43433303271315,-0.16027264753894302,0.007711789382908617,-0.09126497136936564,-0.2807158485023746,-0.002494337796849397,0.1352977607006513,0.23135430121177863,-0.10048075408329178,-0.03155312520924589,0.06377910157470894,-0.02527535022616153,-0.0005451410337403523,0.07031976593677387,-0.024054888502914477,-0.15061423737812932,-0.5336728478668538,-0.610420166244914,-0.4062450913702233,-0.2328319544543865,-0.2790068045252223,-0.21127199241816716,-0.37464530354558684,-0.05215004846896548,-0.10953520748989898,-0.12772287267302748,0.4534929715848244,-0.1584393132199618,-0.11839836440283201,-0.21158577233327514,0.12909354622994143,0.19864312246660426,-0.1063148939615058,0.05542808483417891,0.11397048683466898,0.3375303296393064,0.10222398354602001,-0.007983797968268511,0.00044806102204433286,-0.014634882313795056,-0.00828170472034792,0.15578979360125383,-0.2073300772305922,-0.4843159669603326,-0.48564604841585596,-0.3036345554918459,-0.15854890899772722,0.14660926568282068,0.07296716364919517,0.09463225606869939,0.22514690245921062,0.16032834118740544,-0.19126652642173517,-0.2430317440759309,0.3455695851128298,-0.11136344565804021,0.20642308500157394,-0.15830633373799874,-0.04779018402957606,-0.08284799448089308,0.09535071954431512,0.18906755990130317,0.1731056859725004,0.10990938735345203,0.08569135363135952,-0.08388172576811258,0.018713068344995257,0.05841571328872623,-0.049422782763403596,0.0658881114198056,-0.16561575451474025,-0.22728104710086414,0.015663944808671355,0.19025772804950744,0.02653740758512534,-0.10716566480362412,-0.3818955715873076,-0.13735153992348295,-0.030121376579233285,0.16957350175175878,0.08957314293104501,-0.020448916259742354,-0.07771524276827432,0.32609978455507654,0.02821372471234108,-0.23787419231758108,-0.1873819323900483,-0.18934357439035185,0.006762178521288489,0.055038939201947516,0.16625294044802727,-0.026176316936472616,0.028059084540305507,-0.006519729121464466,-0.06705414844306615,-0.006196708256359441,0.06799743170647153,0.060607489354793306,-0.053765950840279804,0.13321129615569463,0.05068633395307632,0.05450586504272932,0.07671429735047593,-0.0015620591122935453,0.2833731249785786,0.24840087146845083,-0.1243543373904445,-0.05372380821291605,0.20027314697894844,0.019908895500132476,-0.22669332767969522,-0.097513893010509,-0.3099574452051605,0.0007119876914727632,-0.04965478602034401,-0.21191330865764227,-0.22621378834741757,-0.019246418539993836,0.2503832524957206,0.13389322139150023,0.15136720950747837,0.013089876502610556,0.05648942498747513,-0.006443395937406654,-0.0032745921637267303,-0.007174428952243737,0.029065727841192913,0.18866593777671714,0.024494177879327686,0.19601159563171167,-0.03529289320985433,-0.1844782410589289,0.3390802892515219,0.20310439281512424,0.2508926456360509,0.07341848541499338,0.14691450456382343,0.23218575693623505,0.1289302290483451,0.4987609769980172,0.0506090945402772,0.2966585101134715,0.08932988322354025,0.13596890763121386,0.23916706688173509,0.21426402163867386,0.39099255833640645,0.16170253817059757,0.11742734945477874,-0.014722647380099993,-0.059980741894332924,-0.0402765258220385,-0.042428704864423135,-0.24323697296358268,0.06794664854616247,-0.18007167855992423,0.35292027353062927,0.5200439918095506,-0.0748646383066947,-0.08974238976118008,-0.015741100126416975,-0.3256203728062405,-0.2974304375105225,0.025425714784284778,0.203674892228445,0.1434862908301114,0.15473736021498913,0.18300807707041195,0.13337676200504037,0.1351541176898604,0.2417539222383466,0.2531541867472401,0.05348083306474969,-0.13257537537665443,-0.039193799380121054,-0.045193442356428075,0.09165393568541429,0.07605089506139728,-0.006639373813230468,-0.01671209950667951,-0.1552386803561251,-0.1933300426499049,0.09039168855002318,-0.09964554262091259,0.22988423472693859,0.45096289156667724,-0.2758525911935243,-0.038752429070042005,0.08374540285735625,-0.045957021075031516,0.10062671650723684,-0.019145388957533285,-0.08613142990785505,-0.2851322071280801,0.19150923041878415,0.21281898688580075,-0.24375157215288518,-0.12768891751825404,-0.03470121420505335,0.12507884825429127,0.22895274490434173,0.22546284566514938,0.1931210530614911,-0.0583153452619957,0.06101965524195917,0.003801574185395675,-0.06769093852895532,-0.003238704174639175,-0.16288239445944916,-0.14302367118253267,0.25239526747924884,0.24599755387091696,-0.06836099219539947,0.1776187354234978,0.2108160154984497,-0.010473191648170925,-0.2594881407279487,0.012025543228427804,-0.054498123045400144,-0.02572302971621281,-0.05025847796805332,-0.013713702313702742,-0.07912888660290553,-0.15250795047120555,0.015084325077817559,-0.07720653319617225,-0.005077672735903418,0.10831256939845986,0.3470101390466121,0.14847500799141952,0.1041812844439475,0.04729266022053894,-0.045006150794721304,0.03201220784600312,0.03163068082265721,-0.06671436909995876,-0.0364996927128043,-0.13188685704631625,0.19108963976251725,0.2143304728680673,0.275387361998451,0.12719591941403194,-0.04525025370417186,-0.20930191653884297,-0.20537127213789141,0.11063131696371364,-0.19358997446594278,-0.45071726558129954,-0.332940893519362,-0.22077869130331665,-0.09725003959719974,-0.17104005212109444,0.08415339312127734,0.13913063485521576,-0.0053462305287093545,0.026619798831049223,0.18057830222611826,-0.0015498038805164202,-0.10666527597176058,-0.016435617712428727,-0.02046412197216228,0.03632609069741183,-0.03796200009998994,0.020622634399595812,-0.020977656225312932,-0.021980563294708502,-0.05614795783883786,0.07043011577140555,0.3089617693628229,0.10993179650485184,-0.23713292285787027,-0.002670845079685551,0.033247087193825846,0.06352178758156489,-0.021057040448385186,-0.39682150134717176,-0.5323097795679552,-0.2555422646389782,-0.21105581613146265,-0.2022966406999442,-0.06823424645307163,0.35527620899971385,0.0685964947681838,0.23992946383446304,0.2852946270661984,0.005109024337914619,-0.12637693749064782,0.0006205523743067318,0.05642776614916166,-0.018331237550996415,-0.0520416415167883,0.006935437956612713,-0.006520127927507172,0.10224294386239577,0.056904216910540456,0.090807869092934,0.3171798276561766,0.18852782261288512,-0.06243557180180589,-0.1685087070501724,-0.32470400182084475,-0.41177918919244944,-0.2201130048802335,-0.20473996426373886,0.013428249535378455,-0.18057607110435828,-0.45254647303116896,-0.1972056921840534,-0.21397339418551514,-0.4308067095836928,-0.26583196279809324,-0.05556151358352429,-0.029591218015718238,-0.06655897530514145,0.05015452302237897,0.022278472733344105,-0.14871835568058547,0.0159745759153542,0.005058814544775528,-0.027849577609612874,0.02396749589216662,-0.002772250570666187,0.18872108329895326,-0.016442432241317775,-0.08334622996864999,-0.1752713609774989,-0.22666566227107984,-0.45195476859305844,-0.3996423376909796,-0.3174772878738831,-0.3021836182572698,-0.16142818434117648,-0.16083013808301855,-0.1499854403425625,-0.16587638140084918,-0.22651120902662886,-0.2977077180225034,-0.4547613868353053,-0.28761005708072224,-0.23375576996347874,-0.05712481909322193,-0.11276157720039356,-0.01864522869990284,0.026768960663365062,0.0438615479001901,-0.04081936796167818,0.01395912854090441,0.09557529728785862,0.050274516573358324,-0.06740113650979888,0.046155898099458116,-0.01170723694084849,0.08063666676390395,0.0624944868754122,0.0924530115201788,0.04608060459445221,0.017342695373088506,-0.006756004312363349,0.011064588384257121,-0.05019426428711206,-0.10620408347637546,-0.05222180998689567,-0.17672339764229603,-0.2047704823944987,-0.12862806480342873,-0.17974881924785713,-0.2670737956180996,-0.1273326150727304,-0.06666280171916042,-0.012351183819863136,0.0633274350029657,0.0017031286059869886,0.028361921523133996,-0.04182038882146873,0.06800567483760357,-0.018594313667234692,-0.00834534399963106,0.034859721390630184,-0.025044726049563072,0.001718809866624904,-0.053332110426232975,-0.00419283800893938,-0.08349103176214343,0.018958417754389324,-0.015232414546928813,0.015473592851212466,-0.059503439925851595,-0.017480084787419473,-0.11638357840201549,-0.050436002552764495,-0.05024357794496836,-0.07015491173476779,-0.04029346199392305,-0.059661563311567634,-0.023430290785444542,-0.046710198099508014,-0.043555091844542974,-0.03577215758502057,0.04932358839483101,0.08817093258657871,-0.0662389603238556,-0.05128267577671537,-0.07321674459000642,0.06142091866400774,-0.06706670009431251,-0.036550233770235946,0.006235989967535368,0.05886143949785199,-0.01048404665041198,0.015611436941169158,0.009317839324999931,-0.0466600890820114,0.013215922476433712,-0.03821610925638973,-0.02815786341007957,0.004244706890645734,0.015445580037718924,-0.01399493401871569,-0.07364630951777679,-0.03789444869437605,-0.017865179565449477,-0.033300414256769245,-0.029218955117676478,-0.06425038987857427,0.0070117218848241205,0.00042664596477124447,0.00019725656154767686,0.02964892398433309,-0.03246417263231087,0.0067861413344491245,0.03075462595254327,0.0380235188180394,0.027636891881903478,-0.06699298303536365,0.060729738469590976,0.025628940687209775,-0.06736980139278138,0.012016835312942599,0.05047068150815101,0.06221854596785628,0.03383053979485662,0.0823763456894895,-0.14894624459680897,-0.07196708242043934,0.0063969647429499435,-0.008947162723291211,-0.005461715286120089,-0.06100866019427285,0.05922723416373543,0.0356179269467268,0.015063462460583652,-0.010450011267497856,0.008445717799156907,-0.04021491334566524,0.09508647016877493,-0.0641989162753216,0.0301199741230461,0.0019035683823097616
-0.06750974673011426,0.06977942889942187,0.03987717713692396,-0.04340588754369261,0.04820556772166271,0.03795685162475172,0.04628551205074159,0.015299425136979948,-0.08733451932910168,-0.0367447637927376,-0.050770740040487004,-0.056761183076054184,0.011025247050191447,-0.034239903811570396,0.02112563866577883,0.028626378530419494,-0.02498048061398191,0.025954142618222615,0.07413306114261395,0.06853420508393787,0.011074100473936435,0.08575545129200923,-0.036033202038285465,0.032915415968968194,-0.03366906019802978,0.05159414316667615,0.0031307768575014362,-0.047844981561455835,-0.058433745652145035,0.039658508275485,-0.02830276471391212,-0.08224913899431655,-0.04302931536321233,-0.029989940096158428,0.030748970476550903,-0.05601107362923165,-0.004686049955652612,0.03893601512207736,0.015066761511309255,-0.022659558055931395,0.0059930861890369275,-0.0409438348388999,-0.043766015088465296,0.01199542001602537,0.05316148244236385,0.03508774756635382,0.07318361484320808,-0.008945161380806867,0.028072168166423724,0.07977964388778909,-0.06842523840966641,0.051126552144934424,-0.08477804948195099,-0.0166910464439532,-0.09474720628634302,0.040836157276772596,-0.07683595043090369,-0.04325918402218188,0.01871921623997372,-0.093178333774392,0.03578303672291144,0.06286612809625236,0.059668421576682056,-0.007909235555675303,0.015075168106623156,-0.05074713746377074,-0.08232321623478425,-0.05816261287609456,-0.07537704013950389,0.04750746308384691,0.12615078356421786,0.0144969973333663,-0.012833780049937803,0.01967906393451219,-0.00809639270813888,-0.0449493823190171,-0.0009782558742669246,-0.07316427007085538,0.04352221480919085,-0.025221031809394032,0.022520588433626827,-0.00756607925737822,0.013505943797756301,-0.0023143961281754805,0.06163100855305825,0.057105541934053025,0.06511042773757675,-0.04492613789490298,-0.002412072731695625,-0.012263766253902294,-0.10299813759930738,0.07235756556252156,-0.020902128371059602,0.06050121667137545,-0.003104004388383139,0.010712315091878869,0.006304205031070385,0.03487685712845939,-0.0640392763368559,0.05800056028672248,0.08674460122621933,0.0312675835269988,0.06417094612310624,0.08721495215392329,-0.02364943783977695,0.002299390788458137,-0.11011636558007992,0.006191306463966208,0.018991149302408583,0.03978003080641038,-0.04059933438466803,-0.06740393563692874,-0.0760790118126116,-0.06730461817067661,0.05056264717992586,-0.06825624786199627,-0.010571024895167916,-0.02368069154519386,0.01940886749986169,0.057741448012011046,0.019202481048207556,0.000767682315680956,-0.030947531499732842,0.006122099630367555,0.03163390291746661,-0.0045240313832051685,-0.01758956019025193,-0.04056749151601653,0.008546370780471494,-0.029479498671207492,-0.03927088137558952,-0.01940172573231061,0.0006754989335700373,-0.11589679255979367,-0.008014075731688207,-0.08551717266166538,0.013197900234858104,-0.009241437649918652,0.06773552956148479,0.0031727361560589867,0.03755632683803755,-0.008040994412692036,0.06929639774027516,0.006784138799456803,0.04606228643948953,0.007521853511468981,-0.04161687323737963,0.06533812198175132,-0.0031841752538930876,0.01583619197219196,-0.005078364685880708,-0.008625395548288601,-0.05336629188254602,0.007922897246666935,-0.039592674693333774,0.023700431010586137,-0.014184215878221678,0.016964236398422032,0.04164576809916115,0.008472433609035126,-0.04024518954035567,0.016070644011395078,-0.056143203176534436,-0.0473356852068566,-0.018548041527368647,0.020760997552193974,0.03913743803637106,-0.01748923441783302,0.14688703417349055,-0.028202591363158835,-0.05039667275711978,0.0340300455276823,-0.01710337035218858,0.05961421276277047,-0.017753547416323394,-0.011140056549353287,0.0493365354009399,-0.04310761930491157,-0.03144725809187677,-0.011329491787188846,0.06896032260526484,-0.05179830727959447,0.03873015783289665,-0.028007385881299553,-0.026083909513693215,0.015129280520042416,-0.0711360996097474,0.05520904742156884,-0.033619633789014065,0.002038130606714752,0.1212837829039858,-0.06294752448568731,-0.10231112701005629,0.0059767780043449275,-0.08874303614720436,-0.03696455706629872,0.005018905858585624,-0.01774659061680077,-0.05681796115087931,-0.02935023414433813,-0.04731130326212484,-0.02279251923163101,-0.015608302130970064,0.014157156744721658,-0.05557983358191003,0.02289893366677679,0.03783016819955886,0.0012612505275934607,-0.00887418449351312,0.015597829546638943,-0.05863597244278754,0.07952535356277916,-0.014691057498148476,-0.032250954245579666,0.020595135533831344,0.0033736793898886466,-5.742282316717702e-05,0.020286504092798564,0.004329688173115926,0.032887287356722736,-0.027596680817724727,-0.012517830281324235,0.07654412007219245,-0.08537239599793336,0.0036075043263218568,-0.029670302580776797,-0.03265049136150086,-0.014557697831115168,0.014450110400687007,-0.05514429867119605,0.01450983476720815,0.07743829996244633,-0.011390704602454328,0.03156087116978395,-0.03753225492044097,0.003493429024101088,0.028223568784799497,-0.0018898701253594206,-0.0009697646311122748,-0.003683486806077777,-0.05661597145756553,0.06014213489827993,-0.030305283528829524,-0.01243202404351787,-0.029676318108461993,-0.0031018031278266236,-0.03878894022885378,-0.002183527679005441,-0.03473511828388413,0.005364595814675845,0.04911781514091055,0.07340847598994663,0.014133234833112605,0.021205128734391787,0.10037977679862982,0.00403227379777375,0.08944829689443054,0.06578974364344466,-0.00954192942211845,-0.010424373787660923,0.026742094548795507,-0.037507652047806275,0.0114796035944875,0.07619725698147008,-0.028468546429162776,-0.057068311447447166,-0.04207309862610279,0.03538824650386662,0.02356144965380724,-0.02807834916682071,0.02842732280943574,-0.07673059901573993,-0.04750347894915042,-0.017900958969246508,0.011313445774198643,0.036886413751669865,-0.032141982610160554,-0.025117342858028573,-0.008202254493398686,0.023233129531172313,-0.03470613756271357,0.014270163105065492,0.030982815296195995,-0.03638970630114705,-0.04752902559092167,-0.005189907939542211,0.01638926942454622,-0.02467325535261064,0.03813194711447514,0.04184309896711774,-0.013904742705156469,-0.0438398550638085,0.06532497975930093,-0.00016008752846673836,0.011315121253843196,-0.029691844107715245,-0.028065183520423087,0.008567325311502979,0.008646206767798531,0.0405854994783992,0.04396893045629256,-0.02502481213088718,-0.005954546982224961,0.0020957343622337713,-0.03691173484913175,-0.02470667619112839,0.001929780530771893,0.008401965781065413,-0.013105748583445098,0.009354028038804798,-0.10894097591452444,-0.02853267619379847,-0.034201809218179925,0.09224108717176915,0.004549651362951781,-0.03769206346594394,0.02499952221119941,-0.00557296374893484,-0.006279918557863651,-0.01986226036700809,0.02263986499512758,0.010638001188103938,-0.023056597143694436,-0.07110264137718962,0.007521334165917174,0.007627646294440897,-0.025494030494606506,0.05211988661098854,-0.02697344610752954,-0.03407495561859267,0.005427221164255444,-0.036204796499160766,0.01586265290880885,-0.024081729135689553,-0.04203692173052166,-0.017432732152086242,-0.015429167240225496,0.005529459418968746,-0.058693818134688915,0.08046161265685664,-0.06614033241022335,-0.08410449961965911,0.052230515900155754,-0.019650862833901096,-0.023429564666076624,-0.029793465391480305,0.027546680651351928,-0.003315029347428783,0.028971486809159664,0.052236235306659475,-0.06027252585962394,0.046424127436746315,0.020694862164735945,-0.10774967498894052,-0.01565983773459084,0.02870795313656892,-0.004382922493751571,-0.014304223889397845,-0.023916918469312362,-0.011190154143310501,0.05515161724844906,-0.07311076256121703,0.05384606238592648,-0.06251223660581774,0.048448518137550134,-0.047445885999533546,0.02213170940525956,0.08696610071665808,-0.05318847472798803,-0.04448974621223925,-0.05806631981237937,-0.08458206513766667,0.02997136752674785,-0.0810873897721433,-0.025188345697846736,0.033006060181465235,-0.028761139943758535,0.07171573916862779,0.006634612039986769,0.031831646496406185,-0.031587054852289305,0.09373399533380797,0.01488928500967855,-0.07826381534058012,-0.002302859933937666,0.008667108412700308,0.022472693285173158,0.03343598399478515,-0.01969772622403124,-0.03258095547407998,0.05694912746890687,0.048115947919249225,0.004976111770172402,-0.026434273508340992,0.051040931934430045,0.15319208368479947,0.033267263256872286,0.0985339708991444,-0.03442828744140681,0.07878143240657091,-0.01090276624727005,0.05902260090874459,0.02307281763710723,0.06467775149065874,-0.08663338129825181,-0.019235631228725437,0.07528875851621368,-0.022039587194443818,0.05047981821806146,-0.03460288102554044,0.005023511766356021,-0.004129018540061526,0.035308311309885335,0.011996030993015917,-0.04037443816424607,0.05193473841849761,0.06348226976494396,0.025345330591150725,-0.0666439227299963,-0.077926810243014,0.017818868945783363,0.0014233075162924838,-0.0049176779811142945,-0.10187042251614445,-0.03823969938454305,0.030065743993505926,-0.04018653817921592,0.11008320655608275,-0.043352692306812164,-0.006737853411066431,-0.04765073287424434,-0.0010916462910941838,0.04439842114845137,-0.00023439644804431177,-0.040472423432935674,-0.017127534929844535,-0.004533371283493994,-0.025246210139786375,-0.03332585752082176,-0.024353312973882903,-0.01624444056710205,-0.014871732408963877,0.01002360207539989,-0.048687641287253475,0.06479879059194248,-0.04887088906035786,-0.026026989953641673,-0.008931559233149521,0.07103952560421282,0.05333800979521269,-0.007876259367170634,0.011143606883700112,0.017809838300614268,-0.008212964826856503,0.07171436143608838,-0.04544734445134813,0.0029633999442586993,0.038058864512505654,-0.0221535475698937,0.04360934880739286,-0.040846428753191784,0.01165640509360658,0.056430751097102855,-8.009817507996427e-05,-0.08019360062311875,0.025638725474271838,0.018936431920180397,0.018179990189592574,0.010195003832058722,-0.043127726923446394,-0.09209711112200837,0.017578230658744795,0.003546205986664969,0.04008296327259886,0.07395632842786441,-0.09069819923860421,0.05041575171557644,0.03290126263838539,-0.08279133474441625,0.0007601730396628499,-0.033527685442662006,0.0045277228018258345,-0.04340042532811376,0.08917944449150786,-0.05046274995850313,-0.05803031322328632,0.05514071417740405,-0.023509066987973462,0.027747127869403827,0.007024342587725219,-0.030440680808646987,0.05229781262285201,0.05227344966634648,0.03501042946986434,-0.007142733016798259,-0.0004466042896511272,-0.016408705664353436,0.05327732441834802,0.0809544702552028,0.025172320705044944,-0.001221596961864553,0.010455580673900046,0.07284864884543155,-0.07240925200185017,0.03664401822233225,-0.004960857808949117,0.014661981512361904,-0.036924314537134434,0.0459561040495712,0.094195868713739,-0.06573327646918951,-0.013797453973581713,-0.022390294637485635,-0.01596391333406906,0.023607329582794028,0.03712790622154406,-0.026394459208619384,-0.01882738439738666,-0.02234794634270849,-0.027243780883661087,-0.04074280238286792,0.020206360344536708,-0.11349429318022887,0.04740459595744031,0.0776890929292268,-0.06530268660704483,0.08623109657766279,-0.10770459403864181,0.034963048787688335,0.007558685447444204,-0.034179538498705385,-0.014273344875120348,-0.022218781265415197,0.054364327232775046,-0.042907874881079514,-0.09657015025430929,0.01570902107446194,0.018613010156944897,-0.0007409112855027879,-0.006446698089158125,0.08606465967817815,-0.023638049675736156,-0.02198246698570672,-0.04988543356692914,-0.034820379914839716,0.038711490522393054,-0.0024375088958437873,0.0593151781812679,0.005099493925352587,-0.003071350331604823,0.04635434255519726,-0.057289536378962946,-0.048089455440790414,0.09897665290160651,-0.046417661437904406,-0.012267951037757973,0.05524441762017845,-0.009404176638978827,0.01651171443000289,0.002170694478705429,-0.02864648342874316,-0.019367386266686944,0.00276763503957581,0.08324503526491644,-0.034701858944584725,0.018149159486173495,0.0035439922497423754,0.06058279271547788,-0.06743691749482802,-0.08612156188362369,0.03213703248024709,-0.06322144358312277,0.06030983817857855,-0.011084661797109987,0.06549148420266468,0.009218664202884782,0.0016529866237688555,-0.02718815014351583,-0.002632504132691532,0.03955054038099366,-0.09031138410246456,0.022106288224976713,0.00901045135417585,-0.020717461836976064,0.042163786191357966,0.04815706092898909,-0.024241505000369992,-0.038956348779792704,-0.01067977896073584,0.053876713005821336,0.04434509410710106,-0.07541231142323264,-0.044315820874151673,-0.0037930549795199948,-0.03644671495657618,0.03513822534042263,-0.03169573348108516,0.008279784339213638,0.08391981716151,-0.03546113004912132,0.04295464853516385,-0.011645055443796603,-0.023826687797563195,0.0063761748035112194,-0.03486824668424025,0.011289995815544502,-0.0048823409066600905,-0.011451702824797622,-0.048419114023350494,-0.059751598675272424,0.009801452605612049,0.060770325984492286,-0.09339386733243292,-0.04558021614456616,-0.04964922826922947,0.006467161100724708,-0.016543609389863902,-0.10186456123906293,0.01135264387751506,0.017800684758809516,0.02335984432723526,-0.11123407058855879,0.004346081631657735,-0.013321701621531585,-0.0401950426465095,0.06711994860739537,0.026183276554596843,-0.04084151433084637,-0.025470320081233348,0.055807277266821075,-0.0020830677728732186,-0.022043833394349805,0.09030083916241201,0.02766002289040112,0.02445401573562804,0.028216126951423372,-0.022607187071614687,0.03753990472877803,-0.06329753863858083,-0.02769636652378459,-0.04982929712426049,-0.008267198973902596,0.07443347094765464,-0.005386734634545645,-0.020032511700687386,0.013082230643600418,-0.003864740928172853,0.13996984908615415,-0.048212115174060245,0.005018078925714403,0.07019787050794872,0.03983232732740128,-0.012488275795879985,0.013265709591839142,-0.03991051682977402,0.0038476702434532897,-0.019964244158052424,0.008686357995773683,-0.0639729442171849,0.02107590665377821,0.021419899414826957,0.0026450257983663774,0.00310694913695052,-0.004144316269384621,-0.009377260243700754,0.07062471197487907,0.0403413675762906,0.03580350446238249,-0.058459158587346356,0.035498320304538374,0.04052308395063748,0.031885578985604714,-0.030859003437051506,0.05709373239340461,0.08983788131192416,0.020691782037009568,0.08071570784428252,0.0525131306121831,0.07132423995499879,-0.02910618794536598,-0.004540567880163105,0.01626261353627985,0.06837020678610238,0.026290524495657216,-0.02605360540841748,-0.018550774957523334,0.03074931372984896,0.05602011661759703,-0.10033756631586938,0.02363854986334255,-0.029377765755953612,0.041735545238238116,0.108004607293815,-0.03241385712549181,-0.07227848994373401,-0.025961099382772062,-0.012121046599289942,-0.016895959370355398,-0.04865436820210086,-0.007978519624289368,0.0034049932332719073,0.010229951416466791,0.030586073980562654,0.008577372254870382,0.054129690220125766,0.10476929667223422,-0.08263179944980605,0.01481669088068696,0.053084991405971685,0.02970165065440969,-0.046709272913396806,-0.04471343774776136,-0.04050289833059591,-0.036803860055035505,0.005362253991932358,-0.026266198268492538,-0.04998532025556049,0.08367298007218081,-0.0191258008833249,-0.009852677443739315,-0.015520852564098046,-0.01475220346723935,-0.06540086834177374,-0.05022141762420219,-0.07163474158932377,0.04885986736524294,-0.004441442482084347,-0.010449728492380997,0.09358482253963989,-0.030030757446415344,0.05932034770511662,-0.021161957046236492,0.0010131242604699304,-0.03242623669929192,-0.004842501317042823,-0.036796086021824805,0.04334575453288657,0.12894827950484736,0.056901231748008825,0.06038472410271232,0.06117395985480732,0.009291138490262415,-0.05615595931369003,0.07400079947991113,0.006456170953447278,-0.01429903445836049,0.020941996108964387,0.05368546171207263,-0.03034131966772928,-0.12927064467834118,-0.037684424012572396,0.01558251656476796,-0.025233516265838606,0.011770494307250974,0.03960055309872958,-0.008823937138443514,0.01663324072872692,-0.02271622833405634,0.02512999195265703,-0.04348568556772623,-0.04180066894130474,0.027633925416989398,-0.036995537081092,0.06589224087997564,0.03864109163344225,-0.02224718738369051,0.01602874308626033,0.00025120733449543426,0.0446207659402742,-0.05198503736492293,-0.004122035345644518,0.015991863539044162,-0.01620586550342875,0.0030698957809411134,0.02741903559805467,0.013585717971695456,-0.0511197887352115,0.04597110372701047,-0.03959145529136789,-0.03322083134715913,-0.011066162931918425,0.02950982030810608,-0.08796451185775987,0.015855652101304296
0.06634545871139137,-0.007060550643692315,-0.0007320112918306556,0.07455449550777839,-0.05268097381865685,-0.0460304079333747,0.03665552885592823,-0.02943425783679112,-0.057823348127974336,-0.03504860402061794,0.039309263150258,0.009438682040928346,0.0038655713640907653,0.026933728057855988,-0.023378250870417124,-0.03571313546723941,0.03053554141397427,0.14569743602032584,0.06995894787703759,-0.053905352371458826,-0.012838728779036433,0.038841308720937565,0.04466201717177142,0.05015951703734554,0.01816065745588581,0.013205134724590005,0.02524325810543882,0.022609834522486588,-0.02798094153757323,-0.06597174854129176,-0.022679975167288785,-0.09317828160671023,0.006358100284652707,-0.03789495229834948,-0.00785393664612373,0.07033585565540347,0.05265267931331865,0.13028042010682403,0.07556041278023465,-0.10627693304500652,-0.026320154719674867,0.12809381904243908,0.0383425643950239,-0.024476993067866982,-0.2541486220527217,-0.003937980772907276,0.04717797020436828,0.038129058834482366,-0.06354153150671121,-0.06213541034094726,-0.043372910812841066,-0.026789790110511535,0.051355899144023325,0.016690229462167347,-0.03563129185317851,0.02878928007931608,-0.06407439764705074,-0.00944295419776643,-0.06498485827269777,0.07951867438386201,-0.057673817734787455,0.043945739881726203,-0.02516875815587158,0.04341746373006553,-0.01617643185547508,0.36909795548114943,0.2899471142457925,0.09243907064438465,-0.09487587414148693,-0.2043777945303543,-0.1760607765836663,0.2929205488223785,0.08270610015394954,0.11146515598927538,0.16603639110539084,0.26067926297427757,0.15994417313334863,0.16593499771209047,0.12060838412159057,-0.026642098564722248,-0.0784085039930679,0.01540690566394542,-0.02877234329983155,0.04173755148524315,0.12088179146703348,-0.014302762734210247,-0.07587715293550193,0.08664566764073446,-0.013400919247181453,0.025011035814580432,-0.09354743637619851,-0.08383508058906317,0.12776120538844057,0.10508225770480424,-0.13252089935907455,-0.11248477955281154,-0.07247318817202716,-0.02213026993647932,0.09201874872540454,0.09328171333495283,-0.023418806151937116,0.33167304660087477,0.32530006265523526,0.59750560869411,0.2552659627659303,0.2586987875678355,0.09440050893481032,-0.17318731348794594,-0.2214825849841499,-0.063118339874301,-0.03303509169708716,-0.02564406584380152,-0.050575667636262214,0.03033353938591045,-0.03312145845766388,0.025603409884967284,-0.03193212215340524,-0.04233847856511965,-0.10142583141771178,-0.06611348433561534,0.06772530864158027,0.015704648821340362,-0.20194407628227792,-0.24282236814017766,-0.47105132534577376,-0.056915194642107245,-0.3131397157875247,0.06633707627155094,0.024009781633111498,-0.1264862316169518,-0.4444675779614745,0.32352063349438764,0.23496821426153805,-0.11910886201115081,-0.15043937888613923,-0.311986537298018,-0.447844861901363,-0.09515349540400304,0.026691646690411262,0.028310721386700488,0.017685528398769294,0.06108560847522936,0.00368310365967655,0.05363883277817756,-0.01925618397182171,-0.07405171357533978,0.05232368205775949,-0.33253568553318064,0.018826477070332966,-0.32200646322441756,-0.18567802364271524,0.159549971923357,-0.3551815865939593,0.2694562407709676,-0.2838816014371682,0.3862938933187873,-0.4366177893056084,-0.10126162141631283,-0.3441039018457981,0.416966636539434,0.3039895700669295,0.037542781427015344,-0.018304801830366372,-0.36907217423033384,-0.16783865585168373,0.008330555853038926,0.06370515397451057,0.013667737864229501,-0.023513488326122295,0.009362548214176545,-0.039491900477546936,-0.0028704272436799925,-0.07066950468683514,-0.24665583090554868,0.06752284094132445,-0.047512720786923625,0.0810285735574821,-0.08643185664334153,-0.030560229560230915,0.06441230071686874,-0.17529844054086338,-0.25597486628395966,-0.4059538249508994,-0.17580318007793222,-0.48975164058347814,0.2648985478257876,0.05974953884647942,-0.18804836706665742,-0.56800894492634,-0.2341601608424865,0.22322200743370801,-0.15242081577636804,-0.2715102202071939,-0.1308387191636598,0.004171386870333467,0.019182910244665147,0.08876281256713553,-0.0482975234793843,-0.11758713392116957,-0.14121301714561615,-0.24123849249876364,-0.08380602406579336,-0.03790615096926462,-0.10507905292788641,-0.5609549142748315,-0.09548996752737005,-0.17442388883333382,-0.011754121465475009,-0.35393485982211953,-0.08136826475180767,-0.48898954235346465,0.0029877075945645595,-0.535806253973657,0.09465749868534279,-0.050311446332498955,-0.8254708585608235,-0.8481879741443016,-0.5545242354337903,-0.2826743190858191,-0.5290588783442141,-0.28660955376267383,-0.23425364780216268,-0.005954147254602807,-0.028927090080482578,0.002674570201372107,-0.06513518925996266,-0.0354606159811892,-0.0738798949405823,-0.07770096042364623,0.10986281189469406,-0.11427258628500817,-0.24013845146837823,-0.2578191607637027,-0.34871706226383326,0.00705950389258992,-0.37464898417738873,-0.19424439680384298,-0.045688655151744244,0.1538199624672105,-0.36316972346450616,0.24258386743018348,-0.12047118622747029,-0.8590138100541189,-0.9622041565517538,-1.1262569607632749,-0.9692658178140942,-0.7146247885593422,-0.7508667040467003,-0.3371085792858566,-0.317984624384767,-0.07418078946425957,-0.019372116756430746,0.012280437141827302,-0.06642670487140723,0.024459804381348392,-0.05985984470276008,-0.1619403336257554,-0.19138333433290775,-0.12401403320181478,-0.2538199314247939,0.2922243316140681,-0.4206918128327776,-0.36122403830943783,-0.4274554143060588,0.1320580416794923,-0.35027513474543215,-0.33915403416356704,-0.08774148164695525,-0.37909981361833,-1.4956586986212532,-1.3648674778092968,-0.5469308202067622,0.2337190339571564,-0.06416150244888973,-0.2435996899861589,-0.4984745534960898,-0.39102546201266625,-0.16213189655920868,-0.05174405731483596,-0.08205904639498333,-0.01506651366093588,-0.008717601194522856,0.07408007695341538,-0.04509928761796829,-0.1054377563134993,-0.03903744864143333,-0.037303617458267206,0.3046885698138595,0.1736899273057853,-0.26539694900728794,-0.09849091750982315,0.019848273727849773,-0.0833380731678457,0.2750887339668711,-0.439714701130445,-0.4757809311509664,-0.6856321955495328,-0.34389346275460286,-0.08282501086175305,-0.3027279245085322,-0.2854822932554387,-0.5153653363553221,0.0872083850039176,-0.26362774074821377,-0.08753640756538969,-0.2109380892972572,-0.02914895971662989,-0.042138130581714325,-0.07391689280325354,0.03295950677557105,-0.03731600257559755,-0.13151769459436286,-0.1663728728350538,-0.07728388189043521,-0.16591960833837627,-0.10792387760862351,-0.09648477896093076,0.2144216105866237,-0.1798827863106179,-0.31474220905906186,0.0686453994345847,0.07619508110671057,-0.1964833532503655,-0.4541113840945806,-0.14601720656696668,0.12017569544673437,-0.1977131761792099,0.1082861978783675,-0.40794735915722574,-0.3543469664613744,0.16577440142380157,0.49222391470988275,-0.05068371768631718,-0.41060333225251694,-0.2604226613805305,0.06959689124564013,0.028140310664489424,-0.08214920747960942,0.014698607706527703,-0.13691078344353785,-0.17199041001960239,0.16309775615994923,-0.04674885973688437,0.02533846877046806,0.22263905690735267,0.1811133944677376,0.22298153202795729,0.26563894656115733,0.3158741286121002,-0.09340982078145028,-0.19481517233917608,-0.22287392819360607,-0.02657967077467008,0.06553475840383821,0.05705391711215238,-0.10813898784113794,-0.1523105560132789,0.2055494107062036,0.04790125020554479,0.2383757982738169,-0.025165054242904106,-0.4315780629348776,-0.46076034419186007,-0.02926497617135394,-0.007298074239288682,0.025291703546174583,-0.08596653292164978,-0.0018510509404590632,-0.18036687898879114,0.03411541742192755,-0.006922700245851799,0.44289042650410093,-0.09283139608437903,0.02162240967279479,0.24955622637041042,-0.21416774022433296,0.3907307430108622,0.11073727786050426,0.009859245223151587,0.11154171823684209,-0.012893864840905985,-0.18548265426571794,-0.2200188205811259,0.019768100112429625,0.20959110676605452,-0.3434560325010308,-0.02352473058939299,0.3050053204788785,0.28703134576364414,-0.13144496911075054,-0.034885473832313406,0.06379417148235628,0.09705235818689004,0.02933784322838845,0.0512879582046429,0.03506663007157478,-0.08194046822370213,-0.06411953596751777,0.45725054968851286,0.47331047028350487,0.1424817696281664,0.13627416566489897,0.35520527379949385,-0.13252831372033722,0.10798907051679546,-0.6144107150095162,0.10639985264885933,0.10639617902736835,-0.3554204589111162,0.11799516458886097,-0.4302172767686846,-0.33220763094960376,0.599312666774971,-0.1735420134121666,-0.07293803886183083,0.4364065724876933,0.3801972106225936,0.3861373703826193,-0.04591376264701735,-0.09052331790565228,0.012100656934819069,-0.0012885312840043514,-0.03455520761244474,-0.047216660526026966,-0.035997100121823576,-0.1568356703382844,-0.08491360075628426,0.3928373608157639,0.531584375945047,0.15283040310520596,0.13659340580445142,0.24042204966751773,0.2454400162875899,-0.3386805709233514,0.4417308080910936,0.15359710958568742,-0.165829390925686,0.4415297990245903,-0.016805103829069513,0.22460771491995443,0.17663047447559602,0.057620054623699915,0.10292487195811728,-0.27545444279922277,-0.21250758544993406,-0.014136252812294038,-0.1937161210124544,-0.07566835629397312,0.03264195502816637,0.009036622676578092,0.03400236786771909,0.038419875097792044,-0.21382948159384182,-0.08630974203289472,-0.11395129316890007,-0.05102900389928983,-0.3033421415511838,0.10568593547900025,0.036933714581923204,0.4819647527563342,-0.05727125347571627,-0.45276049805088536,-0.13373978712326767,0.02979637544425057,0.01264596685120749,-0.47082180814931074,-0.027390079929031967,-0.026925981126497883,-0.3321855189696391,0.06203373260624087,0.43383414928862707,0.13226930067010487,0.03230455194537761,-0.0482652276077177,-0.2877544078730074,-0.011218251442030897,0.03351954015957176,-0.08207733080298608,0.07481722067955485,-0.044527237383409975,-0.24812650268601366,-0.022445282949071936,-0.17331258583553097,0.2409742577588114,0.05320284086943173,-0.07087151533667724,0.24869100315192486,0.343517421499314,0.13065065468157264,0.11181575352755976,0.06853608718155595,-0.1748166903912864,0.03956171896910747,0.12865779036844185,-0.11800001619669484,0.1221059970490559,0.347836807577619,-0.5057232393784281,0.16075465188473287,0.4575158046849528,-0.15102631735042713,-0.07509603160452126,-0.13690322451876122,-0.04318101183861914,-0.0005934382921938795,0.06339090468794718,0.057596611328371024,-0.0480556814141715,-0.08497943323182613,-0.06235089969441476,-0.4241962502660653,0.04653513189731397,0.4584677034665929,0.2181838545611646,0.23764261477901685,0.24210989037455563,0.32580046981056415,0.2304792593306696,0.12226266332649603,-0.12294248656432435,0.30810270110127735,0.3833181572155729,-0.11844304179351185,0.28301004109614086,0.10664027014991835,-0.184885833559876,-0.13382749703874464,-0.028246027471678325,-0.5257881931916839,-0.19413537133471842,0.004042765046709488,0.03013031056372729,-0.06416513986124574,0.014074281460588449,0.04285749196372457,-0.024971740719364664,0.011212362835945778,-0.14484341414524315,-0.2502388314121575,-0.4500275660613163,-0.1467049283965139,0.6491582574867951,0.6218389472818999,0.4426104782720745,0.48584644475711053,0.07186729178013054,0.20993177767404453,0.25806372363823193,0.425809901579681,0.020173042317289464,-0.06083853812828586,0.3264854128558414,-0.008663871248977972,-0.16279920375399595,-0.13890174761474783,-0.04337314764696129,-0.33778328345725905,-0.0916525791945142,-0.04463153052717099,0.0027356295906556575,-0.06933654336524142,0.025238861779417844,-0.023571997686180856,0.0783147130383474,0.007061507857863521,-0.026669964024026528,-0.05200604526591274,-0.15529682774870776,-0.08262419165585864,-0.22286465962895557,0.037220917800795096,0.011219700579516252,0.26874935444681397,0.5076786613049777,0.14179918615490408,0.41917985461155566,-0.13442814636259215,-0.1721806387120309,0.1720865130980726,0.38112793987272214,0.06849446282280532,-0.14107812381568813,-0.07881570398669052,-0.15101551302504929,-0.055664279004311874,0.035745492034020915,-0.06460637644567928,-0.0028854227333821743,0.06978494602907252,-0.02899932467770268,0.055040829047798036,-0.09352270872365527,-0.06590887257834156,-0.03701199029294796,-0.1908936358605138,-0.04285527458884697,0.06388091147611233,0.25238991586980447,0.117984081122654,-0.10393890933698485,0.3683407886826454,-0.007484267393443665,0.24801021700332,0.39266538029315934,-0.02125184775219808,-0.02312211300901313,0.36031068571081043,0.07647154984151718,-0.02180042393405155,-0.3541832862006421,-0.2126854633217887,-0.3115556554680076,-0.21108025396128888,0.11416047093656238,-0.07668096782699677,0.03873770552242169,0.016510928615012407,0.016493344231967258,0.04660652363247132,0.028888972781595086,0.005125597594621875,-0.11250466567654871,-0.1497715053515146,0.21218487184805537,0.061424217098995336,-0.06382432374449806,0.295723110342933,-0.015385964338772899,0.12775624626252738,-0.09771241038576996,-0.03672531773438066,0.5264492034466192,-0.18134683609688965,0.07878783975579194,0.027807155710601588,-0.20497445665021208,0.0026881179776406137,-0.31631369894813083,-0.23395575976361951,-0.19459461361890873,-0.11114449109958718,0.06815819533372788,0.057473997179362454,0.048960935238117974,-0.02044858630848778,-0.062243533678088665,0.0334217451525086,-0.020960299345104634,-0.16879132201563626,0.029556194025778037,-0.03114752188226165,-0.19531995447231473,-0.19443632008090198,-0.28425784932090825,-0.04853821400575394,-0.25191189983387685,-0.565788796570213,-0.21486136203776882,-0.321905541507561,-0.028026192001773174,-0.10858174770494691,-0.7062827202008205,-0.04139169496071401,-0.1696130454817485,0.013709002137618933,-0.18210188031049065,-0.15985759576727765,0.07357339111203952,-0.016749732178717933,-0.012123487991048936,0.0333401452897978,0.010267092617583714,0.04115120514447588,-0.030282430068581383,-0.04417402034106329,-0.03143830819614988,0.005143017625471676,-0.0010944386288919534,-0.10530181237654786,-0.06527437806620304,-0.26188788475682095,-0.11536785971567516,-0.21867551559800344,-0.08018892148407722,-0.12008400319500721,-0.37140306080641095,-0.18247808074473681,-0.2203180511684136,-0.2353997189730508,-0.2626303175459147,-0.2682224917921249,-0.18404496525851916,-0.15796026637418004,-0.07696013333184379,-0.06606887798772884,0.06635364622910543,-0.018050369451515665,0.039436156106417646,-0.07500134733156832,-0.08449340719449211,-0.033975198741608155,-0.02178660830300138,-0.019243211615051273,0.04649319603334936,-0.03960914850075766,0.06776169242341061,-0.037526907736102524,-0.0373119063607809,-0.09746621852241626,-0.012083822810879592,-0.037593579569837166,-0.038752815082038865,-0.00926449455329798,-0.07531325538991913,-0.12512842203983138,-0.01578765866948691,-0.01828901525766524,0.062411348450901565,0.03496867145175588,-0.0732530570193288,-0.08249707738959375,-0.09807164242354655,0.0023352001490738396,-0.04272614947480357,-0.03548016265101687,-0.021771861800294254,0.0016539570162687597,0.011998749493019373,0.022957150808495294,-0.0032125719424117884,0.011716524523323255,0.00013915367509564146,0.042118786703550314,-0.05684062255645395,0.013826441883688553,-0.00541866470501358,-0.01373797899434542,0.013922508537055721,0.06252438924757678,-0.0079346975518022,0.09543854599288047,0.05395264634404987,-0.034011108966402435,-0.04497615487391358,-0.026762301546330112,-0.10473246364877865,-0.03434359207338698,-0.1487197977785085,-0.06424384961753464,-0.026400767790417008,-0.0091804686798408,0.036028117415862516,0.00011104743624297986,0.05905411273862192,-0.09159543385009054,0.011350466534769248,0.046978669037424946,0.04346998610681973,0.04752423276850815,0.06838891908333691,0.016901941324585553,-0.06830102888461413,-0.0414325397912703,-0.02087189366996855,-0.00931842441724205,0.013165442003767135,0.011445407881066065,0.07644644984312093,0.004787495808481933,-0.015016893410665018,0.015262853216074106,0.06269625162883076,0.034464897718737564,0.010910259272609841,-0.11295331092470794,-0.04561668766420489,0.04141924411660612,0.09955301796414649,0.035547729687844774,-0.03561901156546026,-0.06776707352786167,-0.03361943311370941,0.03757652331575284,0.06655423948204907
0.05804656241814755,0.0071408056391629475,0.07765417225957297,-0.04505780779741891,0.024490641949742677,0.004550750543515271,-0.00979284257789848,0.09996483571706204,-0.0755523591663407,-0.006790542298696452,-0.002439564020197637,0.018377115820258194,0.020978654425013527,0.05512034233788295,-0.08565839108154298,-0.004412477746890534,0.009842687836857683,0.03852416726349843,0.017496540182360108,-0.018429518054992614,0.011247323632793016,0.037947264910493654,0.06004942389593128,0.03051280287992236,0.04394254241120837,0.004062083820064386,0.07742166183294392,-0.013225711968044904,-0.09461867052842349,-0.06262378764560578,0.0630908237657628,-0.03578389769718609,0.004021805369063719,-0.03146673728247967,0.047877964040735216,0.05930712798694955,-0.00837524416122311,-0.028986332021273965,0.011176342225193044,0.06363150567923155,-0.005191269111676869,0.0029394449087382264,0.03126968969847533,0.09346761942325695,0.012458520458783939,0.06546606598761158,0.04781828385321161,-0.005879679846107539,-0.02207785532498778,-0.038401473397883586,-0.055815963070637124,0.014249801880416323,-0.027013819952388243,-0.002796958095149527,-0.0036470788061563238,0.03050242566683232,-0.07233840128462113,-0.031170826352398134,-0.03825368297745493,0.0056706789222627394,-0.012332958209823393,0.0028080127655522244,0.08260413419730853,-0.08727910950305537,0.04849090305453307,-0.10378147610785347,-0.10087920246233555,-0.011981354467670595,0.0010550266098015432,-0.036906338903063336,0.01505885863501397,-0.07300643261294149,-0.009351360745052698,0.05973290587622423,-0.04024115354235464,0.07840162971663228,-0.0417568350452358,0.0027941098725774677,-0.04057026831772765,0.042174226733799426,0.002197538871769332,-0.041617134606328404,0.019280660122252283,-0.005646508297456231,0.0060692527922320315,0.06481916553582028,-0.00723708335106152,0.026545866496883803,0.1257071253422464,0.0543407159573847,0.0030401282763089653,0.07347941604794897,-0.043406914694836825,0.01252560767849627,-0.04516145659405876,-0.03938686366392603,-0.005442048447750614,0.045994198135642074,-0.00627973782294748,-0.018924296636711874,-0.0014496619261210857,0.05651984582419935,-0.02430738954084623,-0.02852946519087977,0.005495106258039496,-0.007036274369664787,-0.04694242884025827,-0.03305281598221258,-0.05531164764480116,-0.047384349714885136,0.048912520989655,0.013902804636316358,-0.026952265656269393,0.0002781231480553609,0.0558247145214299,-0.019857148853533055,0.002203900996384846,-0.05818406966726599,0.05114974222920772,0.11501650831178686,0.05465417852211502,-0.040292111004238934,-0.06573757740595021,0.0057279940879901604,0.06959751648121038,-0.013526142774158121,0.03215413989695623,-0.004849050437549958,0.06808875028292455,-0.010872078162166742,0.007783663692989019,0.06186870837311815,0.0049286644554602,-0.034332670669726686,-0.061312050538201615,-0.06937312407640216,-0.025884140705363882,-0.03432276717076706,0.07884955452405845,-0.013874563485497773,0.01818728714171716,0.04986067241906993,-0.00202742886152241,0.09599513582182355,0.013473706643880388,-0.03858387641411379,0.1136929182154361,0.15993938888059722,-0.045209350602300274,-0.01636536906795484,0.03662988619416662,0.005230651416676819,0.00020205875114256253,0.029348608959562934,-0.035952307075328885,0.0234746794145473,0.025882495674873572,-0.09450784794183081,0.0176535321617594,-0.05526823443195017,0.021626405075357062,-0.06570399543961432,-0.06518480379765318,-0.004352386438047491,-0.03756070691924682,0.04694381131101301,0.039350969261843324,0.054793836644099064,0.0588853483961519,0.08243590754570404,-0.03231646397132485,0.0010244535583852946,0.04196416054809586,0.012233625476516219,-0.0053707603316431275,-0.13107574459754245,0.019703342354520936,-0.04064832661477666,-0.02768240050522305,0.02659784525817017,0.011614767913696911,0.017090648124214458,-0.06439441825549794,-0.007566936695621619,0.0009590008688676718,0.0868807845014044,-0.06251278965313928,0.021135922831459625,0.05142315145365057,0.03493842731384007,0.026637788362318088,-0.016437808220246337,0.005842730542130825,-0.027451774847375956,-0.10156529205443239,-0.02054963144877429,-0.05240960445027383,-0.045363127476026055,-0.041840928449073674,0.027223674245761862,-0.03252691474760952,-0.033612689263239834,0.0016046612942059199,0.04861546311836389,-0.08544925960372216,0.050064855752264006,-0.001763498482857421,-0.07687468889117481,0.09129013615921315,0.04664880814365179,0.00402770963266552,0.05109085671483665,-0.027161270403503104,0.0324557407370058,0.03685453737084885,-0.0651618801580336,0.018814154923630515,-0.04212941557654684,-0.02233392887459574,-0.015036405532863435,0.051942444590374864,0.052044531106752744,-0.09481148049976716,-0.028308761149376267,-0.059809498023438,-0.08171056951896076,0.018187708790192745,0.012082368143539182,-0.020395511870819297,0.01832868454493566,0.02196080433213005,0.010883470440764759,0.0046490787635092646,-0.024342877726739653,-0.01125087558082868,-0.0032783010929448224,0.02142300788636816,0.005390576632253215,-0.027121811573061618,-0.0017658415776305861,-0.018199488517760556,0.02005242617617878,-0.06300197364841245,0.031572487793913126,-0.008679107623967484,0.019179762443304004,0.03248917410217467,-0.06313125826949988,0.012785346193899899,0.07059907010684367,-0.11553537679841587,0.04507983472605613,-0.024689748408250643,0.06034274512454219,-0.04050362333519756,-0.03053416812435015,-0.027197328299747768,0.01905063122998431,0.032829427250229505,-0.031182258571778993,-0.022757416856320403,-0.03628967577115936,0.056844876268950066,-0.0496136913488652,0.033646101288057347,0.024415975533768473,0.02605505197665123,-0.018206197839876852,-0.025422453671229583,0.00913819735023779,-0.0011957963809660465,0.04486209212098682,-0.0679398414751052,0.044861836620983045,-0.1038051625521259,-0.02955713778196611,0.05402988534931377,0.09849983684378211,-0.009085954904316079,0.09540459443463702,-0.05216976129901543,0.03608659288586237,-0.07888036262786528,-0.030675639945384147,-0.0483933109423255,0.005952992239351738,0.03551621850342843,0.018588362131198122,0.06892508621076407,-0.023409637484463404,-0.008524680918797605,-0.09976268974657916,0.08516244698484707,0.03790485163709929,-0.001550839408670918,0.054772905573659755,-0.028438479560330607,0.039647386205104725,-0.03048429868321823,-0.0017694523984753759,-0.04551273492536308,-0.0259395812537907,0.03111843695281564,-0.03395891247107204,-0.004645239055615365,-0.04174054760008134,0.07932905577981852,0.02950986121915086,-0.05112240856783634,0.04332715352563711,-0.06999902629987705,-0.06531213252244039,-0.0147600850418787,0.06070948938769508,0.02714884226775049,-0.07150431869894897,0.020945327989807812,0.007879310650897173,-0.015721229332417215,-0.007177680825428324,-0.11588202221456131,-0.05708120028537461,0.012237592906853667,-0.0032959808596992545,0.0026522130093320126,-0.09458985019516494,0.01881134207063634,-0.02608508562534956,0.07222169059600592,0.013671691193590312,0.018310273583687517,0.0006269736997711929,0.03416218512373957,0.029619897542614505,-0.03675263908158922,-0.010692046452301446,0.0015195620867576008,0.033703669791659535,-0.045585196880477935,0.03837175581326672,0.018487060898621233,0.0011529583656275104,0.09836140586846888,-0.03928948349186455,0.03636967779164473,0.022664724079725737,0.016886657680713787,-0.003779834175607049,0.08574918948144872,0.005894987357266758,-0.01021299544106102,0.05982609748303111,-0.01996287917384423,0.017650939022510175,0.009016544098948195,-0.02151350723965659,-0.011623677840742407,-0.03209701973719083,-0.0559308942113058,-0.013513789218350841,0.07856342899993377,0.0974103200016406,-0.10785709262620757,0.06685215657708694,-0.04303316510290013,-0.023030684283579347,0.024589171335808582,-0.011743046965229402,-0.11969911077173374,0.004720968742839888,-0.011612812474957147,0.044772344781328736,0.05185288560051696,-0.0026308509160513716,-0.03725011503793619,0.029310454740959436,-0.03146613718502046,0.09685297097065139,-0.007648572842753111,0.018485735371749877,0.028466580276699106,-0.033849207411111484,0.042555034811024454,-0.022286393787256432,0.0012771222265037865,-0.007149848857771805,0.0879813500002177,-0.03437083982975364,-0.004025865191527325,-0.06866166500666547,-0.024190498832200227,0.027057710301309833,-0.048181275379677875,0.08919908288233251,0.06755402137122078,-0.0007767147087879019,-0.016248715581858416,-0.07071776288269604,-0.03610732675439598,0.04304199841472889,-0.07988878340647766,0.013463128285682316,0.0009857085689548403,0.02088592870831249,-0.040152014358721844,0.025511041920280968,-0.028075652576274437,-0.05110496934596296,0.028393780801432646,-0.0014782531469420658,-0.018490929462759497,-0.038281739579750965,0.08814539525932132,-0.0036811795398848227,-0.06766218721171445,-0.03145107833879658,-0.026569930280622614,-0.059264496997854674,-0.01488231413398503,-0.05635178908337752,0.04332364805342358,0.037440222189325724,-0.09052609367580146,0.03505705821748896,0.07619291787381546,-0.015950170125283093,-0.07483848970753035,0.02869159332470433,-0.004792837381486011,-0.051111294318372795,-0.03840145949921568,-0.020817738136094225,-0.021839656585751956,0.024322405986117755,-0.011470452023424166,-0.003693336547819866,-0.03022524787282048,0.011961297898907522,-0.028264076430146043,-0.001252227434603773,-0.021820096155631158,-0.053552893252440656,0.02311410913441386,0.00489938588793626,0.13558787673947545,-0.0994185353246869,-0.034989607541036506,0.00035713845105485667,-0.046930100973863846,0.010188605071017135,-0.09608887786959941,-0.044064343181417776,0.08485762162088456,-0.04208685057390399,-0.06402713750990645,0.008928349653692417,0.03485164578975457,0.044297985597128955,0.003707617503497246,-0.024596947656092293,0.005678659400891588,0.013871421027879697,-0.01273239181441583,0.061903793813873696,0.01188944140466861,0.01093411124211336,0.04974810016100303,0.0008517932693482788,0.005724641239653724,-0.005509337486781042,0.032913223990220744,0.02672994688034755,0.06883056424486772,-0.06753127901152038,-0.020409024915045808,-0.09403550361922344,-0.07276779441924332,0.04837875483897777,-0.04360878803838826,0.060752454177760505,0.05147483304564292,0.022859712749491945,0.07226593744326681,-0.06247058436726867,0.015647802355917874,-0.07283365430915746,0.012686658880929598,-0.018357848597613947,-0.03386563504716134,-0.004022313807965918,-0.07094082879573708,0.01383109869875604,0.02324703842526766,-0.03485572614041181,0.0037842902559537916,-0.012065712828438869,-0.03320715879089705,0.10782062158029819,0.01964399041873583,-0.09758347969631889,-0.02258443039900148,-0.07109888203994819,0.07542565783819992,-0.024941054054760554,0.036025449469914025,0.004597312064375408,-0.057334113952569765,0.042681639481817364,0.014768646348933028,0.050125094280802175,-0.03199509031654304,-0.016892683655634202,0.00888681192214413,0.060473686121352975,-0.01309886841637703,0.0401484648912627,0.03673648186089798,0.03154711431765213,-0.0024496148645194236,-0.018425944776517746,-0.04641548203685426,0.11641628134198936,0.01814809756263364,-0.04222977804762041,0.020544928817698246,0.004528269587375297,0.046166586707598226,-0.04305140192834712,0.011366780972639646,-0.03520006495895107,-0.014780504563847807,0.046424766385334715,0.013559915615628935,-0.05473340703388072,-0.04499862338769319,0.0002681935073685387,0.028225645278625124,-0.010619343830858774,-0.03647679519252308,-0.03225506302449769,0.0302159480102797,-0.08805805021424444,0.06865668586865456,-0.02992384594922428,0.022681715841948787,-0.026036477943836712,0.0030716040760886986,-0.028682387150353636,0.003851333361622667,-0.045196787582516544,-0.02781002752317756,0.014530758987160837,-0.02246357814701209,0.05885286713080046,-0.014436403052903014,0.03158133761504688,0.010314747425721346,0.056499478513414685,-0.03257894575011802,-0.029887032558626767,-0.05352031999443825,-0.021002284720647867,0.0678584736108548,-0.04655195103618925,-0.03790258129434416,0.014910174284179796,-0.01189556667826465,0.03564838183541299,0.004394156487327416,-0.07254625459746937,0.011903533666374647,-0.05019305532041419,0.0183859750714726,0.0719344961374265,-0.0003276337452314334,-0.07106870736258372,-0.006375897660607963,-0.01974947602857224,0.03334091361043463,0.06040889373494201,-0.09802439247011802,-0.04172852406024459,-0.051550379002442095,-0.03786659302414713,0.01870142359738839,-0.0130769632897495,0.06897153549032232,0.0043683931895074305,0.021840195866297738,0.00932843424648216,-0.01141648636599201,0.0963871393478113,-0.0067709118748937435,-0.00471887879178646,-0.014898330130848654,0.07715120047030648,-0.0231284506500469,0.14186019140704192,-0.020084898094229545,0.029279915514969283,0.000629615539861355,-0.0445440097206019,0.037783484588042184,0.006798982487359521,0.015980581874668862,0.0056701375625676865,-0.07420551166483313,-0.007853945384273598,-0.006875241708642419,-0.01634724662482059,-0.010768416819718676,0.05358226964132027,-0.04617363875934068,-0.100605801235956,-0.07677614109656897,-0.04982588219296137,0.14168063914757872,-0.10771041577467678,-0.011985087593446271,-0.05473159926760021,0.027892112557498495,-0.07669761595041165,0.12510002571645776,-0.03734669203363154,-0.03946999822154726,-0.006675331944371977,0.002258998927001621,-0.0439492747074138,-0.012366592683910738,-0.02045033348927276,0.06351794587905334,0.035833632660072744,-0.10272493997871009,0.05759362698089712,-0.03970142220848807,0.047300525427289845,0.01718169935045728,-0.0219875223539385,-0.024037272665292545,-0.03800406452344853,0.04788728481555179,0.02193846456774241,-0.06572002515232063,-0.0251168139506752,0.0008399014748055504,-0.07581310526631345,0.11464450181013805,0.08500330025402125,0.013599290266843127,-0.010874686941051764,-0.042185452622719236,0.0041942671944263064,0.018459614473297647,0.02523889888383669,-0.04210811730758379,-0.02011135959227284,-0.03601081175099052,0.06994576429048334,-0.08258129610685497,0.04459394764568852,0.06325427313988591,-0.044958396072831995,-0.04519413444257338,0.07314257246446787,-0.06150689324357528,0.09459956205130701,0.0337308488616245,0.04824850539123128,0.0034488004482068225,-0.04766980220206878,-0.015014159560599979,-0.013767698034903852,-0.021057473581173266,0.058786428494727254,-0.00878700187810699,-0.08628968490970157,-0.026150550929165094,0.029008083303919227,0.0208692426410076,0.006041551133640585,0.03128875420683727,-0.02364600545571578,-0.004094608788104279,0.058741888950139695,0.050549818056858944,-0.03204769643470215,-0.05692750689350519,0.011168379853479873,0.06338963200912764,-0.042633877145936076,0.05405161194846302,0.014734337695945737,-0.015850305447536087,-0.005635082858688956,0.06827836113861063,0.0030702155396054214,0.01639673206168598,-0.05795067623992459,0.03310048644261368,0.03606142179480678,-0.015992863869994534,-0.01935508390346046,0.009653008414257553,0.004187618797516787,0.01574657735632363,-0.09907906588551074,0.027644089059675518,0.017219615650450656,0.0028164633549891066,0.05725643369990513,-0.02647595219004843,-0.029513463387382765,-0.04509775908280536,-0.01937700091149026,0.04822681972636092,0.04354919297103295,0.037476920542232624,-0.11770743414314824,-0.04830367300573848,0.01935652672145696,-0.00015681374730032587,-0.05481697117790321,-0.02474979930900721,-0.023492357466957006,-0.07364303039032437,0.07644024594494757,0.026641028826270997,-0.02895657161602971,-0.0344809722458624,-0.03064709047411055,-0.025334303564965563,-0.010885970827211593,-0.02623755559165099,0.033800440847774636,0.02801319126270297,-0.03468633933486593,-0.05497715521886133,0.0028672576259465396,-0.032514070078698123,-0.001493135504214155,-0.0270396423357266,-0.055039182397881886,0.024858122046231248,-0.02593109878247428,0.05287718193453721,0.055989966154575604,-0.029990047140395555,0.004620852632843508,0.029776203923319117,0.0036684429774152157,-0.02561435780699057,0.01637058636934311,0.062046330620856315,0.06732675271951238,-0.026525085257166334,-0.1030241837475062,0.004003283276773354,-0.030090266424054855,0.0361856056571141,0.04249649559169822,-0.0023963688477130853,-0.08278065357927938,-0.02897867330600671,0.0035363444431289327,-0.016108382549495044,-0.08303140111222834,-0.007226669945740007,-0.011551123138280777,-8.658328030133083e-06,-0.024773626171351117,-0.06729934077312655,-0.07174486819747247,0.09252533824806558,-0.0174983792534881,0.10544514056514137,0.024256427881930137,0.012868571059295836,0.042464327908158406,-0.006413791508660114,-0.0014622713083525059,-0.06768600327964445,-0.05142827032979229,0.057268562221809725,0.10928204891909726
0.038031145107763606,-0.0020943717307487296,0.06850813184830491,-0.034384058082807874,-0.083225833688517,-0.049870554120007675,0.01331438300768895,0.04577903853488617,-0.03265430601551506,0.026672761510504357,0.07556543068239162,-0.06644385481826828,0.022893797707053375,0.03437923559163489,0.07508409649129086,0.07682183856868263,0.04591748711489256,-0.03421109751810158,-0.041178739871337716,-0.024973057709785737,-0.06522501531650952,0.03881724868689425,-0.05553845162134831,0.018029348617629278,-0.014397584636151543,0.07099010769528025,0.07264920307653747,-0.005331408354765458,0.07046400669327568,-0.028617211378360985,-0.007401412000462294,-0.0668566075295618,0.026688787177098144,0.032898383239364205,-0.04823122894838935,0.004965324860168325,0.02557284141138914,-0.030127234837601588,0.05344989297959676,0.0157709491902692,-0.05083837196690112,-0.059541337715910816,-0.05232740828637326,0.02941759111857745,0.05438199074059706,-0.011336711344981161,-0.03815783712597952,0.014168525672173663,0.028190720718870018,0.017171818541884175,-0.02866723080091632,-0.023137041241777654,-0.016536679197409733,-0.06526626932825456,0.023030640100639294,-0.03756226684856438,-0.051125817377609614,-0.06858830161361058,0.05631687040513686,-0.02462860791773268,0.06708642354840538,-0.07718658842720187,0.0718580783798158,-0.042192761410113654,-0.04875358781630013,0.001472125250359374,0.10842986346388853,0.07725768010643567,-0.035430686205842145,0.020289393487907256,-0.0397959770379026,0.006467490554818477,0.034631340636835685,0.03032845858359931,0.0014181252105134189,0.10023042560052318,0.04463509225409329,0.005440146687477579,0.04221963500851942,-0.012025998524254832,-0.017992724421504833,-0.02197745969294696,0.04174039272805698,-0.028946676676218985,-0.02427652153730223,0.05198834563891634,-0.044777438436187,0.03530238214301862,0.05091896692198484,0.014765977273659478,-0.08096887174934124,-0.006397572938580446,0.03190173135700617,0.010601450728158776,0.007252884251467207,0.025972908963657573,0.014629627843184553,0.019815523868359816,-0.04408515305872181,0.014713953201192393,-0.029379568881473344,0.07002703766917509,-0.04802355737841751,-0.021775650325327175,-0.018259105412862887,0.031494738721175156,0.05465905907339157,-0.006798193811393947,-0.018216724789968785,0.009893542390263264,-0.03970136870664099,-0.00153914570028845,0.06057593441466727,-0.01666439723292096,0.05298550207079255,-0.013545531716264752,0.07192853931141321,-0.043196552320425796,-0.03069854735403833,-0.029942283033060662,0.03566089081726291,-0.00815288607156374,-0.03222989905325968,0.010095659731050078,-0.02648784107698696,0.02754899307551735,0.035955521760043276,-0.011425601764850588,-0.0002080097188869653,0.01949570918765807,0.026215014584048114,0.019950501562592517,-0.04048622581380115,0.04156979761434142,-0.01751932458685216,-0.03749588987649226,0.025004073170215545,-0.02042195007389658,0.010397665855298232,0.07131758805038901,-0.09135882660479022,-0.029581445260772235,-0.003630306114115998,0.0009089173346464283,-0.00900706591597245,0.04442390364106191,-0.07948418768825778,0.06976522324438583,0.013948788865046649,0.03549316964702158,0.02211926217849135,-0.06332608861699703,-0.04737600731580791,-0.008154570021106295,-0.06812300309869165,-0.013556669704692775,-0.01989442116651214,0.03984127116355053,-0.03343715395426958,0.03193303506392357,-0.0202095645691459,0.012088038186425792,0.001132875511735299,0.004904638973866719,-0.046295150428408705,-0.017295568588059303,0.0888999366158395,0.03703060382884015,0.06723127186792126,-0.00461628860869287,-0.009855076470842468,-0.0004009866455629691,0.10329760299461702,-0.0323069378711786,0.07981873849145499,-0.058997159396022576,-0.03042917137717192,0.017440569721898634,0.020305849730188015,-0.003031732499123252,0.031195341854749016,0.058752136042171124,0.008237376382865586,0.0002845110703346827,0.032682307538789215,-0.06866565782194833,0.044392219006122974,-0.023444783979652287,-0.008244707877544536,0.07873095920848558,-0.02874184020389977,0.03396388932421356,0.05703578300749426,0.019170226951621825,0.14370454462395824,0.041306472913028115,0.02881315934359583,-0.0869982825956259,0.023573234289640206,0.03694624158089674,-0.05527713030831084,0.024189683391801067,0.015939967523262027,-0.015090611789818525,0.02247981104253105,0.0273220385180526,0.03200778528871203,0.04655658620437765,0.013719594314700576,-0.06593629993470351,-0.05387047123409907,0.007453360460974998,0.039057699763294734,0.01591932579395249,-0.02775655651366107,0.027760777353795594,-0.003077825205387153,-0.02849609740965385,0.029856163884513866,-0.0030660950383279437,-0.03730780316081519,-0.03922246327835867,0.037563883514393194,0.007088643454592821,-0.05624571464711264,-0.07192859123159673,0.019485428480548725,0.034685339762202116,-0.0001351518838434111,-0.16575014849045108,0.06398003344673811,-0.029766345040326284,0.04140921484429783,-0.0704442573566772,0.0012074082292815665,-0.052491652796054764,0.024047931255357292,-0.0021403901845161166,0.04815134704851379,-0.02943191369121894,-0.016146283045595768,0.028251462601897207,0.03340487258731186,-0.019456220156202363,-0.034613612456293505,-0.004665534089217874,-0.034009026447442775,0.05820186841615936,0.008734159231365425,-0.08600721308904939,0.04493162997905735,-0.013874700563192116,0.00023301362045795166,0.03064779634649828,-0.07100536002430984,0.024104194077790495,0.10581383611894299,0.06432847113803407,-0.04035912377945543,-0.08250473773231838,-0.008770237429680085,0.09880269455259287,-0.041137754599955674,0.053882113162458486,0.05752415136417732,-0.028265028411769002,0.012175275345562649,0.0411137106668759,-0.0348258119218408,-0.0316024780484332,-0.030046366648435716,0.07875175022018982,0.06164254732043421,0.011548987423103995,0.05358624282369634,0.038943434538500535,-0.010135209326785275,0.09344747362949915,-0.016411255126203575,0.08767211778527818,0.012371038056377294,0.029145194991644717,-0.004256494136229141,-0.04740805355975222,-0.013528697908780231,0.038557791242923134,0.0038668564499808908,-0.009103344013304948,-0.08029551816842832,0.03581779107776944,-0.05626418416334062,-0.006520377072230788,-0.01946555805533159,0.004963357643190674,0.036176227438109596,-0.0375382090632841,0.035260484134663164,0.00020160394825431075,0.013923021984226697,-0.0407057366892223,0.04767088904988176,0.03376246992268858,-0.04316000152798297,-0.008510262036145721,-0.010348116804360812,-0.009222496168008035,-0.0008692279697512091,0.01626213040949871,-0.06550003455603176,-0.09782957225402568,-0.07319178129985025,0.015591364657466094,0.04530324981587283,-0.010456054262371403,-0.007366715702763642,-0.002229867882726617,-0.07848672709162918,0.029856452483208413,0.006493030372581478,0.007929115174916969,0.015812037333842233,-0.007730175342888894,0.029115545917384317,0.023320365958431385,-0.0644808861586346,-0.007370469475423968,0.03262521748430883,-0.0198394361429934,-0.0771242151324875,-0.03157362394541472,0.011172679983386148,0.012184643219247704,0.025368748651826,-0.00964639252539305,0.1140429811219681,0.03523754549026065,-0.06887815099279332,0.03488834693762567,0.041195575346762464,-0.044763822726741294,0.030260409842648436,-0.00116749666089087,-0.03264830376046364,0.025386722706672207,0.045981554807381544,0.002113517173616081,-0.055116615772388466,0.04036184560250597,0.053014025696156736,-0.019711750154442032,0.008125917982191316,-0.05386958659840213,-0.057878109689480005,0.017027549469221616,-0.0252331590014812,-0.011812910092314909,0.0075349388832313974,-0.021839038217409013,-0.0018434678809504776,-0.008666016816621417,0.0072856171674146415,0.016382381242061275,-0.12542376699678304,-0.05738074952634115,-0.07983325167363765,-0.003580437329029339,-0.04619027079745525,0.021927790391948917,0.022102206639759554,0.0014440074386069513,0.023651787991324547,-0.04574327525326627,-0.031307445764012794,0.0334269099044733,0.054430584976819775,-0.10730188009388959,0.01568399683921271,0.024345374729100328,-0.000789696625185981,0.03556114865875194,0.05416324762142146,0.003808646551608425,0.014432101499129464,-0.025677660490604437,0.014593110449974049,0.03651576390151407,0.02147634189422198,0.013603163002171945,0.04449117291638784,0.013099804800927683,0.0002822546025700725,0.005064408329053962,0.037635643242028755,0.03610092880113995,0.023068693791643814,0.06714590339998112,-0.044821254610253575,-0.02437991225783046,0.10154674945318659,0.054032651774791926,-0.0069473552516446995,0.03151282188086278,-0.04078986161721809,0.04251839773540795,-0.02486477768961075,-0.043563853545443024,-1.385341590008959e-05,0.010040356670593116,-0.011383274206106055,-0.009875117399289285,-0.04301744837107389,0.05042883513678635,-0.03862219386320541,-0.01826110925573463,-0.029487958317463935,0.013349490953890233,0.03221617883328948,-0.048506779819490656,-0.022375224674879842,0.06928389958532181,0.0976143929985853,0.041805410025467046,-0.08240727294185542,-0.08854510009691248,0.03490950749351897,-0.009599800111008078,-0.06063693324874784,0.008602991662227312,0.002984305703415245,-0.03462871352526927,0.02258954795188807,-0.012659019460985205,-0.01818698646646548,0.025088165743209486,-0.011293122881911772,-0.010329083371589162,-0.016431870912773018,-0.008999004877973204,0.04356885389826085,0.0803637828790472,-0.045860709987289514,0.07813872863103705,-0.003912886888653101,-0.09900155857524977,-0.025210114562938913,0.023125520348853658,0.057611880518529425,-0.06897421102038719,-0.04354489215188019,-0.018454507899598863,0.02124820855506955,-0.026502479283860136,-0.009679503679252226,-0.010242385062346437,0.01912998615626372,-0.07219014437920514,-0.05319425920916494,0.006407598717478764,0.011207743823238631,-0.02934271569495154,0.021072144874958135,0.04006070633236903,0.012820070589102861,0.06012991327496791,-0.02459632134480978,0.0013208747488760598,-0.008812942478669584,-0.08486751194161363,0.002402054241269133,-0.030946890554344998,-0.009497754368658448,-0.031796544897935826,-0.03097374159302867,0.028212224427554285,-0.05466028943175212,-0.059798329325879,-0.06632009107457099,0.036106588999812256,0.0034071344328020056,0.010617864379352174,-0.009868576048179058,0.02545129477966242,0.009299923551183838,0.015447883152325337,-0.003330853069638925,-0.0038497829476966234,0.036585248325486625,-0.013204774052154486,0.012240719503731432,-0.0927604599132028,0.01121513645208557,-0.023495016247802727,0.05393487255135982,-0.05782791487296472,0.04687170564077623,0.030847660535546266,0.0031668322459624766,-0.04174035680441493,0.05579010869312666,-0.041072472477246304,-0.015707954801887414,0.03066456631634043,0.003094976156187373,-0.058216291098309905,0.06999460614283091,-0.029497318982839943,0.020565289366533724,0.03831190456442401,0.06810584442814252,-0.024342168500982725,0.010826463830324873,-0.0036195816359146124,0.03195909595428593,0.04851040806931951,-0.05650844557016103,-0.04520100843169122,-0.02184147331792271,0.030112431433951134,-0.04814904006058659,0.045650326636235986,-0.010204494010517262,-0.05796352099978982,0.05346927059930833,0.01932119189163419,0.04936512266322531,-0.0026226552538366117,0.008903085510102415,0.0595811384858443,0.014267957945550877,-0.015171993241945446,0.14478984100041145,-0.0010474016408028297,0.021386786939741134,-0.020298046016487523,0.024901506703826775,-0.047170805571142234,-0.050119502084188944,-0.007391100261007995,-0.01656227874223641,0.02074370100767751,-0.06485996928441479,0.00596487978181689,0.03142475816286661,0.01742798911538804,-0.03562925636156659,-0.041840574175200186,0.05793988531413967,0.0013296058753229532,0.0017146166596352184,0.006657812998980477,-0.023855704914799568,0.01980352737140906,0.04553755874943753,0.005083998460100893,0.013397979516447788,0.027832200458779467,-0.0503411888153171,0.029433678038579356,0.023193306458422987,0.018265751616187546,0.0067039102782686655,-0.05337427187656179,-0.07364720092596207,-0.051300911631933385,0.003582691679225691,0.05288802255662162,-0.028743907028043827,0.0005843578621474675,0.01168460635815352,-0.008408472081952873,0.01660027183373832,0.002509240088369779,-0.02873773402298603,-0.025553156396681695,0.002999276510418218,0.009188485138923766,0.00035147941850987836,0.03562184902753307,0.017861816908843604,-0.04387686534572949,0.009472311435044392,0.11793301857931662,-0.04911691811452385,-0.02249927307404819,0.07333955873075808,-0.038616161593815056,0.061339584355134744,-0.05588243523607777,-0.05081422745592872,-0.02552309928433901,-0.024605588070983307,-0.07388393047051824,-0.001945587493426243,-0.02635363098751451,0.0641538341426633,-0.02061624549262378,-0.03432806885660841,-0.041113815532290716,-0.012507614036423637,0.0012007742626684223,0.06760241218788125,-0.0019402378675146032,-0.04115979088894972,-0.07725739225462902,0.037843614886112306,-0.019231414099893093,-0.03903208080460135,0.04719152543934797,0.010781864656328015,-0.07200948629458502,0.004366695793780206,0.05073103051788759,-0.010678598159851435,-0.028706669553981674,0.009351625877673636,-0.10912608775205705,-0.03442382926026446,-0.009682127207602729,0.07509196297200342,0.06670055907361672,0.022789090031083693,0.0027482853768196376,-0.035766493924361285,-0.02286288467005093,0.04297742167124779,-0.06598067176775353,0.035407198680609986,-0.005537472623259503,-0.031913401852331484,-0.045954965546479064,0.02544789049156501,0.009322932759001572,0.07001635177392412,-0.030286275948569828,-0.029976661770543322,-0.11901175238639489,-0.021335964896237382,-0.022182115488336554,-0.025988161516126727,-0.07342197529167328,-0.010772764370221974,-0.009705473781507554,0.001720679376660534,-0.09543854932888574,0.06288215653714349,0.0562576951121314,-0.01860635198805683,0.010486883397141293,0.04850082907324009,-0.02136914293085763,0.0223649303571172,-0.05304952456983708,-0.07050787300131889,0.06900423890988644,-0.013365545506893171,-0.024531249179664674,0.051482337321792554,-0.04183321570641373,-0.025510467207947113,-0.044478404071224206,0.04428839784039174,-0.0048216591284742484,0.06879787862374395,0.07051351603455643,-0.01070001712827246,-0.016428062269712745,0.00027718357772851435,-0.023590165620899807,0.04433265067834115,-0.04931434106577409,0.05753761993726845,-0.06107779458789622,-0.10117401262339687,0.043452148719863734,-0.02041041130811237,-0.004606920442867652,0.10931843981359363,0.014296035247326368,-0.03624082560454965,0.017418528985068713,0.03828069201613481,-0.09378639227290746,0.052809280543857175,-0.03675094250494088,0.020574837289776556,-0.030953128289884082,-0.004106236158602202,0.03716683061127709,0.018108664082338757,-0.002235438779432063,0.05507317429373804,-0.025043474926923805,-0.08073359374650099,0.042718194166740234,0.02595648185579065,-0.007522965800969098,0.034519197307501755,0.05061501179130095,0.05645950046973062,-0.0033849805899318977,0.0693073374462928,0.0005077948786630462,0.05284120259171435,-0.018066775382314566,0.08212866089663379,0.05354986352587299,-0.01823026262470816,-0.025908259185607695,-0.01062245626268088,-0.06321912264824328,-0.02180145565124772,-0.014123649324626892,-0.03387771709966332,0.0036415727672160234,-0.008386945160967706,-0.022313709414061335,-0.007961233602766004,0.04810566441137029,0.022371084236727626,0.05017394169165054,-0.007269858299109738,0.08908975227345838,0.08666327245930312,-0.03207159853682299,-0.0540417344625388,0.078579179608526,-0.028822473302518557,0.017779845067019167,-0.09023242006123332,-0.042821967912957934,-0.09200704025272699,0.006371624675412288,0.02499154681197923,-0.07501679294271221,-0.10620862227237245,-0.01429536484554191,0.08301065379743583,0.017880619003110148,0.03378928276118487,-0.04283989477796653,0.01211946339751885,0.0741515441797248,0.053029065749368276,-0.01292825215174836,0.011287087142534132,-0.016835530702076197,-0.0035572144415677307,-0.0157289382384554,0.039752817546286345,0.05980000800074649,-0.11046771697339022,-0.06688814864752377,-0.030417593483204344,0.0602667929884123,0.0012394137133459355,-0.0015680854852294264,-0.038734673694469215,-0.09621027450080083,0.07336168915132495,0.0005879942642688567,0.03415636418633267,-0.012147495155143384,0.05067400255249467,-0.0464096426138291,-0.03246372494428295,0.05926799100533754,-0.04368432548861509,0.06066046542543535,0.039695825190037524,0.06509561185224,0.0628852957389298,0.015379767818536243,0.010305973946290093,0.012242638502469276,0.05243063936815599,0.040541546961021586,0.03929755998466278,0.0025804644580081078,0.05036814581510256,0.02902141052529745,-0.0984418447349141,-0.05606430612652708,0.02983015516621462,0.0762807914863063
-0.02400327042314971,0.045476293241746645,0.005836706195749113,0.10316293320947217,-0.023551830800531283,-0.027922525004313404,-0.058131317054861055,0.025298665934652978,-0.01410808509598149,0.10992874110947859,0.057017687766063765,-0.042977488465309965,-0.014066096372954338,-0.03143156329299922,-0.07682398028788388,0.040453790609596994,0.0055544089292591395,-0.02846161813417715,-0.011806390991072018,0.06612983449901473,0.025166617648599978,0.06657686318834351,-0.04296591978715254,-0.018940253792706935,0.003491979832363463,-0.0028676884538416415,0.06061664344271799,0.004217092451625234,0.06578294712595086,-0.006262519328639047,-0.09899509768693823,0.07959542996780417,0.00843505894963604,-0.004488676099976614,0.022560677907931714,0.06533179434055109,0.10066741016608328,-0.04532927966382346,0.06772122494559148,0.014152461149274695,-0.01327664557526493,-0.03192811335236679,-0.08656770496120432,0.025299973589228943,-0.039910522771391045,0.041949871262792954,-0.04247486719885896,0.016862418594730977,-0.0940971483697779,0.01983287041806076,-0.04285957905103467,-0.022231412897346536,-0.08744949104776846,0.0016007625484150874,0.054317455133911986,0.016372415892612437,0.01844872095485748,-0.047095097654612644,0.01579252483382319,-0.005654023526386149,0.08113571414328448,-0.04918043485382024,-0.02839816695888433,0.03436025491990098,-0.023177545937176344,0.04789523728238593,0.03486322232861352,-0.025354571660390013,0.04589821394043645,0.0585777786582086,0.043764008646527415,-0.04601949419621445,0.0048172397595752535,-0.01992227965226099,-0.0029461323634555753,0.025140961667001475,-0.02338365169069184,0.0038724147793890813,-0.024949797876581928,-0.036578222847569,-0.01771850122110123,0.0035621341436444646,0.05182286789175403,-0.03568722902081109,0.013980336032672354,0.07567324560099628,-0.10252304232986759,0.006418389670015851,0.007260504527959671,-0.04439085443536839,0.012863724547505123,0.05603116965264682,0.06397250099055628,0.07053705038393704,-0.008383811020394462,0.061532548592020335,0.040803306095764685,-0.004623816574187202,-0.036895508180969185,-0.0005723912894070764,-0.03241171883945067,-0.05564978634791886,-0.06839057816173327,-0.0013928517020530635,-0.03587429698330844,0.03532024602461476,-0.04326106217759952,-0.0048213857539462154,-0.020605409106789603,-0.015060462602881472,-0.007698008962352042,-0.014130804250558389,-0.05825218759405241,0.02181036735501522,-0.05479839756703477,0.01558954619939364,-0.04544159333804054,0.044131638959042825,0.06737293370942041,0.02968048501490649,-0.04789043020266026,-0.041955452423514034,-0.034589729122123346,-0.06664459030519516,0.009342168873608876,-0.032167028152902885,-0.08194503156803111,0.02930039558514089,0.017059959577592987,0.009349727126368758,-0.043521356884223115,-0.009760878054090929,-0.020088991523103714,-0.05686479431472117,0.02950931823701469,0.07429190849682063,-0.06397383833755603,-0.015036011245573225,0.009458679803749903,-0.031615486530884196,-0.02466622812929684,-0.08561359763004983,0.041482215791542,-0.004158528361722895,-0.019184319743023242,0.08131178702365062,0.026442416651703275,0.00040257791202808797,-0.039454294798310516,0.05212543750964938,0.03184284740517284,0.018909704937452938,-0.05797870506759435,0.04727545141968733,-0.006808223033931035,0.030475689320475265,-0.005926288110076455,0.0662736238869704,-0.009290731853565439,-0.016982832277894537,-0.005061857896052194,0.048916499318161624,-0.010875694891512282,-0.0013983972381285568,-0.005173436362018703,-0.07275458704335544,0.04703935101106575,0.0916950976317586,0.024678867415430013,0.015749239135627546,-0.02266954953799522,0.009551475560043836,-0.06856263102193597,0.03297328798670975,-0.030958864951210932,-0.0051686237989676115,0.06805925649635995,-0.04088758531642134,0.022875734445143323,0.015470813846577459,-0.01082446151103009,0.029283991641918097,-0.07583392164605775,0.01756034350652226,-0.01442885954892583,-0.06110508416631923,0.023482967941874718,0.01698517891066294,-0.05084214491364714,0.031603228417726094,0.011874520508704809,-0.08907820470914488,-0.0299130848993595,0.08027216395913708,0.07813812455100998,-0.007200390364273642,-0.03346658618568893,-0.17696058189061664,-0.02054518828875474,-0.04146378432710538,-0.05288411504312245,-0.05565947284408651,0.031071491261452033,-0.10810358012456164,0.05979594807225162,-0.006850093742016094,-0.018053742517496123,-0.00021103292771792561,0.004980374597708597,-0.025117229445787797,0.017737225555086618,0.0015631728574274962,0.017056040627811735,-0.024141688388001046,-0.018719983783013,0.0712840074815246,-0.06219192114830266,0.04966812634655193,-0.009555645426482504,0.08184401026553237,-0.006419806129987249,-0.039582257514340316,-0.01203353916889482,0.06825348712848778,-0.025532491809341664,-0.01569925759694457,-0.030937851378730084,0.03754086778476592,0.05213358080033043,-0.021065783575687492,-0.010982449568465962,0.06800392542190434,0.02395558397599258,-0.00822307774886762,0.11517207740492343,0.005416590748615385,-0.08545850570928287,0.024596640035598465,-0.006428814823125328,-0.03501841280011437,0.02983366228115853,-0.003650984485645889,0.005655392091127917,-0.04908168822213857,0.02574347201357455,-0.02273308526948344,-0.03944310284025503,0.01706043271900924,-0.007784642244620427,-0.036633811271905625,0.08269067547859547,0.0771212081809213,-0.0579807060543663,-0.0023660191151848257,0.07015983714970361,0.09477004890420654,-0.021899033470330544,0.03341493274768611,-0.05514220726617998,0.006366376261271156,-0.08203191088976396,0.03628843580069855,-0.046581897745383696,0.014925409783267016,-0.04948758221994201,0.006225972223532367,-0.02226971592710888,0.009378253296927753,-0.0400714494032938,-0.03475006973946067,0.002191298693358314,0.04286027414702963,0.020965920591523864,-0.01612071467018165,0.03474701644546275,0.030363091819579052,-0.055142792091265436,-0.040382416516000275,0.013777479604953628,-0.007804074442392091,0.03233897166499171,0.027314839736024582,0.005044432913908424,0.03804889688580749,-0.031179787211996466,0.009199560117361144,0.02168253385427694,-0.0220663727441857,0.005387261091700997,-0.03544859415007201,0.04763105971781852,0.0029884936378803515,0.07479980759233937,-0.03278843782819485,-0.0044336315367949465,0.0007332816184530598,0.05306554651145836,0.04092164458802919,0.018127797741946887,-0.02767039840141407,-0.005463342522519054,-0.011936386722717466,0.006546196176456856,-0.01654879828747581,0.028410779868743512,0.008824501351218657,0.04381424431198816,-0.07975615995485749,-0.10476343015267771,-0.05378312566273487,0.01931002503559904,0.08734396207696556,0.019257489740185686,-0.041719532326355224,-0.023205511584880715,-0.03702192092558681,-0.0661550969388047,0.02068023199849683,-0.050219238689667815,0.08221423339493636,-0.019284142340404903,-0.016335588326144415,0.045415377334544496,-0.03142778684912695,0.058852596796320246,-0.058502445236989296,0.0059198433617005585,-0.019170964011742286,0.07225010629295903,-0.02089955333729698,-0.05454792366555299,0.030831687402116725,-0.08537257316482746,-0.04744076490137528,0.0006907437824149848,-0.01585930113286517,-0.012958917852573764,0.033871820098440114,0.02839212690325981,-0.016902160872790197,0.09813444520053326,-0.019706701402534575,0.04393419585993211,-0.021748665047628988,0.08128911890237464,-0.010543734279943042,-0.0241632507236887,-0.018320787643268725,0.038773323146645375,-0.009417452683010568,0.03152395205478007,-0.05938691031386536,-0.00866036856546402,-0.005192555475607371,-0.012477327407817259,0.05469817166383814,0.02206885331614362,-0.006142817005516861,0.008743235565184424,-0.03429524566255241,-0.02299935547607058,0.05184418789428108,-0.022270024462619137,-0.10672123934921239,0.022518012459422008,-0.0008396307522944915,-0.006255119003951479,-0.02608583552080941,0.04409074251310779,0.03609339268569564,-0.048028028343635815,-0.0594981825461392,-0.006877663635636871,-0.031070134384350835,0.031068780821050915,0.034663173528763455,0.012647341592207489,-0.0032919549559264445,-0.04756738387780073,0.030834216520076025,0.03231751055505303,-0.004247323995597107,-0.042475190925263674,-0.04804883146889464,-0.04395500759562909,-0.017616856227030516,0.05487528270576888,0.07546949876007347,-0.06300107675261168,0.04195819249815156,0.10500356197354575,-0.050555102848428055,0.004080216669019662,-0.04557536668612673,-0.04661380700906456,0.028052829820680594,-0.057052886927911946,-0.0038119107224595205,0.03176094205743969,0.03997039276782978,0.09549628093055529,0.01504795862884319,0.0009633683109309623,-0.006699682065455102,0.031207219697416428,-0.010673245927956732,0.07695374430032918,-0.04889231356712328,0.007534139849434704,-0.03915333126007516,0.025325651905122853,-0.0001313425358489298,-0.005595418538925948,0.01496065564299303,0.022401384536298044,0.07581821830224507,-0.05419589954256586,0.02201601232109517,0.049938046696851174,0.045615950117008024,0.011125892071321463,0.043369876341760365,0.08404145506845344,0.0738151609594486,0.007403921742751911,0.035049155793439174,0.04137778030912976,-0.08253075757452281,0.030597689903422893,-0.02329762884653104,-0.03986732351453004,0.07238986260963393,0.004806497078545174,-0.0720841554287212,0.005698206675607684,0.003845235692393288,0.057411617556132666,0.03515616178238635,-0.0028295996855653236,0.04456630088982086,0.0413355559643825,-0.004508938639720803,0.01448138475435048,-0.050106171367441374,0.06506288947930487,-0.04850932205504883,-0.03099060746877929,0.002422843301863011,-0.08023007688031604,-0.08916629501980988,-0.029350483727298936,0.03420885763647305,0.03336667085227174,-0.00591081732596985,0.05777846054613379,-0.0652111457077149,-0.025338845118942514,0.05651738833224619,0.014073963650071474,-0.0037970141351089943,-0.04629250641074845,0.017929170521454717,-0.008410679646454953,-0.04865666659023554,-0.02877365108154152,0.026960953009408387,-0.0006566848188560906,-0.04345170925736885,0.04198361520915921,-0.02028613501756697,0.021063331911217353,0.03659712764534887,-0.06637352595713464,0.09988204562345143,-0.004413175851609142,-0.0186012452801786,0.009555561000426226,0.046875232163791074,0.0025426366582347033,0.031123870675657937,-0.0027357140509063635,0.003649728778526342,-0.0070056199828863325,0.04486571968058744,-0.028929766935069826,-0.04795202124445477,0.007947722651188744,0.024718753847497284,-0.010072956041563413,-0.012999054673782741,0.024175411367718055,0.012423874261710113,0.040170542389475705,-0.026578683479781116,-0.021713158002969378,0.004261529344055538,0.037590796391676146,0.0017440588787737495,0.01239945062958412,0.030824664518643956,-0.07013769865579583,0.0652207026721648,-0.015680970506389336,0.0026674947865379297,0.036425550732489716,-0.03338805946393927,0.016827804694704292,-0.1434711637544512,-0.005131659705814022,0.0325488603643226,0.04500829769694779,-0.027923242106323957,0.02512483221916028,0.016388274471235177,-0.052921305170267496,0.020215858347477505,-0.040833168887310346,0.011802423350876091,-0.043261011093376996,0.05437670763048081,-0.03309127209446861,-0.005233095052022642,-0.0021450352698642143,-0.049066667535822825,0.004147506069642267,-0.06152340031738837,0.03987822167856043,0.02082543654933237,0.025056434508658642,-0.019527572091827462,-0.009772245014406095,-0.020879614032123548,-0.027322340348554162,-0.052913724348923205,-0.01802486978902557,0.05429373407729024,0.006847376607638737,0.05965826773144901,-0.026334944428690596,-0.007266746742957892,-0.08041551006080076,0.0067648583647105555,0.023529214737762615,0.005971934522443651,0.04190813310590945,-0.006743042121723232,-0.043868521679307305,-0.0036782674638801403,0.04558325287995077,-0.010861828548333374,-0.03275162994229188,0.011828974461693426,-0.0412027460271074,-0.05507799972645254,0.01789753533493439,-0.08071144646231637,0.040172930122498576,0.10476467198613262,-0.01021591630170848,-0.01479553993633325,-0.02033743406442973,-0.03258408843276146,-0.020774352131426574,-0.020675645788142745,-0.05598420973974987,0.06607611911837347,-0.010062194532911132,0.02414791745188382,-0.051377549663406546,0.11295125786700379,0.008240638061213333,0.0039913005891574265,-0.04643997533939799,-0.01938826537823326,-0.04281991975777913,0.004934939255590798,-0.014813478278320852,-0.013507760839505787,0.027442059672753205,-0.06024119483022208,0.011627390659535114,-0.021955130994984987,-0.09936320739298479,-0.05524063627617194,0.013553887633909396,0.03827197961374773,0.03529499757210231,0.014317812963307818,0.042867583855586006,0.023881972006061472,-0.0499643785167956,0.008516082238094885,-0.06440986036155497,-0.056955344958422485,-0.084112502446616,0.011065755690087878,0.0008990506358378845,-0.02263025448671418,-0.021547228938381187,0.032609602188459784,0.008940886631267441,0.013024938341751346,0.08383100727833051,-0.017783969258463275,0.028524923881210706,-0.03592675323704499,0.017531676747322162,0.03240675332852629,0.00020850840465527775,0.0735062632276564,-0.06527216100017127,0.008825632510938104,0.0295157465004867,-0.0005851509282946681,-0.003508409196472684,-0.02204531306309967,-0.019298560648681858,0.030627605770327717,0.03433207787090408,-0.003640769436134613,0.043843821871206674,0.02608558937984733,0.05509948463552641,0.00015654267701469744,0.10884245806543462,-0.0582596238548334,-0.004213980282873845,-0.013658731526253784,0.008113181329436517,-0.06104869739691164,0.010362479440034192,-0.014107359889859242,0.027484273470980435,0.01695367313874556,-0.0014232243842916415,-0.07993902039558587,0.021937776128907464,0.07267147008891521,0.0061882942668606365,-0.044155329676059486,-0.07115530814602217,0.018689171276825824,0.06872160157586595,0.06578866468785176,0.016855892843069962,0.09354078236307174,0.04191667466564485,-0.0456716042318629,-0.054611268670489335,0.04280560834532531,0.09298864933257768,-0.07021109484843224,-0.0007039560945821112,0.023353215296367403,-0.04322101932159373,0.03038825268420819,0.03696755540866695,-0.054702972784130124,-0.023006892813383008,0.029461128361514984,0.022088082350910015,0.04790503737716949,0.006438226837813247,-0.012712504771650776,0.021101993978082725,-0.021957212276445082,0.02757921711454467,0.05565609870094042,-0.010157006946715876,0.015954243411272037,0.05830254241888748,0.017009014956215856,-0.09339040794640667,0.04116140737412686,-0.06006581459603175,-0.06271158441739391,0.007905114224069126,-0.02889790248996661,-0.02336945675096417,0.010306958329969246,-0.030559179452495453,0.020473873536611474,0.08508503274952173,-0.08105308346266206,-0.008325446140913363,0.060856689743625646,0.0018665232211268685,-0.05120926006996356,-0.031154900242083925,0.04427798746194887,0.07274023580109655,-0.02327889395665964,0.0028152564383655504,0.03565088550242651,0.006887154787698608,-0.021526427458954785,0.0018924561742096337,-0.0002243252710495619,0.050096697859680746,0.006180195691665688,-0.01511519989502676,0.011620984557194364,0.0633653567416625,0.05221364577896939,-0.008690463190675835,-0.10118605531215874,-0.0002764281050047818,-0.09205368240111585,-0.0157244112642041,0.02339642595036905,-0.028953784581467155,-0.01473479086218952,-0.062048672793696386,0.04103574668898146,0.009916749656875432,0.0720309709004363,-0.009009880506155175,0.05996873144024417,0.013627571504234857,-0.044821801085805434,0.014157843944937524,-0.040371571717920815,0.0379440401132507,-0.09855286890698788,-0.03576858370869609,0.03597191862799675,0.0783522042084921,0.06863084912405416,0.03062840996864904,0.03159721911293805,-0.019070631533674078,0.012380560020021539,0.09705984798997679,0.04571326184351135,0.013511324429907377,0.03899117674619665,-0.05818156147997761,0.016064884472963326,-0.01836349366400944,0.05882657743971257,0.044641538754010744,0.022655173521006624,0.00223582887803265,-0.14360444197775674,-0.04832779762078146,-0.002463340106365595,-0.039253688527254964,0.0300286640224233,-0.11513394212225793,-0.07810210332133223,-0.04985097583698821,-0.03805973820144441,0.04069597620353826,0.017326400026074624,-0.0063225133079438875,-0.03627873011315338,0.008371190507704953,0.0023514613918295684,0.012215720450290023,0.06432452352219377,-0.0443371227891705,0.010872952435685014,0.06295641624280325,-0.06148883133760508,-0.01114926510536332,0.0664785740384133,0.0328421062981638,-0.08664835865030758,0.08082765768449027,-0.08569082439759293,0.015077153534391255,0.0029381732146577383,0.0119403748674267,-0.04334988229279344,0.08396762651482001,-0.02777274495884217,-0.03953799486583991,0.0247816648985496,0.02910928985489767,-0.061262969412683575,-0.0008529472622672615,0.08582703024466343,-0.0037846237244563642,-0.008643007586329222
0.06486731809503102,-0.03759384824227026,-0.007673567992328227,0.02833032897951131,0.10700163139206038,-0.01582496389836187,0.0009200899055671672,0.0004907823072300401,0.029693969205031073,0.05899141508689403,-0.02166881546035052,0.035488349062064786,-0.01862805725699963,-0.03928133473260886,0.02991479357914245,0.047623728327848634,0.018330152391460755,-0.013941676550528588,-0.013470396452268414,-0.01727358448973051,0.028526416582556655,0.07510831553061692,0.03715640101006483,-0.051266377067890265,0.07067573153707418,0.030053325375062764,0.08755851115743486,0.05238113951592496,0.03159945739137166,-0.0006850333280979552,0.0042909779415098315,0.0011120677172914053,0.022555406847303876,-0.01023181364147483,-0.05384228058003638,-0.02976497506358193,0.02425140556858558,0.10258659986535897,0.04829613219251019,0.06567342407275158,0.05504467510422534,-0.010088551881315204,-0.016687602180989577,-0.07299688684911601,0.01547384332210358,-0.03632796549926032,0.051434317367735,0.0517356562435647,-0.07879291315571112,0.11704788168535103,-0.080104689163168,-0.1027747132482898,0.021698130931254757,-0.0748603715282598,-0.04194990499615412,-0.03723620851647324,-0.003379459913248682,0.03463309806299105,-0.0032163573627193216,-0.0007890356764418526,0.0014367481365718787,-0.018324362131635123,0.036119931715282716,0.027552346441190687,0.025293728912136392,0.019642680756259363,0.13151176357299776,0.05262497997893919,-0.030785506389678308,-0.03453504590246063,-0.03291271643964207,-0.03729974298861728,-0.06462948611940207,0.04315482658060774,-0.03322620096483952,-0.09965497146566764,-0.09461046996388855,-0.041549205273478024,-0.04912097960301813,-0.04453449598709311,-0.001056305277081704,-0.01933484399772954,-0.046104508899801236,0.01999296943152955,-0.05006582252551977,0.045161668447224634,-0.0006814920232973765,-0.009180032530327897,0.06097404525084222,0.033947554872132246,-0.01114591232945537,0.08642122823216886,0.059315737612461714,-0.011247878087281326,0.029928788111400408,0.0025294544446432757,0.04091797360645642,0.08568370751895232,-0.0823877519791135,0.07508694820304544,-0.057693526681546516,0.016842052568266076,-0.016177978041595167,-0.0384726080212334,0.0281731876324707,-0.05657904902256595,0.018315007149756146,0.016749964085673374,0.00607736833657994,-0.02360653876565053,-0.01810685409302077,-0.0765880340313976,-0.04816400282432829,0.019762624579575942,0.02243284014571064,-0.04805710650995909,0.1101109497803747,-0.04656875891980337,0.027700154648763173,0.0670837199558511,0.08586701699330022,0.028719814526664954,0.002393523534076455,0.055547265499094924,-0.02959426382611474,0.023487929534641294,0.007606523251566754,-0.020955113783975424,-0.012352687068274668,0.07294462804388803,-0.06755355508793602,-0.000570993917633168,-0.022393820508895386,-0.13552874106050566,0.0382103728629153,0.039694639343459154,-0.07699678217199238,-0.007260047842428343,0.03699804988708069,0.026605032042014597,0.02306642514090118,-0.049404702210697864,0.060971749054183524,-0.018109114034146223,-0.008116378735209965,0.057093952642919325,-0.0015318003272369084,-0.1009355073634836,-0.03531793309901627,-0.021524609614044107,0.08659025755075501,-0.0652476200826171,0.05756670254193332,-0.028364689923209407,-0.011270111054838609,0.015851281397832418,-0.0343730597026408,0.0224179931070119,-0.008663999737977901,0.00403600230802695,0.010723489730613048,0.011734579716922197,0.05331443811951062,0.01564853107377961,-0.0028179971636443416,0.0042936623131520964,0.013374979503951298,-0.03792328209198679,-0.11201232419057097,0.08063680033940147,0.05584790545535951,-0.06281388618473722,0.04375600026249153,0.013039223800772817,-0.04722786554237838,0.01705926208511012,0.04195242815041158,0.0288212321016213,-0.02537130534972891,-0.01752817712460665,0.055352744372451364,0.016704145662380408,-0.014157199302446279,0.004700333672961752,-0.017868566617887844,0.009005727153308721,0.04273654879217785,0.011607722882825798,-0.05446796748230181,-0.011476612764059773,-0.025900997016746776,-0.010691810083458772,-0.009751144968122245,0.09127755344159719,0.07717711128088706,0.03705620256444228,0.0358279687500938,-0.03167013905649911,0.011009098068244044,-0.06680238892269126,0.011612570440360055,-0.020474802702363525,0.00648504552333213,0.019297335984231074,-0.09025296602472245,-0.043226720831628804,-0.025798163994098344,-0.03761937485576305,0.08559325409128024,0.03899756900153154,0.029578244294611266,-0.08142131333385427,0.019197279541991907,0.03328397935153511,0.0005994521413428276,-0.016333048725475943,-0.005129039739365041,0.023320459059091192,0.08038832692832278,-0.02435793011444322,-0.039777118236781414,0.11837623926014801,0.047765584403402846,0.009892205264390695,0.012938880599944927,-0.030938574563275638,0.03588525500588757,0.023583357875801257,-0.040866078821358,0.023697118747786898,-0.038640291971575834,0.03011719535716461,0.0016491592433621751,0.029527352178177115,-0.006357865201920247,0.019248134810421733,-0.029742295674304413,-0.032845315543670435,0.02969995092116506,-0.00977868075362239,0.01815423591596306,0.014983520775129568,-0.00741112392236305,-0.009880947542405608,0.05162068024920762,0.006778051780819948,0.026074230905108284,0.005062282722838321,-0.00309813438399579,0.038651888369856856,0.021832880629657648,-0.06445789176625864,-0.016859271318099018,-0.002546186564239487,0.052714294213769386,-0.022682976505460764,-0.07248182231688434,0.016556946015281696,-0.006681143108709111,-0.015846480951993102,-0.025168234679213322,-0.024564306496953306,-0.033963457337819455,-0.015894417472711753,-0.024000997248650163,0.020467125306232046,0.027429284034464697,-0.0012463121433908294,-0.020873354773699053,-0.009510673721774943,-0.05569131615601,-0.04940956953035191,0.03667892869745471,0.012359933385239483,-0.048175808961532056,0.021644884274407496,-0.06026440672921997,0.04347001254062986,-0.05979182510560471,0.016078499273900423,-0.1002728061866635,0.023976450109775484,0.013219100790808833,-0.03504197091356171,0.0309661797669384,-0.03098688288030065,0.0213568328699255,0.044857139161347426,-0.00810350373313494,0.0033751604058666076,0.024745848632819308,-0.03474270976476613,0.05227533527509998,-0.014492957969573454,0.008176931293224127,0.04688869392652174,-0.04686126997998767,0.04704641067135511,0.04301684014244714,0.030820180303773547,-0.022526245642936222,0.0007616563888064052,-0.07316316022282243,-0.044391674293891153,0.03266259397850823,0.11928270646756707,0.016753967795107693,-0.035691523149174745,-0.016829942941871175,-0.011394113873111308,-0.10430836942935318,-0.019280107032454533,-0.025319222927506824,0.024164291311522482,0.04719189897867829,-0.10043151315059183,-0.036616345625625435,-0.058875133245997434,-0.02892959368852211,-0.07377643218755968,-0.034695121896427365,-0.06574657338959274,0.005038876831866694,-0.02325739782908571,0.005086525334747742,0.032873834637341795,-0.03438035802734348,0.009112862272190155,-0.02907826499091251,0.06765407511052435,-0.0063400292140924994,0.028338803546156505,0.018039803014251603,-0.0965850665774099,0.03826936875685708,0.003759553936381215,-0.09469731934129078,0.016616737829037206,-0.018725478285872253,-0.0399734901941532,-0.003064756438621537,0.03806816147266396,-0.09744822695499054,0.042427954049810215,-0.0471501436649695,0.06104385048002179,-0.002944998464255916,0.07434478293324236,-0.025995310253421524,-0.020237599232647657,0.04038407354620687,-0.0033007600113742837,-0.07435289735186093,0.0439816915039062,-0.017570865767872826,-0.022176062586883455,-0.0363592371003713,-0.00048204441708439707,-0.058903918135236245,-0.004937383798600126,-0.028462774062603193,-0.03739901272647463,-0.02768430231316222,0.014513554438879698,0.017789626154047906,0.029208105560907933,-0.023914200982439397,-0.036100280130852605,-0.027328691999501775,0.026225983503381473,-0.036937520744605566,0.028566109767726736,-0.0008106983675643891,-0.05494260359347878,-0.025940800184218744,0.08000627336555079,0.013910920854500172,0.07190282415265405,0.0051376340741284285,0.03478394275587279,-0.03221780534430259,-0.029136114862397876,0.06456287184366943,-0.06285163471862412,0.09181996805973794,-0.07229477707777186,0.007046359927806334,-0.019636929303306416,0.06884425831678877,-0.023625119529025157,-0.05753949913596242,0.03173047845171381,-0.019347649187610224,0.06516626320776409,0.12955183930383493,0.023149031984101186,-0.03738285767139534,-0.0106301473066451,-0.011305089674955126,0.027535832485444223,-0.03943608495079105,0.03679071080065774,0.05893752587393291,-0.05986010112668412,-0.04490731777952479,0.006530873902218689,0.008081318062797008,-0.028464221227934374,0.02354032066613898,-0.049936227762358405,0.006518643446158635,-0.030082333608153728,-0.036602931612761305,0.00918320160706449,0.018822992883673798,-0.010554361534130155,-0.0033108037682367674,-0.05556841164212075,0.07942654306569549,-0.04102646751515393,-0.08358737973036105,-0.09160014051482153,0.0639359256391267,0.05267795930269711,-0.03662296247006482,0.007686594765488301,-0.017890319563148814,0.011565785946960908,0.0019987010836972747,0.008101282791229288,0.02119538268307571,-0.03164064301491752,0.006672901632581221,-0.09373717770713973,0.048680124155054225,-0.0005837686528389746,0.06920352096119665,0.0561106818284381,-0.024392459225764437,0.0068405809629351454,-0.04557881007301952,-0.0165252512934159,0.017753812390102666,-0.027104551079520246,-0.023895187682469,0.06455755561041597,-0.04252278160872002,0.0010630943925942313,0.05516546774819846,-0.03361655837799027,0.01055452500240543,-0.0025922036611088764,0.0369558228768471,0.009090472542386166,0.041855663537421914,-0.05669084362419386,-0.0018723590607148772,0.07343869943933487,-0.030962136967653677,-0.02781815606447945,-0.02285922610418026,0.032545580569125564,-0.004719006461036249,-0.012464369702417417,0.0003090947854483113,-0.0923849062922213,0.04724892313330207,-0.013347819435371368,0.059797972002390024,-0.006270458576970599,0.016979375771374493,-0.017692103128351556,-0.031196794297646182,0.054731865041411504,-0.0389536040105342,0.047721112746221865,0.0259400082494457,-0.12202953537814597,-0.05812006667484574,0.026900190924561643,-0.03848075336503777,0.08516651152528244,-0.014777875019004879,0.006908017289405446,0.019097185731042108,0.003977866089415912,-0.03240102110528636,0.043915336155344556,0.03695797031168165,-0.012703942004141086,-0.03764827663759091,0.015209705842078949,-0.018542501291848947,0.08112290025432117,0.0009832596082143563,0.06365401111219511,-0.04379270637887128,-0.08888333480796955,-0.04159187276847623,0.03969076680501715,0.0519406549153852,0.03602883971449908,0.06550424565841576,-0.06806781738774996,-0.021157126538224814,-0.011077882120933573,0.021802818208381432,0.08858233426818478,-0.13003421950356986,0.026845711167428683,0.04521134758118057,-0.02580721176403756,0.012597962406562501,-0.012378901630264297,0.05891963585408538,-0.043115273811099884,-0.02611492778757413,0.03590976827893353,0.04821951483865439,-0.03223504962113885,0.009736972269807093,0.05222977669839106,-0.0543538118887188,-0.046756769067683904,-0.000310941386783526,0.08194520679366855,0.034078090300155114,0.049716579983565067,-0.1079528563557397,-0.008151450519730584,0.03831719013301709,0.005302249340536577,0.05034499905555482,-0.06299577575316337,0.16800826289760706,-0.030952894097764704,0.00497832238046666,0.01043200552569018,0.01274496957183892,0.0405520484941764,-0.014509979400423366,0.004317613289631796,-0.048376852203199414,0.006001578846108603,-0.10048031219195877,0.0021270884827046563,-0.01077530436771482,0.007392222625956526,0.008655509703915432,-0.04584582192545543,0.09041453127127118,0.06433718023531364,-0.012508873557207884,-0.008352080624839869,0.062315364764783145,-0.05760786762656112,-0.030828167016691072,-0.10543526942318512,-0.023457593026698403,-0.01281564617657679,-0.02395930867625198,-0.021882046063433865,-0.012064382983035518,-0.012915003736906456,0.07090754726929252,-0.020621328865945754,-0.06476052122354384,0.004945723255743466,0.014886669230364498,0.039635557010851946,-0.026227477599246634,0.008631429873153126,0.004592465118141718,0.045840087027156744,0.03772128583405778,-0.05510489081956994,0.08475575523258098,-0.06541499214594718,-0.045183258213205346,0.018230014024040567,0.006008134456341164,-0.0021562196006923557,-0.01206007644010439,0.013201287162211315,0.04363306892645038,-0.0651229670734057,-0.06207804931338378,-0.05659342825131419,0.016738215645721043,-0.0026807905156504535,0.028953254958222614,0.030169147962032596,0.014762056410817579,-0.013352832462427201,0.034484855094282216,0.010866617254700553,-0.12285121967530654,0.06633460494842067,-0.004160787459617082,-0.045444786771236985,-0.021577430728931497,-0.027804325080569275,-0.02067032865244429,-0.025751883369227836,0.013585868282892806,0.005801230623487085,0.005945096623669406,0.06707072109939724,0.07506572362472265,-0.03832452338385364,-0.024202788337302144,-0.01484353173548698,-0.024281832313406818,-0.02365664839398505,-0.01285870750054314,-0.0012373989266217587,0.013711777026320307,-0.026586982721962624,0.026507724951792464,0.03339071673684241,-0.006810550544171882,-0.07937322611682747,-0.05645136814902327,0.014347281719171384,0.057613568121845225,0.009834196271116279,0.009105186693963837,-0.006738387154761089,0.045350254470448916,-0.027210473677333695,0.03955356477808973,0.00570670136221414,0.052225266233171266,-0.02311135089732959,0.03588334796923366,0.013402315619384575,-0.10558142053382531,0.03867421909723467,0.0669817292946976,0.032437555693401975,-0.01391753116657811,-0.05278607903915516,0.05782061342830014,-0.03751927887992662,-0.0891244936240868,-0.07770126554920331,0.003554302877136348,0.032573369074333135,-0.014467382021614619,-0.09475067003650806,-0.023121232104046242,0.029928366040260047,-0.1001569899492088,-0.08568349609450861,0.01108821959988017,-0.028551411315380852,-0.06537734005450306,0.09434059647636962,-0.07487255460935917,0.010911522535044288,0.0031465237449583064,-0.09290100332330023,0.01772575068847304,-0.00334973983991136,-0.07155662345759958,0.07333121849605735,-0.021048210262523886,-0.044061643922768706,-0.14127160756670878,0.03342122824987106,-0.06622027033951829,-0.05984424756836676,-0.07421029516506501,0.006615896247787674,0.034921611624995436,0.005230508468221954,-0.005355882892672608,0.03454697962739996,-0.015222747889856642,-0.03678489925470204,0.06641828806944546,0.028874991720778308,0.060272920256813065,-0.013963859984198683,-0.008403626106201916,0.053776442963278145,-0.07252108799296167,0.004242923029520091,0.04504695055782295,-0.06548179985488915,-0.06476455459546361,-0.05904670509281369,-0.011476769217443561,-0.048532422720202105,0.03648008017192757,0.034487757280056416,-0.043965618413562814,0.003451406429454706,-0.011840703756436352,-0.036925010445605685,0.005126246324151517,0.00919689184501402,-0.044412576268967933,0.03330872748540454,-0.06242821949556589,-0.04423574476086549,0.01923918678968784,0.013733002839945191,0.04881168198079765,-0.013999170000627881,0.032307318361811714,-0.003979253717385657,-0.048779086090542524,-0.0032488421543528717,-0.0216134037751422,-0.023890612213446547,0.03136971437416117,0.02686481355545803,-0.005428782880915738,-0.04197180690002553,-0.02626079151026823,0.0019685038273694346,0.015602081919391286,0.01260359521713094,0.0021261894691527086,-0.009207471682144282,0.11776039707318577,0.03186952036088743,-0.030534668631724857,-0.059476692164665945,-0.0060140745488313566,0.027392029965724027,-0.006926612428509678,0.0328111139042691,-0.03555609940665269,0.008965809887456475,-0.022297619575710633,-0.07465139098346034,0.05595608754310974,0.02868425179112617,-0.07756529873240317,0.038773693254216576,-0.030475123282217187,-0.004090297031691766,-0.10378525928970872,-0.01119887333271398,0.053203431383966424,-0.02071577621614867,-0.08360563451117471,0.023663213235883045,-0.03450844607426414,0.0008519072777377863,0.04331265871698306,0.09928163707650865,-0.0035987662289668604,-0.019432630335269836,-0.017784563816171148,0.02247376667652088,-0.03781501407634021,0.02019062976556488,0.0025673827519737016,-0.055716322060799045,-0.02550895845330642,0.08708989407603443,0.030018798605766377,-0.07038312853906405,-0.0022616783577935192,0.0503943637076803,-0.0864516758698181,-0.016842470912065078,0.06134824429645577,0.038705074146805664,0.03983684108960072,0.03948862242653424,-0.08791011001138704,-0.05633681677234731,0.04952629627047115,-0.0416388537186123,-0.008582158596076816,-0.019371475243423426,-0.019490837756063552,-0.008820126785463428,0.015992335680597065,-0.019673912188386492
-0.020076655184888187,4.165118734051574e-05,-0.09943253887942667,-0.08836041291818617,0.08841072384863705,0.07561942248354335,0.031609529490584765,-0.013354365844909762,0.0840594365409158,-0.0009594001862582983,0.0039044717234785692,-0.1267137102550635,0.08667508371637933,-0.03418802713536476,-0.10784439625082756,0.07307724779211239,0.046778711431030205,0.05432480719510048,0.018638926520661653,-0.06433507347891938,-0.00430032819792423,-0.0661813279312534,0.006206519459107789,0.12507438852438754,0.043350070540072526,-0.024990338254251038,0.026066376399304786,0.048956762443951564,0.020658217453465733,-0.01560835998235924,-0.008525052799151743,0.028118975700426915,0.04463919099070862,0.03964318362400757,-0.013940413382852655,0.0574929368809434,-0.09131250324744405,0.018070727267615393,-0.0312076991613047,-0.11071608733494868,-0.08643210009700346,-0.10174751190544608,-0.05322089708602245,-0.17535605248370534,-0.1403856205793187,0.03582166271813902,0.03780019321317219,0.017461561621394638,-5.270423825499291e-05,-0.11599068218908377,-0.15979388704703623,-0.0812960200323075,-0.03397724909391233,0.01658328459654125,-0.0468108996377624,-0.010719311630825769,-0.013873323062038822,0.04347021684419752,0.057589559446394656,0.013867971971452571,-0.04528174125135492,0.027223028958408255,-0.08287316778180658,0.046907285794767176,-0.05096986470777946,-0.03931375654486797,-0.18110680950876204,-0.17650952657813554,-0.15471774287860257,-0.33990424294524024,-0.3377883833883223,-0.2749259453833074,-0.2468234365770134,-0.17446632623417208,-0.0715067709440694,-0.05735324402837857,-0.08218444596771746,0.01051647460634191,-0.19779835758194503,-0.13947349596915518,-0.06507705903039421,0.03777007639206085,0.037000023399398674,0.015881386122583822,0.027298173200746657,-0.08907469113652469,0.051894090680884346,0.10627616630967249,0.08613487069840835,0.04410571428869139,0.03408020266164042,-0.12389971600397809,-0.1093209615781632,-0.19601119071268033,-0.4105460303267079,-0.3959439379456001,-0.4286856161929168,-0.762759916679585,-0.5083467637710186,-0.6742386905442551,-0.33544164496593987,-0.35735918987100174,-0.6412626196615291,-0.18639347010109517,0.007189605129784373,0.02624550537610617,-0.15221984600916807,-0.09316498523704138,-0.0347454862816341,-0.017164422959568566,0.014446187743842136,0.004161637144901017,-0.03077192368293463,-0.013195169762668726,-0.008354651244966147,0.024328746038064956,-0.055814553291575066,-0.07636145713542107,-0.25299083485199236,-0.0668459827111721,-0.10551235770893136,-0.22179359215297118,-0.19124760334211932,-0.31085828241638686,-0.5331374664178123,-0.14054307494747853,-0.1590619149288984,-0.37597972523625317,-0.30786053865294927,-0.45298857019693023,-0.613348273836308,-0.0625133423125051,0.13460578786010283,-0.06628471695593632,-0.1809912937959413,-0.04379708016530566,-0.0890605680573612,0.00038689070611314466,0.036762535779408675,0.10708076607353417,0.003887097051036719,0.05299926595431924,-0.09040800239530072,0.040835130349689296,0.05939145066110772,-0.07902482293059956,-0.24024541570407967,-0.08935742194364014,-0.4349955499787617,-0.2584141921530072,0.07673856473015185,-0.04513298056111636,-0.1396070115154491,-1.0083508414848614,-0.14002128876628828,-0.42512806017427546,0.03824914310850813,0.9830796755205412,-0.06056971166999187,-0.2328758232421072,-0.031981259578299406,0.297783295772581,-0.01062019341627721,-0.2712585707540724,0.16554385567340615,0.15811232116165,0.09547998967893272,-0.0012901165322194417,0.01139378444750425,0.08650216568077801,-0.021748474129164527,-0.05322126278731333,0.26798753944107806,0.46394941667855855,0.3070159447102082,0.1270997263676836,0.043406105491320596,0.10414431968954957,-0.05205605249753882,-0.10221311350656134,-0.4380398353648669,-0.25378167604729895,-0.5011589576509992,-0.6725581698767288,-0.2124593152811412,-0.47359704683755344,-0.5905359454468959,-0.20672379641250727,-0.4403096926774113,0.0976798521652496,0.27464905755629354,0.3763560702654556,-0.018904765199196927,-0.1778276098836474,-0.10728953985205644,-0.0002681176262543775,-0.02049833728004058,0.025292122484159654,-0.014403595806684232,0.04646036659208199,0.16399189322419483,0.37557385680913696,0.15020208062112403,-0.34884108567794475,0.44714107719410123,0.29583133244265486,-0.3429795641136941,-0.4513972639263736,-0.26477563655514935,-0.1919362780190174,-0.8393470624865084,-0.637533250778326,-0.3856452880040517,-0.44179529290426317,0.215343640140101,0.49282953878913405,-0.12627655639182678,0.08224494783482207,0.21518815188139304,0.35230553151283533,-0.4489069100715774,-0.36683382378997725,0.09716162044278394,0.11654225666258511,0.03936115429092175,-0.0013794144506810344,0.011487227879835124,-0.12436260507638863,-0.009732702311757468,0.2716863917160192,0.2223813007558718,-0.04509722316317801,-0.09836780652806017,-0.2262966922709967,-0.05143519293736303,-0.08984935817167691,-0.7176669268494738,-0.6636354871456156,-0.4737442815893241,-0.2786411216038761,-0.8346432215472745,-8.716171659419928e-05,-0.27911006647472203,-0.15717921947588073,-0.0912590364794279,0.2548746779699436,0.48616054728426217,-0.10017078910654871,-0.21479235675885786,-0.11517629724819949,0.19464634068361922,-0.11136251315976992,0.09563773733793479,0.050700072607185766,-0.017677012382900648,-0.18411503709082702,0.2734109908457762,0.3617849812460477,-0.08967876717643916,-0.321053860654275,-0.5546613505996337,-0.3299571590891828,0.35866531296655574,-0.036648110239726035,-0.44521004511908197,-0.2133635366370875,-0.4836982527123222,-0.42163788296001004,0.20809018400693405,-0.41161432752154814,-0.6100473575663012,0.17261125029760804,-0.3838593461293788,-0.20718773081312275,0.17551059118047843,-0.7454575199788142,-0.3040697173383106,0.24518360637536085,0.09807253628215096,0.004409944694614762,-0.010279648553669104,-0.023988629385590095,-0.020235641956708225,-0.24809889540148966,-0.09336709078588057,-0.5265341366033487,-0.24657295263151696,0.014456264018780564,0.010600187995650701,-0.19383969296688497,0.17669649431691123,0.16573787249272684,-0.46855601436915456,-0.8218593932724073,-0.9703942219835775,0.057115875694054616,-0.15023476307506528,0.33188430104256733,0.14670560579050476,-0.032300339190095305,-0.38881840706109433,0.1410847971044631,-0.25408156781047286,-0.40771556420651606,0.45289122011829674,0.3730148772467191,-0.0920751117328134,0.01345184774139647,0.05471194032247846,-0.029145873747067428,-0.06027928591029985,-0.14970327107514256,-0.3059508931438677,-0.3300895961160925,-0.4422010311230661,0.24582856658772065,-0.00826005878103392,-0.458379828840746,-0.04904699498040419,0.26028809011004556,0.21269870577077793,-1.1665875114832773,-1.253509866896621,0.2892510661659152,0.41958085327872274,0.15766895176337384,-0.5308584579171299,0.04156038211881821,0.049816509694879274,0.2288609101801697,-0.33885793757255556,-0.535106260750196,0.06522129997855079,-0.2470125401446079,0.020103897879968264,0.026698966083057444,-0.013920895120425025,0.08706256646619814,-0.08727828576572279,-0.19608342148406543,0.02501567375913779,-0.16749598404874635,-0.21858509675133675,-0.004036590041565536,0.34504867263131184,0.27262554494627356,0.26008636517592926,0.6004227845681485,0.6513963624927079,0.013494903863151275,-0.6734687942453799,0.12199315419907703,0.25964702095979963,-0.13785983726612008,0.20911264927145223,-0.21902514778677434,-0.31058152766642255,0.10189615787066908,-0.4525502890855273,-0.6283311490353845,-0.18010268311084088,-0.13929680267580286,-0.025364406117759364,-0.01898574115766488,-0.03511632273901746,-0.03683547547282599,-0.36938933316254935,-0.11940999808066191,0.33362932270880163,-0.15217653925264643,-0.16198778542034553,0.12293531008280917,0.6365140360801282,0.3544229753245392,0.2395853090528481,0.949348503129371,0.670225009477703,-0.7938148836649507,-0.28390332468786994,0.2663175012660903,-0.024212159113760436,0.4730360763470056,0.2141514249511696,0.06138640506632711,0.15244666720540034,0.5783106957784571,-0.18202933842470015,-0.1628843581609368,0.16910053347132453,0.13834171580896673,0.11938091451764464,0.031018681913527846,0.08928976827265993,0.040912111218277286,-0.03648418230732951,0.11305804640665357,0.4835801688896653,0.4920221139418028,0.4245150730517436,0.17475361457310373,-0.3430801319541287,0.22449274334564825,0.10860161049647936,0.29316552240113497,0.7334323237353354,0.16681076090434316,-0.6141558396272673,0.21229648970871537,0.17594802097557888,0.7211848381536707,0.4132610549434758,0.7109961297408952,0.6621304617303713,0.5314141764082689,-0.207686449881496,-0.17572519610006307,-0.13452256203077595,0.17574258955444408,-0.051550118388225395,0.05307195903789297,0.10697672478202683,-0.004231090030781777,0.003876912827112711,0.0021322763806586507,0.2795500209769049,0.31356044172688263,0.13937578958424499,0.4156844963907781,0.4570316605049994,0.30312575445587486,0.5528063290184951,0.034380093022092766,0.0243995596700621,-0.1617308716397719,0.23666038052365984,0.08548619343561803,0.3781984106510529,0.30805019242968584,-0.5023348431953498,0.09045068025320795,-0.1473976794986069,-0.7470911858729039,0.05597200478969734,-0.3059457986916456,-0.09681405168305632,0.16122262471022653,0.012042006339797703,0.05765358864360963,-0.003066640045021797,0.014369243381609862,-0.057942445661440654,-0.08043264028898506,-0.4523105511478461,-0.19285660266220822,0.23496906438062834,0.14167692027974557,0.5516353466715157,0.19081894591294388,0.18027924169741033,0.06384024875535668,-0.028555054316114145,-0.3217202884369923,0.4810459328222448,-0.1143125332966181,0.7474312782888125,-0.1341439662074653,0.3361799141521461,0.3286579903961974,0.6326878885192013,0.24848197051787135,0.19931945532390793,0.08833470636190513,0.17140615541770932,-0.33518161852217565,-0.04270362910013013,-0.024969321454099,-0.022706184542771925,0.041988134919964795,-0.08721223923989949,0.03331316781218244,-0.7719666735005891,-0.6061389890867057,-0.05894273893538511,0.30172295721098513,0.7661627873721191,0.05304152881062652,-0.4092173588918412,-0.07811225714257979,0.5812954189082415,0.2821658221913584,0.29070362810820194,0.05486598736529342,0.4995425414679864,0.46559078042276464,0.28892869311621994,-0.4282434093957404,-0.3116373307905516,-0.776558385802864,-0.6208477872852577,-0.1712430529093328,-0.17299689237116725,-0.14400782669792608,-0.09776761099767639,0.0005721380517356102,0.019436895392551844,0.04751914484847311,-0.06282530657974915,-0.13439186106098686,-0.8237803216876413,-0.3728392370207115,0.22592153404734672,-0.2579761058034931,0.4351740882240333,0.35763904693861737,-0.6115859948691292,-0.5423203977379316,0.010008883398718017,0.480547085408563,0.5836666178623409,0.4776949236778143,-0.09950309737563497,0.012274866557193807,-0.27261676982654764,-0.3637927276823205,-0.04313915059907883,-0.2198254460421336,-0.5244528808735146,-0.4620454629361183,-0.2892804091288438,-0.05531861629516879,-0.014111407057088424,-0.06326156111803308,-0.03941106670026578,-0.03918806147251738,-0.08414520748755518,-0.20559789716575552,-0.23056820754688973,-0.25575548087753697,-0.07913919876939589,-0.3394690778687091,-1.1130626456162385,-0.9087032367505365,-0.045001222616931014,-0.3717887058778682,-0.5130104346761243,0.06069038488188486,-0.17017610678535955,0.14309788942625482,-0.15959207037788964,-0.3760507490107939,-0.4506932941964477,-0.27762480280050805,0.25173570509271326,0.014981148643639785,-0.5375621455439179,-0.25715461347450164,-0.03388775762286653,-0.10363043052871766,-0.013165901562164604,-0.026372630317241238,-0.044806400428934,0.0615872927291244,-0.05453872775768373,-0.02233043336274155,-0.07853373159310251,-0.14228124799669334,-0.2547190239817145,-0.3517700781103621,-0.8731911787241404,-0.4273781940575911,-0.765225875556373,-0.6155660554692842,-0.42649847438818245,-0.38443493837961756,-0.228049027856024,-0.060378658956378825,-0.2958356850967745,0.1832023313236394,-0.16604344402386395,-1.0004628996011469,0.2622752642612788,-0.23596710715854122,-0.45858657879874914,-0.1255692054909063,-0.08356248752862291,-0.11144670471701108,0.030418941668651868,0.04624884929464063,0.019339871522822263,0.06714013630666808,0.05770971078996699,0.028609008554672438,-0.10557549944330312,-0.1481216091665691,-0.3710371655996951,-0.4929791734502073,-0.07160637510544779,0.03658428531644175,0.017310123423163775,0.09298416218260477,-0.19030901644362297,0.08570788576236162,-0.025753246863346464,-0.32402979058361403,0.4532416062440728,-0.26245334253313884,0.4040463344319501,-0.03947910604011766,0.17087149165361884,-0.016490364675185467,-0.046628257775051564,-0.2361671522372326,-0.0010033311932843895,0.05401061479520619,-0.07387795208404951,0.04320797097785116,0.04225424459405066,-0.04496814228394357,0.020941067186658884,-0.10894540544763319,-0.030324211729029854,-0.20684938815389042,-0.5480782850256283,-0.316484445590962,-0.43822250080603165,0.07705376309053932,-0.17792579578752613,0.12914867353916318,-0.3517855938819782,0.05378795943303329,-0.1646444610605707,-0.07879600009552899,-0.13307676158592957,0.09174015274053428,0.7920865734886419,0.36572705539688216,-0.04020103324285576,0.45499358992680816,0.24853512681053808,0.04688712030858052,0.0019156443477995422,0.028825814629476136,0.08148332483553788,0.023167744935416835,-0.01653013389636433,-0.013472584635614718,0.028300163240324347,-0.021900296611398695,-0.03151145100649963,-0.09277574194618543,-0.14507838240297244,-0.05866303263913394,-0.06897351064440259,-0.04806292492100119,-0.04278247087566115,-0.06724450116592925,-0.11617090067084258,-0.04158692398114005,-0.12242247230536062,-0.16393731474880732,-0.2798780222547182,0.042154194814604244,-0.07901164429334678,-0.00026409241490283063,-0.27609295550502744,-0.08982001094521419,0.1482181045709284,0.15524865586904954,0.11183282741513957,-0.04214514020753051,0.012879223840196808,-0.013836640550618272,0.020489372640390618,0.013048791081796006,0.0006559967508623841,0.07226779095604878,-0.014651399620858995,0.0041423940375675435,0.20125920990931534,-0.02236502331509846,0.2194946848981095,0.17338062189436299,0.3662428950552661,-0.2596368961166633,0.17477746522824297,-0.14738620961801882,0.23234795770045102,0.12586704978146965,0.1354434228646605,0.09279125437662866,-0.26750299542207745,-0.10485359606317622,-0.016041538653812793,-0.13400922980310537,-0.11098407204801476,0.20588056611608926,0.057132709536318285,-0.015001086280823842,0.013488186109124929,0.012844164858947175,0.006315424910900268,-0.013720406992769428,0.022779302065249685,-0.012856027352397154,-0.010291550011177219,0.08719675047255843,-0.23658690779312494,-0.4118954061884002,-0.25144706460155575,-0.5365868933889079,-0.653992923878319,-0.05035517239019044,-0.8505531840176185,-0.41177246635228526,-0.14672872220751731,0.2569892204820017,-0.5695954259749897,-0.9128659447580693,-0.12084584717949254,-0.17356383059982586,0.07083432814081708,-0.23830692087415625,-0.2726481451284857,-0.03573881649485608,-0.018642321003468947,-0.042151785382088185,0.015569241577671375,0.021756162791634396,0.027724531828781353,0.07068412488606247,0.05168998554701979,0.025271358469379248,0.010078623284095041,-0.007847524779399628,-0.257011076653641,-0.1507502149892935,0.037412307467627005,-0.38768919571988203,-0.7262553728649821,-0.4207961962130931,-0.3175337986615132,-0.5478868528785015,-0.9414459308785071,-0.6324037680858134,-0.4089526595172265,-0.7911071412649973,-0.7099015702662468,-0.5149900367597591,-0.2491003316837199,-0.17720584451731783,-0.21960786142779207,-0.04343933686856246,0.09069852760511639,-0.03460929163986972,-0.046104721926151296,0.0038868021142893687,-0.08604568905004722,0.034228589317840355,0.04687698023683413,-0.03983596174112255,0.03948057312753341,0.0108575256264659,-0.010168955251284233,-0.0010513336986728086,0.012565400990230024,0.013312903469535276,0.03464518470666829,-0.11158389189427823,0.020271327741494982,-0.034783219892140525,-0.2215677157604016,-0.10010286520937456,0.0020189798152346937,-0.037441570641788435,0.016382895477731873,-0.03458012673853156,-0.05301686458066602,0.012474236872277927,0.020396767025115555,-0.05208936672617773,0.005902037598783021,0.05034788264242838,-0.06937955207257782,0.013371329763934096
0.03346908431835405,-0.012004523798005406,0.10011692293443027,-0.008066565729005892,-0.04887539854636689,0.12923783508405373,0.07990906646740893,0.05699391128476734,-0.014939042373289009,0.06854668900495922,0.0629349264056766,-0.013911561545097867,-0.00540381036165348,-0.008986368189990544,-0.012157767602546504,-0.033005036728231255,-0.08669481387521288,-0.0532940788594955,0.01158715237529576,0.02187025720688504,-0.018762001356305184,0.02814964108106349,-0.026635629204874226,1.8962535390475052e-05,0.14059206579021796,0.006165594536014616,0.0038591406573081286,0.05364499761128943,0.006558557795191569,-0.12635716380294482,-0.08080948996615166,-0.0034745941061483593,-0.0401442544844359,0.02303714196233759,-0.06062311212604505,0.0450152870596715,-0.007753796555319003,-0.010498892562246577,-0.02230392062390423,0.043357303961611,0.004908979562941874,-0.015708579584779808,-0.01788243237767649,0.04860427085609209,-0.019269357121218522,0.061856393473607066,-0.05739243176644596,-0.07473662176336028,-0.06400830606551919,-0.012315864274730089,-0.04064594366331146,0.009956112345022456,-0.047685375586793685,0.027112573929550295,-0.02644103698290558,-0.0024534273283531574,-0.007738580181757373,0.046047442663263195,0.015951396826392423,0.06850712459909054,-0.06717768639958961,0.05482699240858401,0.04731579988620234,-0.009175207956299749,-0.05161581338355423,0.008098143790081613,0.03042367373730227,-0.0024302287738747377,-0.01371389752551851,-0.019568908292060695,-0.02057025810656525,-0.0001453535508753183,-0.06898790376637699,0.012085180130429486,-0.04753811228752292,-0.004182338320625271,0.041274703370752196,-0.013574535050898345,0.016964275419693087,0.08626936935397701,-0.029588664235452616,0.031148255510474537,-0.04412867629438464,0.06445969780847509,-0.03490539015812457,-0.024609926791071164,-0.06586647303537078,0.022552235588713644,-8.39071443945372e-05,-0.024493349021897308,0.028328063321014826,-0.04059459153018349,0.06827167677718583,0.03083388590113858,-0.0841293054167018,0.027583281475021912,-0.010563219636704976,0.003507362486380727,0.10047544013783893,-0.03082614962205234,-0.021878443070050248,0.009459691791101307,-0.02116014514756086,0.007410720453884217,-0.06542843208662355,0.04638364072517268,0.03113745838075823,0.0014438714279663642,-0.041712445684495204,-0.10299578504374744,-0.02563480134315198,-0.024022287736973093,0.019181778647850863,0.010268502874514626,-0.0010078093398869902,-0.019009291817069895,0.06594238949598553,0.03178844342899834,0.023552318318677393,-0.034745907412425746,-0.0585225635165816,0.0066625762056780604,0.0516826905162848,-0.0170419006418421,0.020166202105421662,0.0046310083980123685,-0.020108711791009173,0.013153720357932962,0.024485599468126264,-0.025245001920456082,0.0249090633459081,-0.000595844672774256,-0.007764733668542402,0.00309848349093344,-0.0006450463354379027,-0.07116312622704316,0.0836816367410155,0.04248874184451171,0.06727465690653356,0.02945089237404222,-0.05461946415149884,-0.02559543866352804,-0.056212088994396114,0.022791260409300934,-0.02298573915160215,0.018941155013365973,0.032999959089910894,0.01598142634454403,-0.05546268007585927,0.0833005239165363,-0.021747332353695987,0.03870654758746197,0.015361572323333302,-0.08095960143758116,0.021734947744950574,0.039334929978867963,-0.07874294534545252,0.022544881204603996,0.03373857002885833,0.028155565722962288,-0.03742002984924884,0.023645815242686854,-0.04446848662900056,0.057948640687004956,0.0847072199768986,0.029066568308254815,-0.053854071135642466,-0.05128196075553648,0.021876697154671606,0.054208656252389485,0.044575861146673085,0.04600455349486516,0.006171017358862676,-0.0753728242942482,-0.06677426136462515,0.0116337456730154,-0.03107025063636089,0.025800841444188233,0.005937930563198864,0.016591447605761273,-0.046717130785967204,-0.003918574747382893,0.09335096819382804,-0.016785521490801474,0.03967599795432107,-0.024285369612488825,0.028407539137934135,-0.011635024851408554,0.02386090599934735,0.00545074861262074,-0.04588606549527928,0.032696760208270746,0.014303422259743487,0.009890041525910385,0.05891987742208134,0.13066414329739592,-0.00022279834493068717,-0.06161302094548039,0.07464469859595288,0.060902178349026434,-0.01664227796866201,0.009330356913734105,0.060825447693376236,-0.0766273685080006,0.0021105034463821783,-0.016341110530126497,-0.004846926495996252,0.02248229058158196,-0.028139569572152884,-0.029408841815938,-0.005510140695723363,-0.05190053647760325,0.0029414793366831634,-0.005772872102565067,-0.028486820170666047,0.019110647637829475,-0.008986054134953576,-0.006817647071234729,-0.02807838940843327,0.01970765206135289,0.016287353311698345,-0.003608848348110289,-0.06380366761452338,-0.01959859957404569,-0.02753361885837831,0.022581846824312555,0.14079014969533624,-0.0683516424016415,0.016597719658117186,-0.07074101243515,0.02284283297046449,0.034602354300924794,0.05603900165472193,0.017520160332851677,0.03244354535442053,-0.026297833966349004,-0.04917348290788565,0.03507775380864023,0.0215505599060868,0.04332178829154524,0.004864938720088718,0.022760790577980895,-0.03998219931600899,0.01276218242826259,-0.016570652500279504,0.013980694013202935,0.002301349174257262,-0.04728679425004093,-0.031403860819278435,-0.06457410352317146,0.08562265348817248,0.04546238895462422,0.06390905970266123,-0.01902757366559592,-0.051164400799180575,-0.008999926017141233,-0.04040376637568207,-0.005669852061066748,0.001419760843230019,-0.02865581571083074,-0.035708518874167906,-0.02170407247022034,0.012510145713017473,-0.018111763090166575,0.05983094661606254,-0.06329281545375241,-0.021611417703980722,-0.05575187792063311,0.04418067900810972,0.03798194961557692,-0.02101280887319759,0.06631673811796676,-0.02755401834502831,0.04172352802627885,-0.006199006205506548,-0.07705357545887326,-0.044325604092525214,0.035550811894008376,0.016509126117552918,-0.004075532512865765,-0.030897822020851035,0.026060766538331413,-0.017385943662234428,0.02879622263841357,0.030806693995342707,0.034824693534595594,-0.00033116676557017803,-0.05384495164434858,-0.024529099045277464,0.031638094887174964,0.010737420650218358,-0.02494276465143688,-0.010666008047059259,0.01808732574832503,0.031788576871801054,0.003849234089350033,0.0052626710919642244,-0.014438782066744893,-0.01945510484270488,0.028655160197613515,-0.06821076439514581,-0.07621995013633384,0.07043800817404938,0.06265255435898413,0.07237261827923284,-0.02526087772791567,0.025215418271527054,0.017888817789133496,-0.004803787287510368,0.0301014249752111,-0.0155466367052233,0.005354300026831442,-0.004792150824644591,0.07410462144316694,0.056132685929023554,-0.0010699907484491347,0.05419225243679931,-0.027399869321264213,-0.004369789726200998,0.02375085278406998,-0.028743170658267304,0.023037288935218524,-0.036353578857031305,0.007799377129347581,-0.035273275360557174,0.04732478252822787,-0.025667297456514162,-0.013361363400652918,0.023549770297373863,0.026597788141256278,0.03899148379384888,-0.01981695936257248,0.010213454095410947,0.017477967633402244,-0.013053229049811042,-0.04922998295604508,-0.02330969194304339,0.031564502863689996,0.018415050599188857,0.007561748573584355,-0.0736974810212987,0.00032310390605725346,-0.014963771500114251,-0.03764055419680314,0.03109132558288514,0.023067679880886368,-0.03494338124283214,0.10651442622319095,0.025584892360980636,-0.04226326797714589,0.009684442296219885,0.06457232820866844,-0.042908464234137446,-0.009643648107816922,-0.0007848570017665187,0.06957284258277517,-0.007903746683394218,-0.02564960660865363,-0.023976829190599416,-0.033908555272474925,0.03429319813061351,-0.04282576466131887,0.045863396986675777,0.05713451412952134,0.014902330430865593,-0.018296036336211588,0.06288933286467845,-0.036717365974862796,0.0635303060815725,-0.05667994336537497,0.04449944504663567,-0.01700477350396049,0.029149700402356003,-0.09564009183558471,0.022389514552947538,-0.09957369126791064,0.02268675091615451,0.044408454450969255,-0.06449958232190117,-0.06428193884517115,0.002435887665821905,0.0406597774290713,-0.009359245993859828,-0.07176051729545749,0.00029846660243582963,0.008393066914484748,0.011342962497854641,-0.014983698866534693,-0.011341905395363425,-0.01924863471491233,-0.04477720070577028,-0.008773008431636921,0.029671376971550506,0.008807464088185609,-0.014130785081428454,-0.06101550344934709,-0.053149423809791506,-0.05851165374856529,0.037321775772665926,-0.06015958788813784,0.022143789532380578,0.028816852548787193,0.03275269553600324,-0.03982590244891414,0.03657916649616123,-0.1001779284685269,0.090412465083628,0.055507422853468213,-0.008193284007031286,0.015622560353794187,-0.01385607480539232,0.03776395980595434,0.018301697339269406,0.1041078271741583,-0.03844830508105043,-0.025715084640285372,-0.04200978967565499,0.009213845926219981,-0.07569855167026204,0.14672657340831427,-0.049828641399586926,-0.0036708277250132263,0.0023830568971422543,-0.037057849075343416,0.011322552372154971,-0.008795210609539165,-0.06235984257389813,-0.04673298615382606,-0.028884766304097125,-0.010204135249130924,0.013318469984366862,-0.027391080767536425,-0.0019907686195458057,0.05406637332265595,-0.05533038589822898,0.010798766815729856,-0.05766570529630393,0.0022817988711823396,-0.013215673597399608,-0.0037128966613399015,-0.05465440824063876,-0.03906044742185539,-0.0008566296261041851,-0.019266402107704604,0.04958276033832853,-0.006638740038392001,-0.015352433056532569,-0.04404227080616409,0.008238223316071621,0.04166999970331493,-0.025740735818629353,-0.02613907652263996,0.006743953924967864,-0.036109313361744805,0.031945806133972306,0.014406121672453419,0.07593895028409561,0.010916882637875288,-0.10810869385981293,0.06447302735806498,-0.032867642045538166,0.02331194569848314,0.030087948515956985,-0.01960338426512104,-0.017458946767196386,0.012939602115748284,-0.023991059839138223,0.065905158341086,-0.014909069633281428,0.006716093753411957,-0.02337366077017375,-0.02213594021529359,-0.0015108207393425832,-0.02711905861750517,0.004737806122483518,0.03061453637648443,-0.007114360740175958,0.04015904343780127,-0.01879332375113154,0.08408182531784862,0.08314246306694377,0.04193758789716567,-0.046968310379095754,-0.0546150394712535,0.016046287211538026,0.002488606623081744,0.007827446312096172,-0.012757604736220953,0.013684291506459029,-0.0070937395678629354,0.007219501497619359,0.0020140127944303565,0.0012710303101756881,-0.009637304810016074,-0.058822913415094824,-0.037108920493364284,-0.00030919442072856196,0.03977637986546151,0.03245892747616554,0.0203472687708999,0.04163425397299647,0.06450583760612356,-0.006299397684496619,0.030843928396713346,0.03999719526496603,0.06732028603099278,-0.06361038915381603,-0.056501350180072074,0.045906305202760844,-0.0098764454760567,-0.03393006175433464,0.06497475695361829,-0.05695008535871577,-0.008953687051099333,0.05217381246818023,-0.0011334586561194343,0.02578294055200105,-0.007827711794911279,0.02156335241658297,0.04425696099380763,-0.010689374907279269,0.037739945067706636,0.008118154969504588,0.00024334297943221547,-0.051768506498589516,0.013668673309979487,-0.030046105606287985,-0.04143632996635856,0.057846975186032754,0.0569380469684772,-0.000602587799430746,-0.006687930870010084,0.009921547023282639,-0.07775983554744094,-0.06337059619051642,-0.05912399593911762,-0.06470198149906975,0.12540331555750486,0.010915858631398274,-0.013998337000504625,0.062424991598719816,-0.04181237084501618,-0.05244141219907164,-0.020708068773858633,0.031190059316680164,-0.014432025447049215,0.0013334257590598539,-0.042439257680758555,-0.003872091590780737,0.013734001637848596,0.04836647597277282,-0.02839549514110184,0.08328366128697683,-0.04503794390341083,-0.06909611750353577,0.06263992024815976,0.02903291071603975,-0.07574640892977645,-0.009919155691842783,0.006838143240527404,0.043748694728271226,0.13915552139720364,0.05892772134982838,-0.06640302343364032,-0.08194277989603013,-0.019713838991196827,-0.03728309611848072,0.0085282194934738,-0.01019147733572613,-0.0248366054591653,0.0672470527180179,0.035571192402626316,-0.011874698237999883,0.03514019021294675,-0.006743700853079549,0.0528287232763493,-0.004999657428639548,-0.05864253529621035,-0.005182662757137437,0.0033607120600909926,0.04007603468645723,0.005906917792170061,0.006766845106096293,-0.0028987758228856083,-0.008639589887171178,0.0064368156317696525,-0.11469653383490494,0.0720966290488318,-0.013468622328386826,-0.01754731755601043,0.03914035860371256,0.08309356202749292,-0.06119146599282779,0.05054193671200588,0.03489605694672793,-0.03828813592537985,0.010852595052789581,-0.03326673133440708,-0.031669902905097434,-0.08694821443875496,0.03951392030253843,-0.02773015995442262,0.013733908102811205,0.013829634054524151,0.05427813467076026,0.03317215020204441,0.009523077941434225,-0.015206395660317893,0.05015862047256139,0.0016049407500982218,-0.055136205630824824,0.00929150742003702,0.004607228449017098,-0.007480179667578752,-0.030976154456179846,-0.021065643006361316,-0.03422158634659226,0.019499573110508005,0.060195039994166366,0.03714021257838144,-0.015106892054276169,-0.01958152203940686,0.08894037327531716,-0.007296218283254421,-0.014659316239002757,0.05375557842384925,0.04263694699168077,-0.01460634495115033,0.015364537260234849,0.025386283023283752,-0.10333576403307776,0.04915878836948025,-0.03689153411036873,0.008130884061047033,-0.01917702494773989,-0.03317040991767928,-0.02012762831284797,0.012069747938233021,0.09709793736878158,-0.03467288778836884,-0.019193388994295586,-0.012196186502232743,-0.04382489728478649,0.022516952757813076,-0.013302805357188254,-0.04779778959694153,0.009145574630464122,0.007989107061558184,-0.0004540358527899233,-0.02390250232632699,-0.05325172420502274,0.00586419558221345,0.044167838397663924,-0.0487179865795195,-0.004664938768526692,0.002292688322152766,-0.04605976610049629,0.010027216064600601,0.009545650511391227,-0.0038634615376921004,-0.009853689589979338,0.06035539315103971,0.07384870043277784,-0.05069786080134591,0.027488340833561282,-0.002467388936442311,-0.029466554024358535,-0.010340889895402662,-0.0031180368132448827,-0.09138669971542503,-0.03896277862749377,0.010352194123023508,0.040571117448167986,-0.03327832124743926,0.01022227758181377,0.06457824723910158,-0.04056499386378437,-0.014632015124096882,-0.020601003668004932,0.04527623485770478,0.028198107074170278,0.02009853836354327,0.0018245765969320603,-0.012694452295653365,0.07022910696597148,0.031426054276909254,-0.060671568020020744,-0.015304633332089623,-0.0009697311348765505,-0.010526798169542165,-0.03814735132233488,0.016780369145878812,-0.06100254064662613,0.0184551898964345,-0.03146659218020823,0.053168920271762204,-0.030679425437880322,-0.03002488002008496,-0.02983479783829363,0.015737190598414923,-0.010571265292982676,-0.03224334753302339,0.08636209099944211,-0.012321068284392006,0.02694067998481688,-0.03556732224399776,0.04408459716276805,-0.010878177775462697,-0.011757547284204828,0.006856581712886326,0.04265799607724544,0.041278418023719086,-0.002125303872328059,0.03223006868710314,0.06699878697166468,0.044886898781484816,0.051610342642766906,0.08124421064137911,0.08931635450276064,0.010112123836365217,-0.024580526312911733,0.03616253946061581,-0.03312375389125196,0.08395915677577304,-0.02827102386931849,0.019842515459501695,0.04604115455050173,-0.045524635925293856,0.01566692496929044,0.09172903544128352,-0.05361948288235221,-0.037348199275432724,0.05099673655035153,-0.02588061474752297,0.05409562728468623,-0.028661828783854,0.05903143211463822,0.036228703427176455,-0.02414457928649892,-0.015498442028784082,-0.04516341208042967,-0.06841972596594997,0.054719561592187736,-0.014245373623319079,0.005591442979821102,-0.07547538152981946,0.005084838573247598,0.03238292822506953,-0.0555689832038772,-0.03085222104282878,0.09619676431840854,0.07110888417810904,-0.02522625968305422,0.08401778281401069,0.02515495075437008,0.020945945281552032,-0.009542277112384792,-0.06043979348262567,-0.0053299107614575136,-0.025755928846703358,-0.01781678827973916,0.011814201836540392,-0.0066421303985876095,0.050581827994079925,0.047818527767797506,-0.03240383700612585,-0.03142270692472942,0.02705767025063077,0.08514627008072627,-0.00472836759744015,-0.003570264538311999,0.09669838488595492,0.059479823857664496,-0.0016329414035068579,-0.03300862966868275,0.058669803921027726,-0.014023306672834536,0.012291422847651019,0.01901435053961765,0.02248416394536717,-0.02676471574382171,-0.058802786888854874,-0.03169128809015242,0.043393384804168794
-0.045653488979521165,-0.026769227828301746,0.08964404206238652,-0.13812895697667088,-0.06529132129578334,0.05165446749916525,-0.02238689101370499,-0.05784979231116196,-0.058552402838571334,0.011802108270469208,0.007301221738750513,-0.02972317819752211,0.0007500963584669371,-0.05148019972051487,-0.0066370610253439636,0.05122808183841903,0.03255761664029122,0.029896615789061557,0.06511345390947283,-0.002901206234172702,0.05357097392900374,0.05337100667729565,-0.06967744424209557,-0.02498439978046787,0.01724936156074948,-0.02720740822205762,-0.06042913876124965,-0.01348082706744168,-0.003271857343690651,-0.07097161401644597,-0.06408728019091806,0.049685757629248845,-0.02310768438894174,-0.05538285734587302,0.02231517675063428,0.0006307922397696984,-0.09463240337138622,0.01818433838663755,-0.07050191409372017,-0.07310019384904967,-0.0022713208459386233,-0.03016669487157837,-0.034961010022301106,0.021028377197118052,-0.12124917564802652,-0.020524550971403727,-0.060888515057741746,-0.07386118343766943,0.04270295666938635,-0.026670159715130724,0.11633083621891749,0.03880235294876759,-0.014076180962686244,-0.014815230817177678,0.08322658497737628,0.004846337064179964,-0.015716223397271703,0.06745144288686755,0.0073764205481746895,-0.008643695927472423,0.04990162814361397,0.07661079786399201,-0.00041286137787321437,0.10140299063691335,0.0015674414575174889,0.022165817998391728,-0.022279699617699728,0.013381846057022898,0.004731136470031988,-0.0455939716853646,0.04148450547541156,-0.02539823279252754,0.021827054072859505,0.06848978725990015,-0.02168676735375777,0.017050742307584944,-0.07916017837698507,-0.0443513861579983,0.08456610845312065,0.08321255605199795,0.04018888140978773,-0.05775083890968934,-0.10961184169777415,0.02028305535726957,0.024447860746614224,0.07564259612934585,-0.04858524171711916,0.0923388337437957,0.010967722451454479,-0.01747501971616373,0.01814113391400994,0.03274777662750728,0.00016318679207301924,-0.09084978238737891,0.007045955009171917,0.04669840424890254,0.015272270260419316,0.01459456876417075,0.01569210432143781,-0.09023103181507132,-0.03287817283522072,0.03588661191447845,-0.03511583002784743,0.12470727003748261,0.023886005502802173,-0.02137286918511945,-0.06706247039938094,0.00400413372297591,-0.007311806163299606,0.04982362207203048,-0.0349672325107383,-0.13773312971377552,-0.056179220798190654,-0.020566204511455907,0.022917612853447653,0.02754035618903146,0.03388518349256528,-0.06624068597941522,-0.07012482321862551,0.00724372600017916,0.011154683592106387,-0.002025242129727368,0.057740677543678606,0.03303693160418622,-0.0939078980858235,-0.008491365274637994,0.0669041208028361,-0.03871351932640797,-0.0174498685157106,0.046344335208789736,0.05856668703340225,0.038554513864076705,-0.028031127107062064,0.021840773605084456,0.03944608811175282,0.004713240379705903,-0.032969622626963214,0.08212599724833619,-0.03986138871425538,0.10429856245829605,-0.0552607381169292,0.06120424205315345,-0.030927059409619154,-0.03520466915441501,-0.0711264035700546,0.009368783736861244,0.029055849297524784,-0.03571628560046351,0.005120088401063915,-0.09351848738803997,0.03167062497483885,-0.04206729999617065,0.036972140930206884,0.00890560260734136,0.0016014815792515008,-0.03371450918186666,0.03901503149290324,-0.054433709364035965,0.026891598325748896,0.01900520868389628,0.030683991550754856,0.013668187000093108,0.052645579811227944,0.01702208967875343,-0.01911446246220138,0.02895976994972426,-0.057490741144361715,0.002192684958856141,0.017735050210707714,-0.016858668070726137,0.08935534895382455,-0.1341095140412912,-0.014131395150690678,-0.03650347992752702,0.052456866689387455,0.02535437962588831,0.03161944157000785,0.05646071461906033,-0.03249429760156315,0.04660974241226506,0.005500340621310115,-0.0034937849064646865,0.005329980410738885,0.00860424086028112,0.005521112220415055,-0.035416118926010834,0.006076984782967853,-0.03331365379637835,-0.003442589312505161,-0.05465582801073227,-0.03506415746873623,0.00023997769785720507,-0.0024006024772697367,0.020967867563940753,-0.0018861856842602236,0.02251472578532014,0.013913778235370775,0.0006382624447879876,0.04331015172364462,0.030115431450314974,0.030781655333265056,-0.0777190834545538,-0.030860815280212808,-0.015460708787515032,0.11237681933696261,-0.022804394774405032,0.03457826693671769,-0.013522446123803128,0.00600400743708633,-0.036669794131852014,-0.005909179172593931,-0.030968858682383412,0.023176078564345795,0.0415105802614711,0.04142222846137777,0.06573119796757479,-0.03861692223075087,0.03418267787007632,-0.012783798553258723,0.016658052768357978,0.04201685386272555,-0.011842604154119623,-0.06136322714849818,0.008851217940758634,0.013940709217432044,0.042590635727874665,-0.0027162081378531485,0.020984690257444965,-0.013729020484125378,0.04818706830832998,0.03145023215039491,-0.0015561723244790632,-0.00712996956365394,0.019570564662997923,-0.05777137952491084,-0.05501000971266283,0.017236487720495488,-0.01799669359561811,0.02119682111419314,0.007775907329470192,-0.03585106926386967,-0.051169537179246764,-0.03622269385203117,0.019352792978463144,0.007817785324008317,-0.01285950140245898,0.04132844064494861,0.03783995930438874,-0.023547822364359178,0.016198633269152985,-0.001776802770098563,-0.029576571316030663,-0.03183127823934314,0.05097824216791218,-0.07661786777626976,-0.0510761652849965,0.02867037975789311,0.010523100258764488,0.07280911170792642,0.053077334670087066,0.06782196284915923,-0.10294145918492513,0.011732679158713812,0.07856990936297072,0.011058096180612391,0.03551313479398308,-0.00043751945502324964,0.051385600431926644,0.04569595294623471,0.015263265568496649,-0.016413751365643478,0.007978421966713677,-0.06990699891368966,0.015465547411921582,-0.03626768381466892,0.024858051486247753,-0.0035974352151783165,-0.006666806607176301,0.01936180951530875,-0.011964808446413821,-0.13892187875215442,-0.007387393471598216,-0.06236446757448255,0.0393535869089071,0.021742210003520272,0.037973409223176297,-0.012443444037992045,-0.007072003050758406,-0.05091987548894233,0.09929931921775415,0.021994910121184815,0.045945665426469724,-0.047626604187654034,0.039372082078539455,0.03857620693994268,-0.07834630479321475,0.04951903369076568,-0.042640819182729724,-0.010489179474689324,0.02135287885700967,-0.011377275098957768,-0.0041596302354798475,-0.028289173870278354,-0.029890286633368707,-0.01768741878081004,0.011315654271620285,0.01710801192934973,0.06638150620914,-0.07588016458652205,0.0586179253829262,0.06939035790047553,0.05767209715031999,0.05206399723918215,-0.0999629732259418,0.018654029203595254,0.062152612749893824,0.008946109688148816,-0.019090494215364136,-0.031786487495490894,0.06266438720578216,-0.04270626522455816,-0.04932971433198909,0.05679806147611115,-0.02996435248085504,0.020668713581806195,-0.015299232572942502,0.02821280418184482,0.031100379392743266,-0.02081294940593043,0.059459231415997425,-0.03920356007102858,-0.02995561684407828,0.0731874895400517,0.06594146911868397,-0.044525744869469,0.05558454210336627,0.01770435255479472,-0.11918268389454546,0.04222124007614813,-0.03081354924852533,0.05017133803496232,-0.11386116275704763,-0.020248831262247715,-0.030696702653865673,0.019860500095749068,-0.010250475839755488,-0.05022877551819206,0.04445971324046285,-0.061437491761335984,0.03356179269678732,-0.03513657754499459,-0.01202670696946146,-0.024360713774478224,0.027230953173494214,0.006019012381972952,0.007470204309105061,-0.007622643843761426,0.029467403046163305,0.054746463620730025,5.964889317688026e-05,-0.03607733689080111,-0.055529959130357825,0.004320206609582946,-0.03577203006353492,-0.020221817843936448,0.009851312396727534,-0.04966749669798517,0.0720485668313934,-0.012305761390017192,-0.0382207799976904,0.003619097691829248,0.057096955225771635,-0.00311683566363502,-0.014129163294293146,0.001629508071735193,0.06186408822394277,-0.05094100235795699,0.032708766900840854,0.011209813416508327,0.006581508593751958,0.020870178144651926,-0.025315493705506602,0.0013250132785719724,0.0015634483667140893,0.04132416301883755,-0.016013920104445342,-0.03264515292946552,0.04798922288187884,0.06297653421455991,0.024862365977160798,0.027946356385208954,-0.10079310787262033,-0.09643046350164115,-0.04126888651195142,-0.0326715761468662,0.010896472485324007,0.010054544768856064,-0.0542319183435134,-0.11277243143550883,-0.016242575509226996,0.01447142760543127,-0.013021076222269827,0.02009642525045487,-0.023519907016984185,-0.03672381826947924,-0.02770416632086124,0.01392802917301437,0.06065196297134624,0.028448083525808136,-0.023381255409995465,-0.005639378666580328,-0.005979498522519066,-0.0073590657412043485,0.04283611738695506,0.042934577966914446,0.0012388878742012703,-0.0512666692609926,0.0017826559843591684,0.06283901604019994,-0.03099108630821209,-0.05276072093568445,0.017046924149328,-0.010060547643047858,-0.025365297802847377,-0.06913040760523116,0.10748113537745933,-0.06537920789749103,0.02445282418543445,0.0031700379353022407,-0.04988937399509579,0.04177130399583443,0.004108749763430223,-0.0089758536486745,0.008396737070856789,-0.0139414081838446,0.032098283550654534,-0.038788456064096255,0.024748047040291456,-0.023663162994765213,0.07105998397910826,-0.04901139960688628,0.06398712552382545,-0.09669723381013352,-0.018987222001578277,0.032249844344965695,-0.001848128342143491,-0.11701736809458685,-0.05034290561895892,0.019640754041237756,0.012202928184428053,-0.04416254733084093,0.02688818282642639,0.0654568348830208,0.04470045488354238,0.02499410802755742,-0.0394784887830105,-0.04010764355299452,0.06979097037228266,-0.0425146886583708,-0.006135665430127934,-0.03190801687479786,0.03275030107665028,0.016040914366272665,-0.05612143799867912,0.012706750052547807,-0.0005856892752452915,-0.0615938100709733,-0.023787049815648307,-0.006578463573253641,0.024485035468249098,-0.04507521709304281,0.045442715386348045,-0.09358543017104791,0.023751598984623312,0.051762910161594435,-0.007524310661565211,0.013129304741456892,0.006092514370820353,-0.03902985462006719,-0.03330879459466054,0.04810120326631511,-0.015160154303906966,0.09303745674859079,-0.03772421969726273,0.02736782623381844,-0.008433205428669963,-0.040383138468986106,-0.025754421318782438,0.024747383967474283,-0.004708709058682797,0.040931300429984996,0.001882918944277064,-0.041089709593102784,-0.007067019252514584,0.023812058485938047,-0.017808388408220552,-0.004797786855416743,0.03407245389274338,-0.00977168476628487,-0.007111570910743932,-0.028517019443784365,0.03590142951095162,-0.00023334411340740485,-0.10027805237331866,0.03558785563298323,-0.00534462721462688,0.0918281257665256,-0.07502223409039652,0.04293596305106357,0.0011566645880849646,-0.0633192081831268,0.01777045480775462,-0.024437678118971396,-0.03264786593141826,0.05125382506220846,-0.04325590409041559,0.01787850359369009,-0.011419330753374627,0.0027265188540297794,0.003191043213820461,0.056430041263643045,-0.012141017706546414,-0.01835049295995731,-0.03030554043065881,-0.06257903586100251,-0.04251590605010105,0.04643632461007089,0.03882350796569663,0.02318008916410176,-0.038868444843878164,-0.005858242599479338,-0.039518806388181026,0.10682638040382009,-0.10553035895350354,0.062253931545662396,-0.015643732871622622,0.005788314349989117,-0.08969089163509589,0.028678877072961795,0.014854984534795099,-0.046710197978190496,-0.014312572973490137,-0.006721769656588445,0.027040634187338375,-0.01316593496677557,0.005558722177054729,0.057281606619785264,-0.006901936818449671,-0.018604815595471943,0.05365318549602238,0.06600770608204239,0.01251451563786451,0.027243361045132666,0.004799223400400931,-0.034597103632812314,0.014732222724715277,0.01797336490754782,-0.056344579531535564,-0.002575427116655947,-0.020052927371034066,0.015347009640625619,0.05198523143154298,0.03884167592520999,0.01910212070189059,0.055644840271093926,0.016230117824805778,0.01266781730156298,0.023946372679162276,-0.0068561103933170685,0.027174311019112506,-0.02613417897558843,-0.05722115226586856,-0.004149641760470301,-0.008904019882696497,0.0004182260487627433,-0.016344500000940003,0.01928448235705785,0.004419627958707003,-0.07891212721344504,0.0005869048643300524,0.09478798471629571,-0.1326099893677271,0.036620314653447415,0.03452838536338373,-0.021609900407332114,0.03218525491588196,-0.06952527959936798,-0.03772156550605426,0.04718436733922097,-0.028219681147244963,0.013401747126374817,0.05937813489125398,0.04613458014981248,0.007802337582345378,-0.001489679302550047,-0.07945603155098883,0.027226792151415654,0.0015088089907302296,-0.07780018347332544,0.052720989426682685,-0.053010888647207016,0.018547873331119343,-0.06418626720464966,0.02887787083721647,-0.002912482447503617,0.01319070006869707,0.02140512886544369,-0.009225206633762221,-0.013676684169059851,0.01562752758536999,0.038353510572319574,0.002019572709511822,-0.06442461005920624,-0.03311057438441686,0.03223435866971903,0.06177509762463921,-0.00869668609681262,-0.0427570019614302,-0.04548674459342239,-0.029383345714336137,-0.008229049831588406,-0.044988817293962355,-0.013760002794291494,0.049250667502444966,-0.06253801592349303,-0.012761853405144755,0.036264006148362386,-0.02575616588387232,0.012425396458624484,-0.023470230591950116,0.016386738903211306,-0.007554049102208298,0.03674409905178085,0.015608879065370403,-0.044557626084729365,0.02248379129248968,-0.004137437926379769,-0.05527180587062571,-0.022200255511925268,-0.03537299726325531,0.04397291100979326,-0.0548358036534291,-0.029820830610225824,-0.100100402790807,0.051964258244483995,0.048693096207824374,0.09513730929079953,0.025003863611719315,-0.037996439655962014,0.0059360044498728125,-0.06368189861791915,-0.03135917720936212,0.011165892413684536,0.043511740195015525,-0.016114571563553136,0.021675681388070956,-0.07390142347426969,0.02841752125728821,-0.0005964078946207003,0.0057378242302256926,0.008817077408882571,-0.0596762232676261,-0.002491431282861952,0.08546024538935798,-0.03426371155465261,-0.01378403422412282,-0.027057445108173223,-0.018993086080802052,0.005480815128300413,0.032447896633817024,-0.0192199043271617,0.03186678894127918,0.05449918390276398,-0.17407459806009265,0.032182692397521,-0.045654951866416875,0.016151169385313385,-0.060672406739032875,-0.0834593467559039,0.03891144706282751,-0.031157180730671117,0.010992943291303,0.053769546866592646,0.002998593418300611,-0.06205993810043592,-0.04734090229959651,0.02317793269103982,-0.02946062127421009,-0.033071312811962524,0.02925653673437924,-0.025579780597787812,-0.052798605981223254,-0.0313712370964642,0.037686244022665225,-0.12814539892405083,-0.01172929633810333,0.10459265136117969,-0.08829718236192254,-0.001140312842644432,0.03206138258380688,0.07563317934490103,-0.06895953368343258,-0.00030259546505501014,-0.03134075787992208,0.007539694036511989,0.03707089502531512,-0.009833984073842252,-0.044124264026823505,0.04449419855615811,-0.02594011183029477,0.05154798011689829,0.012124873057717363,-0.04209921187955281,-0.06928921728622522,-0.05596277193221352,0.020206578705799887,0.04429938082941631,0.04119663646843175,-0.07031576444563008,0.03359298916735599,-0.012077120939128418,-0.04958991518903139,-0.03920107804727605,-0.04628146167511004,-0.042365440584720644,0.06585115906732582,-0.030979709067007602,-0.07789927495236303,-0.03345081020873833,-0.004424842808684535,-0.07763512257370876,0.022251250651925347,-0.02774972677384963,0.04186312493074682,0.027143179527027165,-0.026732938158961533,0.03328926546361229,0.04610302676900832,0.08057990261774088,-0.07537700987119886,0.005103117096566514,0.07683817572858725,-0.024017717501301383,-0.012662829814251205,0.08115158984706818,-0.03924659485464301,0.05616057111324297,0.02566427322436678,-0.07641661039599942,0.01671620465566578,-0.02706610918804372,-0.07001526633836856,0.0274404460847987,0.0693427629200081,-0.05959120009723917,0.04415596438056722,0.03160607860654259,-0.0041964933152374,-0.026296276787928726,-0.0120853717809777,0.049197309290054426,0.08772094808635683,-0.049416002307259115,-0.009567327365240259,-0.0023842348490827553,-0.04116341300924686,-0.026556496703152365,0.01994123351765515,0.028129673296600714,-0.05281440320148927,-0.10647806404614243,0.010261940298248482,-0.07427603960433334,-0.03855646896634413,-0.11636591025582511,0.019644563876583348,0.04508600011921149,-0.003303560616054224,-0.05159566472383258,0.016252019970126385,-0.07070936783599407,0.01633367557618038,0.013420793445779637,0.0665068978216764
-0.005794153679546531,0.043945051552937965,-0.003445884155029942,0.009973941299623564,0.005933869939602683,-0.05950340288056677,-0.026361202397313998,-0.05689695979414117,-0.03903070410122929,0.004088272370973407,0.0945561249480231,0.10763653267827801,-0.07995679265736129,-0.019392487884756747,-0.007824689563756492,-0.03307523273824026,-0.042970573788077004,0.0006581300411176992,-0.022164164415005887,0.042028031893139264,0.05553999673709166,0.01436841688354462,-0.00013613009861334585,0.0026222861663530933,0.08360234499299911,-0.08818970182704074,0.006197895116250732,-0.003205136411124749,-0.045241281102126094,0.05509922584844671,-0.012818340094135754,-0.027465571591763837,0.03715833354176697,-0.04739468912915545,0.10350996605815531,0.012011848737130994,0.0401330697312785,0.0573530845144509,-0.07719993902024704,-0.017136556592615593,0.05826741160794118,-0.10635440142421747,0.04496399921323322,0.02154554472211608,-0.05124458062733502,0.02342043465225109,-0.030621134420714576,0.023037808376774438,0.015370914748624873,-0.01363642927772953,-0.017726098400560455,0.009272781653575346,-0.01816332373165368,-0.010880636745001823,-0.05401814573270323,-0.020930693592545752,-0.024147309401604054,-0.01599675981743994,-0.06751017198471365,0.017110669446927428,0.019765971205648093,0.060280968291733655,-0.051594633040138844,0.012615685710618111,-0.021277197149302096,0.06338776867086914,0.05904818219108054,-0.03163180618963884,-0.02979937942972516,-0.063519642559256,-0.032000466170223854,0.0015557805094664904,-0.042262718422955446,-0.028238300973955785,-0.009672852698178358,-0.01547237186675814,0.08702437194107387,0.08533995014983567,-0.009919846726421272,0.012560688437147126,0.0004126680229598582,-0.03259641780225201,0.04230523501543107,-0.004317487223875498,-0.0063178587202105205,0.039191229278495374,0.0017974252169669672,-0.042685258932058344,-0.017291647505963046,0.04146042654405729,0.047322632535440064,-0.1182644886440656,0.015495586961653079,-0.012660766658231607,0.017684327576152167,0.06771649888123804,0.030083698858043434,-0.02160469334840368,0.09169073587946124,-0.019942490360151267,-0.03936604196780391,0.04955264085684728,-0.0649855124345842,-0.07349695497636012,-0.007279217993878106,-0.05708882056338056,0.02234361067408565,-0.0285703714172432,-0.03083205265673559,0.007321028596019724,-0.04853560743674321,-0.09214717467458869,0.06118189025268294,0.0018236542801718402,-0.031916812300879,0.004243260440211083,0.01757084227083476,-0.06665439335333524,-0.07246342774983693,-0.07409338180078386,0.02541605429430614,-0.023240832803531637,-0.006112946277875215,0.031149847414469196,-0.05656069496819769,-0.010040696064474603,-0.04505180034217268,0.03563461250647004,0.0017410601469296865,-0.015683010920765274,0.0011809293616992156,0.013578388423762107,-0.0034418188453205338,0.09112847458112784,0.040408897187778785,0.06071721263713611,0.01764958512028955,-0.01966314630709082,0.002545871033654076,0.0030116936846221643,-0.048522211878815925,0.08613766451333282,-0.011467036876546778,-0.03236873676180019,0.09026830004002692,0.009347832085398243,0.006634487613518251,0.03890393613534007,-0.0315674261150305,-0.05569683858214623,-0.001147707421241663,0.08083094950509054,-0.01821518687230944,-0.03552156945939962,0.00831717772958638,-0.017024562414034168,0.03163887035632518,0.03965976929311182,-0.02017682984076227,-0.018813020674020433,-0.02446850941107351,0.005936159736811595,-0.00032072716401676657,-0.025520522993916342,0.013117574770520867,0.029953868251874002,-0.008858430573047322,-0.02223829317804789,0.0024972640206184023,-0.031185771976965416,-0.001358080715873843,0.032260494040331905,0.09781977169215998,0.016949003087765906,0.10202056186143453,-0.032144506471338485,-0.03139565145681434,-0.024774322743176962,-0.016202564693485782,-0.06018349194367342,0.010882636171408437,0.04052744390024037,0.05527777630990862,-0.0014039092640870502,0.014401314524354869,0.013315785995710237,-0.005552704946678402,-0.005314374938988148,-0.055856099127584095,0.004779487645369666,-0.035015401484875704,0.11219670373601093,0.057842485334015724,-0.06557397418235841,-0.016777905690093384,0.09363953976008257,-0.014723764090221227,0.026193131463078927,0.015631055968112685,-0.00956798012169042,-0.01935892691416528,-0.08631747768196261,0.057302297303854215,0.07888868612890249,0.029027678866200304,0.03332785050830914,-0.028286629176129813,0.06827432601547355,-0.041647127913442245,-0.03762466617838273,0.013543931896567742,-0.016337265539340874,0.017062285003683494,-0.01854577607634525,-0.015498893333160343,0.04924877117809577,0.03915876038799721,0.026025951435612482,0.01190671206670774,-0.05678991754413393,-0.008636126087284986,0.10930231561027158,0.03426199661506484,-0.005698485859694148,0.043396407235642864,0.02673621946548868,-0.07477351592598551,0.019069395052105313,-0.05349228264734139,-0.07476741765899492,0.006852038089494848,-0.05586622116880851,-0.04593444358053373,-0.03661919708133926,-0.03508229585085264,0.010349654937460368,-0.04431144277879316,0.08042693433966568,0.03233963010806725,-0.004139749816552345,0.012487860512334534,0.01438549679081735,0.008865086231887497,-0.01770424695264694,-0.07961925773152834,0.016043897854762287,0.07471471640388784,0.06632883825846372,-0.004499173491444105,0.12659925764226068,0.011394212063936072,0.0994922149879665,-0.018373819223979817,0.06947244416693363,0.03239834577376591,-0.12805098872905188,-0.0015793107805794138,0.03812983864435047,-0.011436191170302028,0.009946561015865487,-0.020126146405914282,0.0730076228784548,-0.015539833629593732,-0.008089231001303609,0.004889613879722392,-0.10291195698370646,0.01193281129665653,0.011426195712241858,-0.07500352975679146,-0.010255353539674546,0.0007899096743190399,-0.06615456810683087,0.06172964320749949,0.04180401520250552,-0.04581461622440721,-0.017104344082250363,-0.07755748060469327,0.007780431995306975,0.0005152662512463641,-0.02093183428108426,0.02164503677880522,-0.12917045057363385,0.08579773103867949,-0.046371643881458105,0.08465714435758989,-0.05030600371595196,0.09340406771193842,0.028334769742378214,-0.03630785000638538,0.0009170680155230261,0.020397911091267245,-0.04111171836028174,-0.033090157962686224,0.009416205042440513,0.034828092155152736,0.01109927482358851,0.03594165453997498,0.01665913396377922,0.017721049908523707,0.022283132952135114,0.05349588745876439,-0.006593049721446345,0.03207090419502975,0.03998281624694764,-0.014721992615840344,0.032666682427116324,0.1158630179691798,0.0693970709730058,-0.009922848853940066,0.03899273708269292,-0.0010025487904382958,0.06686533601116623,-0.07313198635964387,-0.11587852004136844,-0.049395114453032546,0.015544701999546346,-0.03177004861247959,-0.03696748885341327,0.08973280831095842,-0.03496143330698352,0.051161994979930396,-0.03061446044759366,-0.08252430866810931,0.027424487984344666,0.009016209693244973,-0.03695756557089368,0.013943918122524579,-0.008963765414979745,0.021188503139573323,-0.06664296714250441,0.025636390570946684,-0.02839908575211681,-0.03951791677127017,0.10337714677568825,0.016775445371562954,0.022923497210012647,0.04149256211569683,0.023149990661480987,0.044977668228120146,0.027969838978569177,0.018728863276501098,-0.01735515751009977,-0.059181369296518675,0.024615190087246205,0.0006582910781619299,0.03491665328376701,-0.05601938161426906,-0.02949594175879333,0.054072737084230285,-0.014319503009212304,0.07877264269686587,-0.05157611382998162,0.03699757017599617,0.11844316723362613,-0.012984742772787118,0.020499797271466943,0.0010486375092550924,0.011159356027331908,-0.011074860605290743,-0.03543257465144974,-0.05957927953914823,0.05443205979358145,-0.012986606844264802,0.12537480655336783,-0.0159876719161073,-0.02030402082559415,-0.05581895615483355,-0.025569307880700904,0.17908303251896202,0.13940495181031984,0.0070515339348297115,0.026191336169955646,-0.011050129599071895,0.02095080628224347,-0.004247601617152044,0.018488849848589332,-0.04971795239913935,0.0025696046017188606,0.014587291231559617,-0.06349467271495936,-0.01453841726359215,-0.0824780399121083,0.012539121055677838,0.012392377172738634,-0.05022442523453104,0.005744886918863041,-0.053884824347412374,-0.011561267991617682,-0.00048543162610744257,-0.032401041005608644,0.11335598002632108,0.02333725275839476,0.033559210823747125,-0.04201239948926878,-0.02002497826281671,-0.05676081377265104,-0.07361941584006441,-0.05295165961982251,0.14089428298559076,-0.10865685173997781,-0.04719615383910906,0.06394416512922686,-0.0516923556725247,0.06826410041602732,-0.030637277079549604,-0.011791494030754524,-0.03716994694391275,0.014033924863916452,0.041881471253588105,-0.009777747672034888,-0.025609196877880738,-0.030533370190827278,-0.030657474100891664,0.014105365477106809,-0.05650920976852345,0.011897955578103862,-0.1176914468213499,0.02377964789745921,0.025601549746176348,-0.05452601141111173,-0.029659609701197527,-0.0417146039424377,0.052054043627542256,-0.030265262344774977,0.06165616643629724,-0.06882775010762475,-0.018223033298502042,0.010601253525342785,-0.004016512976170563,-0.03971136244294349,-0.00385467952498289,-0.0017994810367957875,0.10288210662166848,-0.033193550437992644,-0.0071899862333587574,0.0085315190122695,-0.012522288681282785,0.06309573874874731,0.016363016805727847,-0.011933621319662456,0.06659553821630894,0.036066901839443936,0.04616657838463475,0.05330835174867364,0.0310146479903131,-0.01841601380436957,-0.039107429086573574,-0.051493023686854204,0.012183931149580897,0.012540080812460459,-0.07448310088448891,0.045462622399804205,-0.05131491452762461,0.040528302974371364,-0.08271028225083353,0.016772128568697725,-0.058790115423243895,0.06811941841262582,-0.02019421142710679,-0.006757339328419756,-0.03858888687308509,0.03405688623340587,-0.009190192816066063,-0.024503813959440787,-0.03259277404014719,-0.026802546816479297,-0.06540469009650214,0.007571576528103319,0.027306541711859145,0.006731742821806061,-0.04889848917283609,-0.034298970945836275,0.049880448680185145,-0.060569174564625586,-0.03131930934860908,0.10669838835668577,0.03448664523794991,0.04408460122176552,-0.01395304989388571,-0.009281354536114915,0.09050782392210137,0.0032824204743545885,0.06705230239664149,0.09587503071642742,0.04166737947481618,-0.031942457050031244,-0.008791497791603544,0.026917763692071498,-0.036273653569114314,-0.01897217024362935,0.025921250062488136,-0.035584624828996554,0.000722786903267848,0.07052478888080672,0.09996556075430466,-0.033524333548101116,-0.09687364188646559,0.036198282766801156,-0.04034166404490194,0.08561266413549054,-0.002632076719692135,-0.04650583069309301,-0.05007519375201526,-0.015937610070443503,-0.05195366153452294,-0.0026339296453477845,0.030731834306453217,0.0020265292365154205,0.027714737290334513,-0.040077580698158415,0.04370532800309444,-0.06646507635948999,-0.042683893815779014,0.0603315925561673,0.020838328544985074,-0.005744663767938071,0.025940125940262,-0.005538856583247041,-0.009623623783924853,0.0953356020408011,0.005544280673690812,-0.10357027647638099,-0.08679557116482532,0.0862261609073324,0.04750371182793425,0.032975618294073986,-0.03668006983034319,-0.007077984961439076,-0.15012258582460103,0.08217882639082798,-0.04529882966615607,-0.02648546840055248,0.006389799150961511,-0.03753411875324149,0.03221547051331471,-0.06101226535894623,-0.04581021605220429,0.023925351885602606,0.06305398416297095,-0.03471573376703302,0.11466562065704693,-0.06763965327379026,-0.022473030433266674,-0.04028980461706971,0.01511113349543577,-0.008144567027043055,-0.07561900905730137,-0.047095871988669116,0.024529404008881435,-0.005696860085155097,0.028272194571478695,0.01221738024179051,0.004351418088085663,0.022957066075981972,0.06142351944969984,0.006634844129194723,-0.01669861372276109,-0.10396928666450221,0.002926861566187312,0.02962965086294214,0.019427739886341604,0.06657551642391044,-0.01404587185017283,-0.01388830590064923,-0.06527811650062115,-0.05526847552116665,0.01305794312908494,-0.052017018733226936,-0.05741339573334379,0.03991275767866448,0.023609436138236715,0.08963671494763138,-0.019398937182059775,0.03457347100890223,-0.06067190647738259,0.07406146238463103,-0.03720765790409574,0.10237077488966491,-0.0602650930246095,0.0041315415636719865,0.001404366374863756,-0.0014786476607972989,-0.028378128844953988,0.09388993006538729,0.0002764433355696297,0.04136469204035187,-0.053900531873411844,0.005761389537725171,-0.0842695918193136,-0.1071284627429556,-0.030590408662972562,-0.012724722123017142,0.03807292372305991,0.030173114588731318,0.05349789410379362,0.03837475653315982,0.08471810051263642,0.005336263520553997,0.027519717940137935,-0.018139018616266645,-0.004402570770745911,-0.01611230842171959,-0.00291818650324246,-0.019787733800430765,-0.0448389117164151,0.01726282120224642,-0.03907196039281547,-0.03185942056845325,-0.019495626351102715,0.08582396508123098,0.031177008526032713,0.027608738004074738,-0.005300093992606821,-0.0094618151890057,-0.023057943541635,0.002016690021791105,-0.037801875942131774,0.056805583483051855,-0.022914211537728286,0.0990124639188927,-0.019959553205213275,0.013890361137467975,-0.05259134346583989,0.00903423629912984,-0.016612027942810127,-0.08686048539395817,-0.05394947444158032,0.04462678019189417,-0.057925419290584534,0.05617844259729067,0.018693834766665803,-0.011803295776808376,0.03898804741622069,0.021397122236318015,-0.007435388314905364,0.08301205024344259,0.04557466515328478,-0.037864048218888446,-0.025394326271230217,-0.02923396342373416,0.014712164390591328,-0.08273233541851878,-0.012493362951437674,-0.020079778347323,-0.037003265995052534,0.06809297938799289,0.09207811303952983,0.020835820704654243,0.007263128859134146,-0.05826511105775195,-0.06991286892818954,0.015074452604292056,-0.03188762414261654,0.00579538207698639,0.005594194941190908,0.03417051058691399,-0.039992912433742624,-0.04021856091948093,-0.010299584137948492,0.02545174134498163,0.006690735043820663,-0.006262298351946502,0.03180998236320215,0.008490243915629464,-0.07137717989485604,-0.03774977428284163,0.03657342206735013,-0.03757691021298493,-0.03971218383640363,0.0030236531498042934,-0.06676091252957062,0.001104687846191699,0.005880271277026409,0.05316365508673268,-0.03606948556963714,0.051724877665909344,0.08677943069042492,0.0031173703628370624,0.03202838804406834,-0.02954369553980076,0.04218298532323392,-0.0018568796659610568,-0.028493145513362458,-0.02791102372930497,0.10293181809654782,0.021186636343606027,-0.030437914503826033,-0.0725386686301631,0.070448633891676,-0.08923835064052482,-0.04273199216010701,-0.04923781280351791,-0.06345302242397335,0.008677963777376214,-0.02410289404115713,-0.03639395772885839,-0.0648694448972827,-0.042460571576621704,-0.0532853418884203,-0.02837815336764803,-0.03316261524096337,0.013092033636149473,0.02635825652058883,-0.07022853729002743,-0.019229109870880313,0.019426134360134264,0.04868278220131347,0.0888598376939124,0.17068087212131652,-0.022556453843230573,0.07871217647397723,0.02975660970293854,0.06039365391851821,0.02973714209535709,0.017173577507890073,0.048559305364257926,-0.012694481188992328,0.039404483672714985,-0.03999747820223013,0.08075135852514209,-0.022590513785798034,0.1247172946204702,0.05232606679117117,0.046880627009435766,0.03098915079058585,0.030861391738715264,0.07895186908488362,0.010842480161955183,0.03722084301297061,0.03114101366925344,-0.06999179166918577,-0.040357072176165604,-0.12082392800033728,-0.03417202404038961,0.03559319568686075,0.05339364428623945,-0.028543603467075497,0.017197856077841907,0.04941506530987312,0.05630329229368494,0.02141463933942879,0.008377121678488746,0.07079774815561023,0.1212449029116281,0.051944798633777954,-0.03664972848699032,0.03179189408205527,0.027103776496672984,0.018375933073811395,0.019158801756252692,0.011743578548167228,-0.00407356033501782,-0.015577830884711584,-0.10909310816244729,-0.012459215504663827,-0.025194391449943957,-0.10059127171769132,0.014599106252523352,-0.005272157936683078,-0.06874734121984655,0.00028859339164365774,-0.06917522989602246,0.0979965126029736,-0.02665636471459614,0.06207783289634021,-0.03746538943374742,-0.005191842603727926,0.013962665415517696,0.0011656779111264765,0.016268070731453303,0.01709874249777903,0.04352154717703691,-0.0019849584675676866,-0.0098924831791219,-0.04093166982015217,0.06801933027131919,-0.06343644450137186,-0.031785938787645775,0.05371069613330809,-0.07090448737877779,0.05279843584670478,-0.02765851546485763,-0.019913301936137835,0.063844958585727
-0.038874109723403515,-0.03753995858252166,-0.023692443808813947,0.009142073505247943,0.020881293717858716,0.00230109517599506,0.016704204402944952,-0.005449537358896427,0.10255727840636779,-0.08246380672722882,-0.010017396670100629,-0.03965272286824049,0.017813605285069475,-0.00761455066542717,0.0481622418776466,0.03247405857024616,0.04194784788724059,0.034604857304318594,0.06297553509882306,-0.03671988977487034,0.08389351415426416,-0.017448228193231885,-0.06834917505372269,-0.08615957449581027,-0.030598646042368942,-0.037156601659912504,0.006586544484912012,-0.12336034862246173,0.11055805854794082,0.007446311294471634,-0.017157111521823497,0.11653741038045809,0.0017838109196606894,0.057014740117975006,0.0028602360401754983,0.05124161808455531,-0.04710189718186307,-0.04708079674757268,-0.056172658764066616,-0.014896303164328132,-0.013132565619932472,0.0016597776937951564,-0.12761501174154932,0.023566787934984252,-0.010524813279207155,-0.015954725357416034,0.0631859454539292,0.05253438306253556,0.0009183448043057461,0.0014956830648997863,0.022596402150934725,-0.026435956000032915,0.02724288163497809,-0.07367613837520959,0.062212481858854946,-0.05942742124944682,-0.05751586098885281,-0.0071897635742974595,-0.0009302935021649931,-0.027925514471858977,0.01257724606640683,0.027249273290991378,-0.04896284747943139,0.0386545201787573,0.03144819884370742,-0.14013550799621452,-0.07985413964559224,0.021016598358878428,0.07427841177535115,0.024230936625879163,-0.04947224863655103,0.040651931679152827,0.06392954767515059,-0.002900384680818964,0.00271984429295222,0.02199255677427019,-0.003460951363946802,-0.006376822861786991,-0.10499227353329983,0.004586396873384127,-0.0013205582437069098,0.0018933388128604973,0.014185123090963385,-0.00423404240871061,-0.027781155068423193,0.03287162761269891,0.025695251243763463,-0.0037494416284340614,-0.07200081453188466,-0.046024436719157936,-0.004134712356012021,-0.06510579910277081,0.029105608060742694,-0.006332801473369445,-0.017552918976151532,-0.032236078569685224,0.05622862347300289,0.08704628592952543,0.05387502361866955,-0.05741647341176494,0.08643321105298966,-0.04186746750559264,0.017269427462207186,-0.06717472739911687,0.059231120747769136,0.037306255102478966,0.02926203471907371,0.01433910491001107,-0.0008695450844210206,0.046589134146945856,-0.06737904662447243,0.06528302189246553,-0.0077129962962981715,0.005266491657732244,-0.023056673916217303,-0.07108327716180475,-0.011314133979684789,0.015587296869626682,0.04934836571323295,0.0926369935139609,-0.034619171449407425,-0.029136499545031728,0.019450909625552647,-0.01065720219142123,0.051275669572580326,0.013115069617094119,0.0019170039325407734,0.02518874670225957,0.04896781691584121,0.006555890167774936,0.01334853467231435,-0.11499184731715192,0.04758331980057486,-0.059750412106288404,-0.06399034699139185,-0.056928756056169524,0.05880961887835448,-0.0013363135655636302,-0.05116378659442296,-0.09971292319354846,-0.006106392625224207,-0.04412041733919784,-0.003960392774700425,0.015065535652026311,-0.06550244105764164,0.029479927661124828,-0.010098627187354036,0.024848741114653093,0.024197180714018232,0.011915067677603839,0.02776161486108726,-0.032666044914036435,-0.014810323048236066,-0.010569867019457493,-0.0041462514327746626,0.01794588892226494,-0.01307978147109991,-0.027702998999193314,-0.0002344220063596517,0.0583390907822038,-0.01614599013064612,0.05435688153118878,0.07225709572484906,0.010935406190541955,-0.00408788966550322,0.023401022439028016,-0.053679095096758174,0.0079682972529666,-0.03150598523701141,-0.04206559000347014,-0.042398141585771154,0.025970933512236918,-0.03724210965615397,-0.01368359309519168,-0.06289097749978291,0.031411568415522007,0.06849796899840621,-0.029060508045027,0.03248825147382231,0.02064876256556642,0.05150830057634568,0.027444856702393428,-0.01892642744677703,-0.06522226680283807,0.05426948798296564,-0.07065765106294676,0.02398320804913921,-0.036207094451622804,-0.012566264978884833,-0.007386915570297225,-0.07131418114447718,-0.04222527532158901,0.013979184442245973,-0.03767371473928535,-0.05777461209851707,-0.03470977204280816,-0.02671569958271251,-0.036692859872364585,-0.05648077125614085,0.020458397394765293,0.050850814884356665,-0.0582335367143795,-0.020860032078716964,-0.04543825880736926,0.08561637762329127,-0.04547865701791082,-0.03246063927219586,0.022815314688573052,-0.053572614767919316,0.0036722656804305817,0.027201377970153696,0.06553202961463607,0.02008360259074585,0.006440117264009343,0.009859831308847945,0.06944980755677109,-0.01867655991703385,0.028663873194694645,0.07965602319741423,-0.042903581910655963,-0.041921043190223585,-0.021131496305086584,0.009521811699234765,-0.011871024365494604,0.06350138109289002,-0.03197063050927427,0.033830315582443836,0.0009163957412922571,0.03221096519951099,0.06401838479635406,0.013834735918650448,0.04477736664027802,-0.03861200043166079,-0.007716395594017907,0.07836758423684397,-0.010792191475061923,-0.008778273860418477,-0.01633574732769667,-0.02219855215380286,-0.05511726795840565,-0.013402149750463407,0.01408094449570679,-0.00514856464299178,-0.011431528226527684,0.021634454840407085,-0.012321879575134033,-0.010920834676707226,-0.005972921022266502,-0.01345414985095825,-0.03457401788368427,-0.04551504142757566,-0.04011851914873017,0.003253568203534637,-0.019097684632051116,-0.004089273595377995,-0.06964254098819919,-0.06975484426050171,-0.05201937627978702,0.031143403523462423,0.03234492954699082,-0.06654278018665016,-0.07610796110177467,-0.04792633411575971,0.009716922234494302,0.01892757081044814,0.026518439925040393,-0.003248427419352115,0.004431460102072643,0.047753650391158135,-0.00550430405678295,-0.03475071161789615,0.04586977804009652,0.007843267627853272,-0.0816183656863336,-0.06961641569037265,0.07055767755690433,0.0014150386228530287,0.02632303009405364,0.07899918949195028,-0.04319325303904935,-0.049264649077452476,0.09070550725721066,-0.03096398688691535,-0.07638320811472751,-0.0037875133944218972,0.04452311084277407,-0.03481965214456224,0.008573003247446967,0.05379748348382019,0.02950105282112912,0.026557418487971978,0.00697756175839213,0.00826439783830808,-0.03281197808075574,0.02361458458747163,-0.08751993691575646,0.03520746955840137,-0.05917640610033626,0.05441309344229703,0.015644002809260052,5.977225027899497e-05,-0.003698923104117973,0.09909047738317324,-0.03194332708078341,-0.08999228429147754,0.008087017400232143,0.0436539516476978,0.03144465418393389,-0.0533019160875197,0.0812430582040949,0.030843048494407922,-0.04788846799707744,0.06399808979687005,-0.008876833979456196,0.02220715088165134,-0.029271946380160743,-0.026116522273691434,-0.04304172370097135,-0.035601105194244434,-0.015202474293190596,-0.01733147743748121,0.010516332005132542,-0.032532446836863016,0.015692288961641675,0.0415667461044019,0.024631242229441394,-0.012316738122818237,0.005652328301505251,0.03353259038805646,0.03119063829207028,0.03733379505076749,-0.07476788807505788,0.028528459775659643,0.014838802956896257,0.03938180958091344,-0.018593309494204648,-0.014809873172037021,0.04260089380663891,0.02781379898072294,-0.039533383173554176,0.06210484234744553,-0.043738263616218145,0.043804782006812086,-0.010918260640608173,0.047721327606418486,0.006458068379097933,0.008595672244834575,-0.039973574403658785,0.03738324573774444,0.06607722566485849,0.019426982104731448,-0.014964541009859774,0.008487428312767694,-0.010345473184020976,0.03102143525313934,0.015293680036312427,0.01948563326570571,-0.09592811816603086,-0.027243461416695765,0.04218380600039321,0.09144950883911003,0.011532659048629676,-0.07542097530974899,0.05774218997438666,0.04169217988356969,-0.09439071683556965,-0.029800959226386054,0.030352884197233716,0.038269228604410746,-0.10795909931755034,0.047076364260720725,0.03680058636893694,-0.0012098119401174872,0.0014418077788925427,0.052530305342851275,-0.018100579965161463,0.015113021705559738,-0.018039929782009603,-0.02637849849440525,-0.019281432497819113,-0.02653604035193755,0.007003877906224966,-0.0026926343406440964,-0.0352723745864602,-0.0019159916021400606,0.017859785379477352,-0.028746960709295957,0.041241301331289525,0.019879077849277355,-0.03581952288107417,-0.014961410805437846,-0.0265277895490223,-0.006032495586614239,0.051928724205931594,-0.028861316265347763,0.10050442728723055,-0.0850774361633535,0.07133276997752794,-0.048172744944756436,-0.09439770639506578,-0.009433449825170128,0.07731824847966574,0.012344752556445454,-0.02432972301288159,0.0448887617633797,-0.00818623412428854,0.00952598243574531,-0.022857641815018166,0.05791162763815077,-0.0658226618996127,0.02262195270561374,0.004168435183641687,0.012979363693188622,0.005238033112654887,-0.01167567009734176,-0.02740436557319038,-0.06474680973377392,-0.03198546923958152,-0.07208442183997614,0.06964624431464396,-0.11121847367806827,0.04062810648655648,0.009298754207114101,-0.01659146782390799,0.018448722228813323,-0.0018533266954564637,0.05700239193662004,0.015152107213159446,-0.029084680124587745,-0.07497573032704405,-0.014182371360384112,0.029440231202948173,-0.03991156890203895,0.016807292389943017,-0.02398124366519968,-0.022917689581298636,-0.05740335107256572,0.03340303696005479,0.0010283005493884557,-0.05550422050689613,0.028202872629217925,0.013811311898944875,-0.09952689210669956,0.009348742134610274,-0.03765947446792176,0.08527215105365885,-0.007580837393835824,-0.07841582801576004,-0.0406061458038954,0.07707387767706451,0.08795555036716309,0.025111484592286723,0.0025034475455716753,-0.026851221750178022,-0.05904988187034608,0.04162956897655312,0.032408567051547585,-0.005925215385073078,0.019537839005060054,0.006457005836959621,0.06904844000151836,0.027604790406907356,-0.041417562110257135,0.016073384148278944,0.005405289068101694,-0.003088142378620581,0.01533834828886915,0.027814366316434164,0.0033593356936712816,0.10129949897057533,0.027481395401471157,-0.018381326439460013,0.06394523526580312,0.08164328282969426,0.030923631565088698,0.015030174487428358,-0.10667515545438036,-0.023540849585347214,-0.08071455503201559,0.02055648245420265,-0.0048695934767057775,-0.0038123253656133695,-0.015146031403280587,0.06152543550165473,-0.02983083050249918,-0.003999761306498513,-0.030328186955457925,-0.047353901443131834,-0.0009931185267506577,0.005172221880687404,-0.01676276927605288,-0.04851211572161906,0.02963626567614332,-0.047202088684772034,-0.052399831897598476,-0.003319476278785796,-0.006669500683643804,-0.024129485333729068,-0.06812649833027282,-0.010285421914588184,-0.05580279948193221,-0.03439939127520173,0.054846238714313024,-0.06750256181124682,-0.052889581966252444,0.04480578835568957,-0.02577668448476429,-0.024826205039791716,0.02153959547652407,0.0018836423306553339,0.07020996300769415,-0.01860997036789927,0.038318462365136204,0.015845433670608776,-0.037727212556088824,0.03064859637078361,0.014800091580779719,0.0250665126904878,-0.012086036222326256,0.05361156039322168,-0.07778271965108856,0.07098387753390377,-0.010399956634432462,-0.0543820160959889,-0.008852046546064588,0.01756140944149802,-0.0073463630656636645,0.009712037698144056,-0.08235926353444593,-0.00024187988479556846,-0.036427814284940525,-0.006023912367563996,-0.06243742120334242,0.051670772054676316,-0.02211340931476481,0.009667526728240887,0.030153844232759016,0.005681909706104243,0.03219789077435018,-0.015254526121862608,0.026831192612507302,-0.056364082345680695,-0.020746291163703162,0.03383382562977847,-0.017175225626826007,0.06736940848533823,0.007856584535163578,0.008143013594278414,-0.0002809456990262979,-0.013808522682321928,-0.00466047427181419,0.05387346159566936,0.008397199957737893,-0.041489442015062994,0.02140690872937859,-0.030124605347837688,0.02467968052414579,-0.011978085279181164,0.027526786156090412,0.0387224915915146,0.06252420840806389,0.04788486677034519,0.021633770249171982,0.07966564769233084,-0.016361556833416273,0.051407134674578636,-0.05641267575366304,-0.07663365795406989,-0.008047787327963386,0.002467680653365944,-0.030694429474250683,0.058841230774166725,0.04104675802075169,-0.09316781063438818,-0.043628988332420356,0.04290847168026253,0.004215054221043205,0.06951408743480397,-0.029310458702318437,-0.011436840409034532,-0.00322486254203996,-0.014477861828866073,-0.09548359715927292,0.04577717474226313,-0.042076850968487324,-0.10893338856398165,0.04762564651205055,0.009328652050394766,-0.007049503848536068,-0.05035017949841337,0.01617352048278901,0.012834498705848303,-0.11187419737434195,0.08006945311464626,-0.045369069464469516,0.008612636541416934,0.016495393337238116,-0.033912945030808855,0.07526362234894977,-0.08022645361629167,-0.0013801185536214463,0.03563741686490385,-0.010408633990106829,-0.03634189295595769,-0.035778301028748224,0.013302335318103178,0.014431795130872477,-9.448172871875203e-05,-0.009665892693114844,0.00313839214120388,0.06304122840273656,-0.07369651016820716,0.1119524071888593,0.04853926806145361,0.04504064394230255,0.02222056214431734,0.06505458258870786,0.08240410762549602,0.012609049826188,-0.03000218003309342,0.06408342798219295,-0.005995097818898724,-0.023785295792348764,0.05873765742989692,-0.0077196988192287375,0.09440584283004166,-0.03804873217747017,-0.04957150936404629,0.0018187964112854713,0.006357661119735231,0.05339632625889579,0.001882635243260035,0.000688375224911171,-0.0003952954621019242,0.03973337531407776,0.0035901865502555785,0.083945425122549,-0.04948469612105436,0.002636776726197355,-0.023828646713617636,-0.040594200382555186,-0.0013121854924579525,-0.05690461475537353,0.01972934115787817,0.026316027074532306,-0.04523640697079628,-0.07549423395843544,-0.02264321744992397,-0.07165633471344755,-0.015586249355046884,0.026034258480394104,0.024739116170969005,0.0030609941778750338,-0.09093631876839245,-0.007298948556763506,-0.017266193063473295,0.01892431270225106,-0.012152693754518322,-0.012708322022555653,-0.04206660315180761,-0.02370031149619819,0.12280675185638582,-0.10326428715087557,-0.04406269526358408,-0.03518226385106898,0.15742331514460559,0.001598327987007017,-0.03606628578829079,0.11489917403816918,0.04103510645650964,-0.0058900706325285745,-0.08228714400497204,0.010093122619422404,0.03819185904597482,-0.0011901178255442678,0.015531562509281484,-0.08262492850197072,-0.01719901074318482,-0.07614698746667892,0.0702938961072123,0.06748631232555145,0.060395093569172685,0.030671503894865282,-0.03793140661698103,0.007319736813800635,-0.03935319019149375,-0.012503586099399768,0.01932449947504905,-0.019016687515881384,-0.019232017261152482,-0.003979692378241202,6.035066941327126e-05,-0.04052277564913569,-0.0998798893007899,-0.006190135519756045,-0.006134081702197338,0.02328058278206465,-0.03528849979663313,0.03760053321378878,0.024562440245493488,0.006580109941872682,-0.027773168215411922,0.046531861058715346,0.003385032613853355,-0.0558328644436362,0.030743797637674878,-0.022446956244476714,-0.1413073840478659,0.009691758793423095,-0.0030889348434174546,0.07259837411852624,-0.029066379287837906,-0.04050651354543197,0.04824732002234051,0.029860685760002934,0.057369704196468044,-0.027038489443567862,0.0193943898441239,0.06842348782418715,-0.03744641661457899,-0.03187589081462713,-0.04128581241472411,0.015955309032861485,-0.02241672273763498,0.012874660740177804,-0.011429737013315008,-0.016362032478850513,0.05385926513528389,0.024323561012859204,-0.013344202356786593,-0.017394233353074513,0.006559083382451649,0.04907335561344365,-0.025650709777068834,0.048442231652100584,0.10998692424234038,-0.09911724868983077,-0.0021968241071328265,-0.041423375555354386,-0.03194036420328774,-0.012939256797294204,0.03211206188264401,0.002209131489387748,0.000701295095895278,0.036438146623666845,0.05554262775196656,0.01859028591272427,-0.0012876370824562026,0.05489060375515918,0.0342302411720351,0.04638195059218008,0.06563884715954513,-0.01905812183997586,-0.06691852522871777,-0.009530840164128517,-0.008546801772065944,-0.018977722806246006,-0.06071997171726999,-0.09461917496491691,0.06879214747685507,-0.10418098749360817,0.019653956452831373,0.011900504340853565,-0.03482268474451546,-0.017984686843256156,-0.02086600879092845,-0.026598715352885473,0.04641607881027391,0.0361132904966895,-0.04697075051236408,-0.08589591362282119,0.03932333238492061,-0.014055572457347143,0.05167372588207648,-0.03812690753230808,0.021131656523938093,0.1266187213660504,-0.03701372459870995,-0.030462957688328296,0.013678808961173836,-0.09940349714766893,-0.07011267043615722,0.030165122903095965,-0.02722005571033385
-0.08969601837623574,-0.015356743746483803,0.0032997385618956337,-0.020155749849812166,0.037692815145896286,-0.03702652371831968,-0.12546201337261534,-0.015482294924004415,-0.022356516175897654,-0.0541940261045526,0.0386480662390427,-0.025139325851044985,-0.00884661395022317,0.04734665319432261,-0.06274260063622067,0.049727316702241224,-0.027947647367506826,-0.04156525016593134,-0.03317051411929242,0.004836053956848029,0.024329720034763642,0.01252056143234268,-0.04957151752139331,-0.015049992428121127,-0.06904406046777638,-0.014572074051306418,-0.01640543215075115,-0.14500625106227547,-0.03083810133765509,0.02768534477067408,-0.006233409170467119,-0.10964553210473008,0.03457435963505177,0.017583737643607936,0.05254777572996217,0.06411632529015969,0.01035095435295962,-0.027177379349256483,0.08187417147175072,0.024969159560445233,0.03515484456021117,-0.005721617915989638,0.00496664180421439,0.046375839998188395,-0.0212585777117307,0.006258836070971779,-0.03735549024464568,0.05092714833679711,0.044624996669960726,-0.015233621710597835,0.03710699259470376,0.005438535881322623,0.002425910151291464,0.07479053841639494,0.013138672763788698,-0.0354136379369244,0.03166127108069389,-0.10374635490752976,0.09725837792602467,-0.031049838366628835,0.015049918761540285,0.013913080899064158,0.023055051030498656,0.10276716445142041,0.01585530464042258,-0.12800949720878577,-0.018358651416058056,-0.07341392455133446,0.023773941139848303,0.06938482250947374,0.07000537855985228,-0.011929484779716823,0.002700318310772219,-0.02027728465543265,0.10879381667257759,-0.0020365599878044505,-0.08000534468717466,0.07728031487352845,0.0568074396413622,0.0002900670470961388,-0.02735786536548285,-0.04436759892008532,0.0027586736427830843,0.024980172128603928,-0.0356747820261255,-0.0323412787567621,-0.013343903199821636,-0.040937678641028395,0.018608030169686842,-0.03596410232609678,0.02239523927973232,0.007803176768948235,0.013604518792070362,-0.03058430282142206,-0.05180290885405065,0.03868664333029693,0.05693616092255598,-0.024364032672368717,-0.038692190277676355,0.09292573778132175,0.047944778617294834,0.015406866556417839,0.012900578175088814,0.012559021323679795,0.07276546764789789,-0.09458993966724837,-0.003962924621005137,0.039765960609730366,0.0028470252440662277,-0.004866380286622069,0.02003389970081345,-0.02525617769617943,0.036077547695185036,0.018728702113314146,-0.036992407733386856,0.033688278745649225,0.002255710562832373,-0.04379124137144506,0.0516636118253597,0.014082935259619319,-0.017439942115317412,0.07311467785762656,-0.041735054776503785,-0.031206930315062945,0.03589228856549085,-0.0728117084199291,0.022721280474350687,0.02534711156081488,0.07084697043270712,-0.03167279410099662,0.06438231599192124,0.014885783944910238,0.038138600887836556,0.012007550571421383,0.05939601797699742,-0.06631975332792474,0.000285822519527183,0.03226344552449797,-0.011051474750889193,0.05178727411933789,0.006073171827840484,0.07406370599191876,-0.06178024158754477,-0.0750142307002462,-0.0158943090009598,-0.05057452743094611,0.014471808076014354,0.06311961064164166,-0.08690656718439405,-0.0304477833353358,-0.0073252634919646785,-0.004026274778642731,-0.10511744637173696,0.05328339482771634,-0.025673389090960074,-0.02670629179799192,-0.017322518241443662,-0.0013351433755869411,0.037209046295838905,-0.020283011186410828,-0.07537786662372055,0.07031153854406025,0.05232539564960259,-0.09594288945241641,0.028324989024872543,0.06025678295281181,0.025322363665071845,-0.033938226956725034,-0.006731618141912331,-0.03587975386867891,-0.04087490000176543,0.06088449252496255,-0.029474176032815182,-0.04559989044736037,0.0728907207735086,0.09138841082203082,-0.01004077632884571,-0.012247635116738183,-0.006534899072939273,0.027205592102306442,0.05386392816041497,-0.012453927298777891,-0.02042440979055001,0.04350224246700708,-0.05532975483479043,0.011159019524802312,0.015071219782585172,-0.0340671672530041,-0.03468360007639323,-0.013646183660693869,-0.0036574912638016517,-0.10194530564068867,-0.02119727483707393,-0.010998480848952667,-0.054837441056175745,-0.0726152591543018,0.04510795929175261,0.011036835776046632,-0.10580680834991993,-0.04126143195108246,0.00411690977932747,-0.000650825472594848,-0.1008018471159246,-0.028749305860145218,0.02102269031164074,0.03598570301242998,-0.03192008802697349,0.02668076613706599,-0.019700396449039804,-0.0001822864194119865,-0.02302594939555342,-0.009588298869867156,0.014135661160948143,0.02365396509515399,-0.009714297154250671,-0.01337112871109766,-0.031079214416627685,-0.003853110852773515,-0.0017258235662976403,0.10151499572645002,-0.037159635417756555,-0.061925973229478334,0.0034205406087900628,0.026417803281246335,-0.0026220827517713327,-0.037017294808496325,0.06757883033077292,0.03516240019585822,-0.004037575600911671,-0.023821693081959663,0.05406848187913652,0.02473155087415801,-0.02769283877872503,0.04541208288149278,0.04422379674152635,-0.018049221152449967,0.06001157934716338,0.008945312197780346,-0.03317480689261709,0.009496675011953986,-0.020378422384811346,0.01743595437986891,-0.029232108967859206,0.007759992311246191,0.03929137347570986,0.00228008556264964,-0.02879956069142317,-0.08631685776942884,-0.01684247892744065,-0.0437086354163244,0.0014205141907841065,-0.043504589375790645,-0.013455450832108301,0.04210444762290464,0.08321996614947406,-0.0031869186998742726,0.04113237660828164,0.07777621346265107,-0.03738499415939061,-0.12919465944121633,0.0903753926109868,0.0011505357573245091,0.010460520778577446,0.05716422725246542,-0.021739703155780877,-0.006960064506241524,-0.04483016796076884,0.09375617384702167,-0.035937901668361694,-0.013393727454252349,-0.008147831241134414,0.007883993278017441,-0.03958801748376956,0.05459041125167162,0.052184227090770995,0.05609121465591996,0.007791396340714264,-0.0946522895042539,0.031780912317540315,0.12449993122504197,-0.0021962914673661444,0.061384990910655086,-0.004294472146376749,-0.0786362517744087,-0.023740254933562608,0.01881176778956708,0.04101566286824092,0.03610797609511907,0.03815493535736362,0.0020106278516459513,-0.06553511792792975,0.043213719710642313,0.046798440899206505,0.11693892702465017,0.008516772465531319,-0.0299859065697628,0.000844903000089387,-0.024714524787956764,0.04472949078138287,-0.05591428127251962,0.06484615738334266,-0.03934749496499652,0.013383876653964852,-0.02229798030364097,-0.0008270816490729321,-0.003866716209369325,0.11357778098205519,0.03682193520412681,-0.03526859474183815,-0.02475765386811216,-0.10721644932716586,0.034950312066246235,-0.008733321443403027,-0.020962450008543368,0.07821765355937821,-0.050374910142981115,-0.048394107229868075,0.05806004104380766,0.054129615237950554,0.015612255175861152,-0.04357745803873613,-0.030546390817420117,0.029317651066964868,0.023345504649890384,-0.013469582259472746,0.0037211167378422626,-0.007111252542771588,0.020206413210471074,-0.05956212995930614,-0.04151604212453449,0.030933151061917047,-0.06756478261016496,0.02558843600698811,-0.020641299315924486,0.020987585843710407,-0.07732280880359928,-0.002454231657001718,0.04644702086957899,-0.07683022067395241,-0.01232032743331542,-0.14568835794348076,-0.003158414435588788,-0.05342474906383888,0.06695365884592017,-0.0021912968834714194,0.008748887041742594,-0.061714671084919084,-0.01190618875315718,0.0934153343598827,-0.062141247229153325,0.02307991030208005,-0.0750913064555779,0.009232034197375935,0.007105434367051416,-0.005734751883725545,-0.0059077631399833885,0.015338921681989436,0.049567528724039814,0.03443559367201315,-0.02835532914186209,0.04786714455892472,0.06732559085422074,-0.0958781764761998,0.07640773550002782,-0.07333677430007117,0.03811230476424461,0.028808260544458713,-0.049698836509068714,0.056246062381674414,0.08342045336628783,0.013554265688978488,0.011430974775976384,-0.04563640992522395,0.016597175053057994,-0.02400008510672738,0.07381961935833556,-0.0435147980578666,-0.04160576547290159,0.028203632089344875,0.016170707960066366,-0.019815095880260734,-0.06389800949718483,0.07900132430346235,0.006743884590228929,0.04855802557678682,-0.037672434470976304,0.023402005937696976,0.016712054988620283,-0.00825045013591585,0.01488740950203532,-0.058238610169065716,0.10912913865326393,0.010744377176281846,-0.03541421427890515,-0.0003696910142326299,-0.012083603403819136,0.030889599205008434,-0.042892256468581774,-0.036733618410531715,-0.03592760237162584,0.010071428438225524,0.033410886818744746,0.05567212203359476,-0.04898807662435802,0.08741862680667378,-0.08370322298974978,0.03797291947195372,0.03518613248250098,0.006156450307414872,0.04338091552213741,-0.05029327892661774,-0.009235194055428442,0.032394400382437724,0.08766528549596592,-0.04034711166720411,0.04346392861362493,0.005205297943890134,-0.010341977019910626,-0.04740628618681673,-0.041773602198793613,0.07183719319567251,0.06865428852323947,0.03876589684431104,-0.019136521123929603,0.013035907218626495,0.02163462657910852,-0.08984705899875045,0.0779125566989983,-0.05460253183061517,-0.01254328323810926,-0.05848625800735951,0.04589722760613784,-0.12028919273578748,0.03594166705698371,0.03523332522714056,-0.02706012553726386,-0.030966133555910647,0.0058901717045103915,0.0527667259666072,0.0017336065879200405,0.0005890398369224291,-0.017339683488281344,0.0024022349100622548,0.028062986072308397,0.03269934244642553,0.004585600847069251,0.04791491710725287,0.01011188419669841,0.08206306963286174,0.03531170315841344,0.010122962500734186,-0.023860410596836634,-0.046394192307923306,0.0688449006971453,-0.009219744889376791,0.03337296609588741,0.03225747967037027,-0.03988248789882064,0.019504130078881035,0.020725731223162416,0.08055858642727054,-0.04472126290326563,0.057010915951524785,0.014130172438026115,-0.019479408572129972,-0.020755519469333,-0.05750362318177499,0.003926713222146574,0.015287394933743936,-0.012063506393499134,-0.02534165304068641,0.010598969857848724,0.009880036174611022,0.038252019272459296,0.041508190097697344,-0.03939662067218178,-0.004226110370616838,-0.044452045141229024,0.1261336888132122,-0.003276224632655533,0.050789313975036735,-0.02006918034336051,-0.013201031636072951,-0.03267270007651333,-0.044403630828141964,-0.06962425050909249,0.020290180872153608,0.050174782743842246,-0.04956243407642143,-0.04763570495432381,0.05546445032913577,-0.007326263062384755,-0.005523796369320465,-0.011139300895822426,0.06732212701833484,-0.06641162631353027,-0.040468842390710025,0.08392578482012988,0.008642242787478752,-0.015658817473794398,-0.014272019358059796,-0.04094791945907166,0.05661129760934174,-0.07973003666386114,-0.007022248786195035,0.004059196574677992,0.020604850446286058,-0.046472819125118185,0.09885734811248538,0.07439470633479209,-0.020973729978304725,0.01666449121611622,0.0909661322917185,0.008711767739298123,-0.04097214227673665,-0.02094081476187467,-0.1037992385284714,0.051686218182793064,-0.015622658365962843,-0.0002195396770462876,-0.01949019247259597,-0.006580292494934267,-0.043495714406036015,0.04259256000813682,-0.031613410955560514,-0.027929509321263427,0.05441030069280537,8.014131623184176e-06,0.010285333735014097,-0.008634611530749821,-0.0509039206074809,0.04326865540735773,-0.03154960209026058,-0.02662124249098482,-0.05274982852727594,-0.05956141793586614,-0.05814217363620774,-0.07908512027203692,0.008542491458686957,-0.03930327541235252,-0.06973948522353594,-0.018780798115671446,0.024508805748500975,0.008626188786861081,0.014115415763400837,-0.0034237245743269527,0.03898055842382317,-0.00694446331253394,0.08207203784590446,-0.027085562257796594,0.0906197026572103,-0.03226056116340316,0.05526853014093056,-0.006524284360820529,-0.0228817870167557,-0.056389265133126254,0.060667190697706284,0.015186884768434002,-0.028828576430342506,-0.06968394572422794,0.0674583210081704,0.05777395452864472,0.013608319721242318,-0.041590877454047416,-0.1031718160571526,-0.018074519040523086,0.04137221588243853,0.009073657980889672,0.039490291269257606,0.03801545186103118,-0.05446054083533684,-0.02218762956513303,-0.06620899935532201,0.014089248417558323,-0.007668350862781149,-0.08651850511510824,0.0015896304103435598,-0.017262994958457942,-0.019224288914202046,-0.01935754760454078,0.014485931003787585,-0.002460447970193624,0.012278815855400558,0.02118981746569736,-0.0910899113663932,-0.07759379472358734,-0.003642445968509647,0.048356764978834725,-0.0010820102397288073,-0.08553287336404465,-0.04433720508668289,-0.03837205399611216,-0.017187282921119023,0.026801350358342066,-0.004751163860526459,-0.08068759585613004,0.012913417664066328,-0.01137207892274885,-0.018943564232296997,0.054355458127954434,-0.027855347379138057,0.008968965784092545,0.028716642974041813,0.09035549612053825,-0.02249352749744307,-0.03179210939914703,-0.08230595646349058,0.036372779130374795,0.027145672512879766,0.005566348813867411,-0.0892343672445875,-0.007026469612264103,0.029101614580550363,0.09469275313275785,0.016603794440835325,-0.0386816337485519,0.04437319762519487,0.085426423157344,0.017930264413870117,-0.008534476600671,0.025591980511227037,-0.02287538572579489,-0.0796974686291776,0.07060501893817397,-0.041430039823797254,0.011917490861702552,-0.005744763214464244,-0.006613287348303307,0.06301779177193938,-0.0331226040000195,0.019492983299447705,-0.0020326455645635322,0.012023074617019451,-0.0034742891028658445,0.08133080113176745,-0.0036065083161499864,0.08890124908575045,-0.04607375777050496,0.009945604183529065,0.019948151351718964,0.03994443015099938,0.028808809371849837,-0.0338493807288046,0.0307391929258799,0.1256095065879224,-0.059807339403287814,-0.05732854955545462,0.03898025495377043,0.03608046364211153,-0.07672016020622892,0.11247489448311086,0.017353730924691477,0.020197986635787656,0.02618230321066317,0.04678281914904418,0.00033670787801395516,-0.016661479970885473,-0.03414636213281532,0.041729373368437565,-0.09663300520193699,0.04022109550585874,-0.08902018164800936,-0.030235233406375163,-0.05558619591517301,-0.10390195971225184,0.002462568891177822,-0.03219973050049182,0.07023383172045534,-0.04297976260323542,0.020397288656286025,0.03477704634981319,-0.052259516755661733,-0.04336014362490496,0.003603233014943924,-0.02270288540209939,-0.010078436180493264,0.0630133895905662,0.03515619959200818,-0.0004776314036394384,0.038123251377003495,-0.02252837976178805,0.046001943175784286,0.03175065587093079,-0.05700660987392155,0.013043021741085242,0.00018835198388673994,0.029068650436281623,-0.012733250300737534,0.01210714990932315,0.08398158412368416,-0.018119391233841268,0.06355357799409903,-0.04231332997580347,-0.09804693947336392,-0.07602096921149944,0.01724236835187543,-0.0073738235109392465,-0.02785009656624286,-0.005547714280192475,0.031304753849585115,-0.0013652333477411733,0.028055435544699102,-0.0504341509740063,-0.052258799917100245,0.06061338066160102,-0.10236578356894914,-0.06079719115867214,-0.030216906693955835,-0.016731775668867983,0.01961017253243523,0.00349158824195851,-0.018867840231844533,-0.03139832696399388,0.050249048342217835,-0.015299207209570741,0.07028587139220942,0.0805245308077206,0.029114033691278754,0.04503253870430965,0.06806646714068454,0.008691661472737094,-0.01937364848035574,-0.007473674626388866,-0.0093707700764075,-0.06171300740142327,-0.01825850753209541,-0.015352312388129593,-0.06177939582461923,0.0298725290877364,0.03982623648680505,-0.0410724619636194,-0.05195576323515235,0.021897562392178355,-0.0435996229773669,-0.0060327310000115875,-0.06755737536074544,-0.09694183498134427,0.03583083827075615,0.07364202507699202,-0.02062343606824601,0.02992642918386926,0.007032232344173477,0.04704374184633,-0.03795132109087869,-0.027383069432860306,-0.006338256718707725,0.0474406527400385,0.09776562276124662,-0.04922797149634989,0.06195200465591672,0.008875242574309836,0.013439084278349554,-0.04522702172967367,-0.08554934350812203,0.008344340517648348,-0.029286753025315724,-0.005616530425716828,-0.03129149548282656,-0.049306386751058695,0.034479154211342934,-0.0026237626100979153,0.1104061679286965,0.03530468881137592,-0.06524074528844674,-0.03937506344694916,0.016492795898915953,0.030757046279923744,-0.01824071939272724,-0.006108399185471082,-0.04996288618086714,-0.13248238104988247,0.06028519443762943,0.07557427737044217,-0.06357241270712564,-0.050045088689844086,-0.010767742067087645,0.019876353335282874,0.0674270285839377,0.01216678371407831,0.013839277958134643,-0.016247690691904657,-0.01848772403170981,-0.04105725609498253,-0.04285424672479838
-0.01696838244975023,0.0025557944165918024,-0.02328997413774087,-0.00934092554550491,0.06776158253865651,-0.011305214671636653,0.010930222162162202,0.02959471439544465,-0.04579394432790837,-0.004505864126169824,-0.033946899191434864,-0.023860223939254282,-0.014700995283939923,0.051761943274715304,0.08503231374884403,-0.06918155168978099,0.08599531388896048,0.012524113429646907,0.03616511709369863,0.009292690882029372,0.01299419171641866,0.001783030117576427,-0.005792202728396157,0.0035198478174570695,-0.04316435068661418,0.08658473253540827,0.04587408271968134,-0.01214207901709683,0.06884533797403102,0.0032859034050792065,-0.025923564654280924,-0.0008854180258781258,-0.010360000565052535,0.003299920276404513,0.05900513332034286,0.042020186715789755,-0.014916248791375306,-0.03826554447939924,-0.05833695309228019,-0.0027276928619273328,-0.044920218972000436,0.060219946237417284,0.011826311265622873,-0.018855883118340695,0.0674668846947992,0.03249836515005387,0.012336378834306943,-0.011553704282075729,-0.04888423556345597,0.02385103853027946,-0.05832202154369954,-0.06488579265952046,-0.08799148956247592,0.054511050513195713,-0.0587428050985414,-0.0013488587687827311,0.000558269083063973,0.07713778338797123,0.0511496463787011,-0.02660380347662017,0.03605138303111384,-0.029478994856953034,0.028402575399010758,-0.002978866366665695,0.06024891864913051,-0.05779412988963545,0.01933366284788392,-0.005747777102444037,0.01756134335929813,0.023693426188304615,-0.004123243006736966,0.05579719710608005,-0.07718389570846065,-0.010347017852575278,-0.01258834531772194,-0.04191797752915916,-0.02031285129019292,-0.0036490255031063337,-0.02543903573973905,0.005380601869079019,-0.03244386132758129,0.058747934460572845,0.05536238075312476,0.02897932946421547,0.009146101076954221,-0.0010803234063443672,0.01821155659322656,0.01033932852076848,0.0063890939269806565,-0.0011513796643402446,0.07726185884313146,-0.0075525000493840205,-0.1061358247861461,-0.012193761791261802,0.1417026899494739,-0.03002089444898121,0.0007908757335740756,-0.039922777618010656,-0.03982717205501075,0.025402568089794613,-0.07921485238811965,-0.017859185277898728,-0.041998624498414655,-0.02179226688068818,0.0304980810922416,-0.07640853861090155,0.00794695950606655,0.011185273984287801,-0.02347103399756746,-0.03574265821255777,-0.004160378842846423,-0.08901180401467126,-0.07027503539784641,0.1255008238067577,-0.0439948433089646,0.03027121142009634,0.06673849189951633,-0.018910583906813657,0.0028231824157093645,0.012340692657146116,-0.0848091353286031,-0.012363632255604665,0.055627377837800744,0.017999647785477482,-0.027624802379142863,0.02511999367120012,-0.056376219105387294,0.03455498544415022,-0.030785442486600118,0.10919532954824637,-0.0821331578380906,0.001835822893577685,0.0723908915992338,-0.07003871683907391,0.019628688334953046,0.016491813011950237,-0.004529288778610802,0.014995990901941217,0.011000018692413342,0.05581902555510629,-0.024756099487473125,-0.06088624772141497,-0.05006787464680374,-0.016621916421147662,0.028572722496558015,0.055490844894139094,0.08784639341343682,-0.034663246499925214,0.07533986916309197,-0.020209885431912166,-0.007591618441557215,0.043592146991392015,-0.01328114173083295,-0.06320426707466348,-0.0036355369252085595,0.01870512886731352,-0.022739317394572276,0.006752260628275167,0.0012228889943988362,0.022463621963154164,-0.003915328405056867,-0.02591528824782539,0.017128378527122956,0.022335769121168535,0.0007845331636768022,-0.02584606196913521,0.10682678198847266,0.021412478906895793,0.026951426750440988,0.02579530128890271,-0.032314172990421705,-0.06870131996575948,-0.038778354768205146,-0.05455167001755399,-0.03496559360347576,0.050617936004580116,0.00466850326858017,-0.02589005950906432,-0.03521783648274058,0.004307312049444271,-0.05586608496882208,0.05082317620129803,-0.026953769452232382,0.015094983678126905,0.008531009548840486,0.0024826994968173495,0.008432496883160062,0.01901307745145288,0.011261030550441786,0.0537371519115061,-0.009818189938295892,0.044125991587486264,-0.06070899097055914,-0.0017134421571698081,0.008654508362892381,0.08156437528100388,-0.03843475850505108,0.007131725108439306,0.018460444296906974,0.02912511762969042,0.008653459201432033,-0.02565340089544534,0.0038574187736981173,0.00048552375479057197,-0.007340305002002001,-0.011298114333136287,0.037258918042856526,0.08820938699877608,-0.023870933729677836,0.010123556526015343,-0.02841115352998824,0.09633129881092492,-0.017369814111301347,0.006876469145606239,0.04084320540955098,0.001458888765595643,0.01273667807092099,-0.03299726335263394,-0.02406664663884495,0.053164277655848795,0.05705334847578653,-0.036284744107923685,-0.05996465663861692,-0.09200449710385798,0.055850725798280904,-0.053016335472852213,0.1096837185422844,0.05703994089549467,0.008715416692116939,0.10803806952465815,-0.003346642254121779,-0.037746194916437895,0.019618940791226128,0.002969053455088635,-0.043831574822125394,0.01915522113134976,-0.009172359729290784,-0.017150002145933634,0.010569063158888281,-0.03514385945806763,0.018381186617740547,0.020557623585447365,0.002091936532672836,-0.037783679040931197,0.031103995891042204,0.022872069765252093,0.0608772182748268,-0.032066651359117834,0.0003110615517718605,0.04126791151590873,-0.018126297946183794,-0.012513530911612796,-0.019087352077843994,0.02156431348789725,-0.05279996593293883,-0.08736756300082807,-0.06524162724151104,-0.08893891730096998,0.08094645323945161,-0.03555192213569907,-0.06842608916446986,-0.012119967671673665,-0.037366304589268526,0.05130336844552402,-0.039248829320614236,0.0448555277518192,0.016024024970654003,0.046033045726820584,-0.027584193177444618,0.03277045399696025,-0.03651363937444891,0.0702543349184436,0.03898244125437356,-0.02281755276311665,-0.05921241646018544,0.006982502391630672,-0.025511268156589197,0.0637754236427973,0.010905492967472586,0.02048324032716449,-0.009383663757374983,0.05644519240007803,0.009605414686129538,-0.06477879559084801,-0.023829952039616475,-0.016450438566557868,0.022517973294516873,-0.022740746077860054,0.01396054540104768,0.021846396815672936,-0.018608681990912517,-0.035862659899524585,0.00907103496463491,-0.04269687923223026,-0.04773321596592887,-0.01214242375296054,0.05354243047626455,0.00017339444365370497,-0.0014515857214226714,0.0018517438765811509,-0.06794517861357734,-0.01824040400978029,-0.06438415152406272,0.047386091405699306,-0.053632137121173866,-0.06376706085394868,0.11506605438356746,0.03919196428712196,0.04722100578763316,-0.021271746557473856,0.028879150451171606,0.012081296612812872,0.02363957668820782,0.04648233232131973,0.013937373686087499,-0.03575988774333795,-0.01688622972196532,-0.02043937895145605,0.006373026943993126,0.052980900678942386,-0.050171370706619915,0.001118257143765632,0.08502612375991005,-0.07962233142306514,-0.010380590265067519,-0.014095999482660297,-0.03405211990895873,0.09742817242454421,0.016677891754141243,0.06733827045990742,-0.02685657679075744,0.05662922796063122,0.022662862066190496,-0.06286427389716791,-0.01183535041290906,0.028069072161830768,-0.08022828290648354,-0.07288926739846018,-0.006760534498754874,-0.08142279436299885,0.03781078216469621,0.017167491402908776,0.0673182341439756,0.05998542367670016,0.026586348579386583,0.018313835113888014,-0.053755970368902235,-0.024092551544304276,-0.0051069949794108685,0.06842858752680853,0.017446948244073637,-0.05084136536695105,-0.040514945861427974,-0.00010740963490321175,-0.01036707204616834,-0.0999709654129351,-0.0012401471412077085,-0.005982005038115847,-0.02032741773214397,-0.07956407393235262,0.09192339827122346,-0.02580905403732106,0.009251362262516303,0.023986474611660025,-0.006579236000068106,0.015697184260438406,-0.05796731935237475,-0.0526140917568181,-0.05559428037498158,-0.031890878981211214,0.0027713335187997913,-0.09063978257512531,-0.013583930349983436,0.09540866687553105,-0.011696769527789525,-0.05100077272066803,0.01984209882426661,0.005668347820682811,0.02146447594735049,0.016258897289699634,0.027775693716891734,-0.010299473477314837,0.010744845724895025,0.0030827552212396325,0.00537074993191418,-0.014518119003550467,0.008502480899430327,-0.025540691752277907,-0.01458577916547957,-0.030056471067092493,0.09284637008157051,0.011347224070359551,-0.0380289220495948,0.005476622766160026,0.016898667861458938,0.058988043508662956,-0.0726911348011445,0.013982067558214618,-0.0757412552649195,0.01734950819661267,-0.030525586744054454,-0.028180931374058825,0.06228001155651455,0.002384467686704885,-0.01457837439306955,-0.007348274043607235,0.010198998517926784,-0.008744285729054635,0.04727237177999264,-0.01552283766757831,0.0775486616972461,-0.010411342376367842,-0.01825822038425251,-0.03489150092938723,0.10007547327756894,-0.0332941774310643,0.005548918927095673,-0.02782371654082848,0.049314572518294957,-0.02017285793538556,0.06983805046171813,-0.01414995681858449,-0.000676146674248927,-0.052566941531774596,0.010485306896547275,0.01232309059822373,0.025235477074829996,0.04369486685141878,-0.028715073300370646,0.016364127627474773,0.0113666952473625,-0.06389325886314251,-0.05781845565950132,-0.005587271120500936,-0.02105764304764278,0.03529048903521855,-0.006537981999630552,0.018763831130842994,0.024298651217722757,-0.06362787175204405,0.0685313387303164,0.013148931730083472,-0.014084483664321539,-0.008166192680117937,0.07327378416308374,0.03667701464004259,0.08011071188389192,-0.03342044747941073,0.023271701114086652,-0.0009013521445725245,0.07491348106798007,-0.028303965520118723,0.0720771648256065,0.022220242746502583,-0.04694264878350921,-0.012415207634542751,-0.03236347508311979,0.028461714030436198,0.0255404959916956,0.03674255663670017,-0.00026844106008962036,0.04506762122165806,-0.06284357980583377,-0.010590411085957565,0.03180160835568382,0.0031988061477318487,-0.012194519580412535,0.0900800467266335,-0.06081912176242259,-0.027026396013773338,0.019564222152753167,-0.04341285201866002,0.027627447702986762,0.015677007263549318,-0.018871254478772446,0.02180990326731352,0.06541023507064801,0.028183529317527378,0.040354133351723526,-0.05077816988569293,0.021727140019248248,-0.029422185538220243,-0.006919577474029772,-0.03688927437596691,-0.009536314902746937,-0.0601976854830855,-0.008803988339491904,-0.01822482504726172,0.013790473489220117,-0.06761440708466572,0.012179126279136702,0.01072648666622834,-0.03590264722370452,0.030616090165973255,-0.03651514546553347,-0.012949358593149095,0.0007207589103817862,-0.07726768292124901,0.0496827391176543,0.016363096934445365,0.0008739318311404086,0.029381695698034845,-0.010892285359375295,-0.04992332863330703,0.06168566877383206,-0.06684438649908056,0.06855605519429124,0.039578920277688064,-0.02966139892751029,-0.04228119088047394,0.00685646891747144,0.04362526413488108,0.07845121263763058,0.02294988570655476,0.043763315373634884,-0.03461144499490072,-0.010430264931912316,0.015637206818348688,0.0462316891153344,0.06843351202112873,-0.055895910299352154,-0.026035804024704224,0.03236983191675172,0.04686073074584798,0.055619387771918126,0.021497024497641418,-0.05459099449858811,0.04483166426790805,-0.04745409797037204,0.0053555417842072175,0.03380493198889862,-0.087477534581797,-0.016471749252436666,-0.04912963214875644,-0.033756943171744117,-0.027322331140673308,0.043236300405930246,0.09597644353737726,-0.028764240142004405,-0.022037570934314694,-0.016666304332260268,0.004941203799131741,-0.03327384619526503,0.06115761547796317,-0.05030231313838355,0.008542553109249684,-0.04645629652439542,0.014095398027440028,0.01428006940880359,0.007572221325650439,-0.00996995254584826,-0.05067794652749373,-0.024446067002784993,0.07536193941292642,-0.05165369705506665,-0.01875121167221204,-0.04799465170153744,0.037578467441494866,-0.02259979248161133,0.13709793906235337,0.0333859484884315,-0.018235083688790142,-0.03937700184215618,0.03828758666742278,0.07096905992385806,-0.02516262988526328,-0.07879731991860835,0.03042445392164751,0.010938566738357407,-0.022643822957643996,0.0277282958736349,-0.04054491521817771,-0.00377855506441196,0.024229898675608208,-0.07806723012391999,0.03414751687424908,0.022283338610631327,0.05813528701990054,-0.05532824180733034,-0.027657896378359057,0.013135272360742165,-0.0035055934803274232,-0.010899716450173175,0.03727658315948709,-0.03884983357095376,0.03608578369554252,0.03324597424554429,-0.02582766915213922,0.016114523609521546,0.036889680034432985,0.03610530766080701,-0.02286778805393833,0.01180725216016348,0.05210457925042899,-0.024167841836574874,0.014801106489469468,0.014082766898856854,0.012601714830842737,0.01437457607376688,0.03593115072210861,0.02417979135567373,-0.018700746556587242,0.055860346994852754,-0.05714085768647817,-0.021540979980884743,0.016827535333736512,0.010175536512382856,0.01628957455091481,0.03817468637894634,-0.034021873492553575,0.020481174576088796,-0.02866060428840089,0.056777891474250525,0.01616002567132892,0.06743927797648425,0.016146871474511708,0.040347604923749975,-0.009392033296242748,-0.0394528484468496,-0.032970928671647505,-0.006467826570331415,-0.03063346569837543,-0.03761344249606899,-0.06837564659719722,0.029822530679687768,0.023354390035690384,-0.006179699374022919,-0.04359438997980387,-0.051279866896402355,0.009020633026804779,-0.03694632085825039,0.015412269322255753,-0.03222567971831915,0.02730684496448629,0.02453625493422718,-0.06972096912814472,-0.05406280401753332,-0.015392218420749408,0.05755742144691051,0.03626614191779474,0.002416144434879603,0.03451061277109621,0.10270454886885104,0.048647827801115255,0.07603520876588868,0.01968662628828558,0.06273989085157669,-0.03590898529812644,0.10958748977475169,-0.046072611377587606,-0.0128475556526159,-0.03501313751180566,0.01487746751977297,0.02052174823524507,-0.009590403529133637,-0.04453613030306883,-0.027511982404735444,0.06773072560837858,-0.036325261329560724,-0.005742242740176576,-0.01441806410766331,0.08669923712105167,-0.02860540869745197,-0.0068517317133331345,-0.002059290743896019,-0.04302780661821256,-0.061438654012998584,0.08640911707002734,-0.0024231020413812464,0.01587066462622003,0.13258526425484388,-0.019193520493292898,-0.06530250927743758,0.029667461513681586,0.06113640201356871,-0.001123516254680708,-0.045343755776824965,-0.06025583358162262,-0.07647738277169223,0.014491389190556514,0.035476266383842305,-0.039233778139177035,0.0003969697844491818,0.041624409441286064,-0.05409362208243125,-0.019104883265697974,-0.04352373512824712,0.004530948695920229,0.04860948928634912,-0.13478089957215483,0.019880051994827626,-0.03194107395032986,-0.02451018760128815,0.054480738216269003,0.060277447529529925,0.031472932775383836,0.017646444473018878,-0.02561631742916535,-0.030515857854747124,0.0033072753869458115,0.04038004817524485,-0.029913622155967386,-0.031689338356819176,-0.014676974108753502,0.010471549348113587,-0.07728422468228327,0.05037136507983115,-0.026100353878201112,-0.01549533703024877,-0.01583974177543249,0.01006389754357647,-0.020316574474017097,-0.012052594000475874,-0.01074248048542725,0.07192969063998302,-0.04332814994983359,-0.056548037505540404,0.03144452283904373,0.06573823858416694,-0.050521157302877165,0.029041978243772443,-0.03413241172480814,0.0002583390836000746,0.06233409996375689,0.03978449504280089,-0.040521245834957975,-0.08305257887983489,-0.0033640295185965864,-0.003992987125777047,0.06991830261290939,-0.03378307754828862,0.029589373885315233,0.0343782318912015,0.05261342035575003,-0.07676209528625705,-0.06745849218782538,-0.02365404973370521,-0.03582737908120749,-0.11034866024980397,-0.07391955265033393,0.07954684517109391,-0.011306766302697144,-0.023585359759945423,-0.01602012769324051,-0.01991503148815887,0.052022874764626144,0.012040874767379488,0.01067395933426417,-0.019427945430420385,-0.05061604567014824,-0.023391318028750364,0.0427884349656983,-0.08381929096422988,-0.013707099503485727,-0.054518302016643226,0.02126205769062854,0.0033792265875602877,0.01906611640138833,-0.017936637015691235,-0.018523403458791207,0.10000609680520549,-0.05551369540460746,-0.06233345305479163,0.012166348441626252,0.053522071323095395,0.01622337887519882,0.012972464364071977,0.018471910082268707,0.04352238986297786,-0.043567476140764845,-0.062438356722557646,0.04548275364119265,-0.013619960135837165,-0.09957190900725006,0.0734795403323635,-0.00884403549287184,0.08161369745718373,0.0009739587602334294,-0.04273758672698012,-0.03852584328568543,0.001543184724750967,0.03548746575327708,-0.04793114719424698,0.06149325707752628
-0.05768040028927288,0.02215437822788141,-0.02473784019423636,-0.053152333876690244,0.05784716926238072,0.0016004951092772146,0.05551484970586731,-0.06865218768960522,0.018050806585939175,-0.015963037543781613,-0.0324421910284443,0.03014422519802739,0.0739532939367566,-0.08307421751809957,0.06911038542430908,-0.1378644549001145,0.020483203436851682,0.002526143153105222,-0.002071137465619136,-0.07850531337264027,0.03285165754920163,0.03442458431093591,0.03353466416205631,-0.06244490090878721,0.012444788901816562,-0.0458937461455244,-0.05853535114442355,0.005002784940001019,-0.034834660465882045,-0.020121204222800435,-0.06978861490184407,-0.0024431774096457643,-0.03540861277020686,-0.020103269166872544,0.02827808953206658,-0.10062773532401251,0.012764428319473617,-0.05431032341480442,-0.06254301950368854,-0.014480341196906098,-0.098884038819496,-0.011635393808157297,-0.04279080833502867,-0.0838097255743188,-0.03681592494642139,0.11217883108591852,-0.0714317226016503,0.07137110459483513,0.01509459502858821,0.056901756544790204,0.013682851637383937,0.00430650619707804,-0.0598908730547565,0.06508407330800482,-0.029919049609292352,-0.021441725181945915,-0.001963758110320645,0.016636067066365973,0.05508113994487904,-0.04174093398551629,-0.028013834438652366,-0.06314202184648897,0.04325036495047993,0.016911797814077065,0.027589809480273154,-0.09266054397819273,-0.042868917404642694,-0.03681327752920807,0.035477204709177354,0.0074579358349648826,-0.034887945554847276,-0.006809810696468471,-0.020245932738376885,0.04138628349413492,-0.00143582614593029,0.0383493226932679,-0.01629492859562042,0.042354452643197704,0.04377359863101101,0.01528816596323723,0.048968124182200874,-0.030799181271424957,0.10080576550682682,-0.017241464055335214,0.0028093753729897747,-0.013867616407608434,0.013585088000016888,0.0030131402707366905,-0.049342373469722596,-0.06180938155645661,0.07556060369626492,0.04144757669362232,-0.06012448039795059,0.04163520262591098,0.0583059656582962,-0.03653122794099277,-0.004060330630377415,0.0949029426354168,0.006861201590916623,0.035506479017766816,0.01309809686649317,-0.013036573567556395,0.05482155851532577,-0.02333696436339012,0.09792170675007925,-0.029090758973056345,0.0383547753118533,0.03949024659898819,-0.06714264691737172,-0.01744337470196718,-0.04429314533268118,0.007865854949852808,-0.0005865180988408523,0.05294389559862665,-0.005722217293088161,0.07078682334524472,-0.09487126493954674,-0.0650328533004813,0.017958783989052443,-0.016481823051911256,-0.06943721130353618,0.10041186565527759,-0.08855807570433796,-0.007562492950280126,0.0027324815318525496,0.05729879997563048,-0.05448087768650812,-0.011675994285745716,-0.033359868607790055,0.037292720587477145,-0.03295001566966957,-0.003082959991582399,0.01224902361939166,-0.019270681714447586,0.058869315240972574,-0.02301779429027192,0.09407962086170506,0.01086944358040988,-0.020963379624807828,0.020218843664015364,0.016809314780569535,-0.078655527434545,0.022527267084679788,-0.06578279796961607,-0.05757472775574648,-0.010597677374425076,-0.13530649560499328,-0.027935790266883632,0.060654184021338306,-0.0062113746205562596,0.006251864580548456,-0.012494047034691372,-0.09813836759647458,0.02671939547361815,-0.008402510956332758,0.0024360183473127075,-0.018321275173930368,0.007541348432324218,-0.0009666538803267627,-0.01347689293315788,0.007359609576979786,-0.043382693999670034,0.04061677611196735,-0.04420177217492495,-0.018214543171248345,-0.01085781642050804,-0.08026789743387999,0.03887046280626969,-0.010176171771605319,0.0325707778211614,-0.0784276566745303,-0.07629770202138698,0.05188443271724451,0.058599416808643015,0.04726414174913325,-0.004367926804316244,0.009274390425919023,0.050743610898037014,0.07904911280208457,-0.03166538841641498,0.019174068613570364,-0.032809205079814434,0.007298842097617161,0.005991962248657416,0.021983398279427174,-0.0032363086785096797,-0.021840706458417646,0.04490799459349531,-0.015604328855294707,0.0445229583347811,-0.03312711759066208,-0.03512431486190772,-0.025041240619971112,0.051444796557243135,0.015293433212047238,-0.011380085399272698,-0.08168940881046265,0.0008696715796031045,-0.014837386889643096,0.008453035648029088,0.03203914161735973,-0.05613876145926654,0.05779595708176873,0.027777303107405185,0.008117757784169068,0.031087418753921563,-0.05823089177781294,0.0819246642979434,0.029849585769643226,-0.014211063244474246,0.04311370714496882,-0.03316954228432444,-0.019334917545178888,-0.008457129671498224,0.0004886811811208313,0.041196706634086686,-0.009073719298513201,0.020626365412476724,-0.04303312296187521,0.05413571151079383,0.05773394375245445,0.014220048663499948,-0.014080219537715375,-0.01285650603081119,-0.03385368181039206,0.012346439658905993,-0.07915815524375362,0.004876117223510752,-0.034793398951858595,-0.06686287294127301,0.06675724361817875,-0.01728786070394659,-0.04561946991085724,-0.04270618051229669,-0.03540266810946335,-0.002615504098469098,-0.01545046334118088,-0.09304288224214154,-0.05015042034191238,0.002804613190758408,0.019759565983058548,-0.0004892096089095878,0.007757956345560189,0.0037755087421037048,-0.023295864900169827,0.011729319041615753,-0.014886430192530489,0.028559214300896488,0.045010087833608076,0.05248173027923085,-0.027672251901011583,0.11210059173945804,-0.007494826084834338,-0.03874668595364942,0.10331648434812263,0.05633081415384624,0.06787650805893038,0.049925640871953246,-0.08058377913155511,0.019348742092020945,0.080885290131308,-0.01614977484299148,-0.007044326615894954,0.0262148235900971,-0.05067157929140645,0.12833447732183637,-0.008862798824548051,-0.030941945064274584,0.037055456189112525,-0.06997303650115232,-0.03292190816730466,-0.01273760279381242,-0.03823293070721652,0.03904145373990252,-0.08325924792719624,-0.04175711157377667,0.03944652753703842,0.020062288908237007,0.06533113565992907,0.010060532442835864,-0.00018172833969212768,0.084158745555015,-0.00805243451587345,-0.0421292551464224,0.03756196727999505,0.017004146360714394,0.018596430569620064,0.05464616665050771,-0.008123428034541785,0.045260357904655046,-0.007419610606064091,0.01665116815137667,-0.008753370700416027,0.05744392663808002,0.010332650523940423,0.049290084007411014,0.018525295454099595,0.009377676814232802,0.0024639101034334442,0.008495671140637852,-0.03763398759511917,0.009782236756208297,0.0717085884169015,-0.032260509745399644,-0.008995494436321626,-0.025796479633683006,0.06906707611536807,0.051517803534798505,0.04233231529785042,0.016701895452943198,0.019089070918106663,0.03308039615126215,0.016568800517378985,0.049613780351560006,0.019962978297225337,-0.03187867053394994,0.043256579495641,-0.02095835316193591,0.022290751742769243,-0.06504846860799668,-0.06870193804060551,0.032291807627775004,-0.05498293838792853,0.006859669229975181,-0.07379026365477533,-0.009495123229069998,0.05821555172387596,0.02987113713634466,-0.03349528076411539,0.016752341723367727,0.053952044336104545,-0.008340987969008281,-0.01793111289909705,0.06953043676592037,-0.03371360343943321,-0.02778291573049076,-0.013620653370613856,0.022306433336632167,-0.039517462325931584,0.044353612568246305,-0.04454905932498931,-0.08593670919070905,-0.041175181948559264,0.044715735246032645,-0.028592682478089018,-0.0012711998883791803,-0.009228019878835992,0.031427869134465415,0.021889186198597185,0.015410224276193941,0.05830111642727462,-0.011899072663367117,-0.0046082357978839425,-0.0008570753976842535,0.034579734569488284,-0.016727383346830375,0.07947493862411222,-0.07321791794918202,-0.029298771149862617,-0.006959915955140134,0.025717477689089302,-0.018783000232744144,-0.04810999773455859,0.05856829611835395,-0.06667588043740891,-0.04798550413824453,0.039731166682044475,0.052198287572628295,0.12778330940375426,0.013181584341015188,0.06299068663136456,-0.01179820376799391,-0.013296735219377593,0.048622432009145775,-0.03722711347007766,0.08329813958982432,-0.025734238622750653,-0.021004581483460696,0.018937533364190726,0.013206663668408851,0.03417897045281389,-0.05623998175865517,-0.0020956766065363223,-0.04034478051181192,-0.017663567249022908,-0.019636062903879842,0.012391792278516398,-0.06164285491096602,-0.023504528507830667,-0.09974685514005555,-0.09250663856046888,0.03003035979118738,0.03757568305008631,-0.010919381050939925,0.019882941839972294,0.040930987964507344,0.029903352935072014,0.03197361797889485,-0.04679083369611663,0.030782108093378696,-0.025329120157318388,0.06294771759020765,0.09018862089226652,-0.05372745148902682,0.018466681114247752,-0.007565887714234656,-0.07345674585965369,0.015052103725082684,0.009477573106155114,-0.015357526302856722,0.04279199431380248,-0.027846515104138644,0.04956900089345866,-0.026309324577580156,0.10120964241501523,0.09130983151164501,0.02875053732200884,0.09567357032626037,0.016611344311761134,0.007472596122800646,-0.019372556308694614,-0.08480882223931642,0.0021736532694929984,0.002697157016761478,-0.1272528408364974,0.06265400100527255,0.04728561133126888,-0.0015634220843406708,-0.02319139561399216,0.01071973016876427,-0.006249886072402164,-0.016434253402258635,0.013890546629117973,0.039020651585256624,-0.030138042393441034,0.03689682553290319,-0.011134714426895037,-0.013083395605796454,-0.013513099046547369,-0.005946051050031227,0.07341529417430434,-0.045650544911239106,-0.12415958157620012,-0.007595669274599495,-0.037355284897676914,-0.036575228429322565,-0.015890199486525675,0.04522719245467471,0.07171960187322823,-0.10274328653594138,0.06166635959807609,0.03262739898538413,0.013282646205840194,-0.08705836752380601,-0.04514198689521965,-0.07050470059337971,0.013290395193713505,-0.06202489056636059,0.06441959600310952,-0.001871626718279595,-0.004968187259668346,-0.005466134442653801,-0.006852073867744511,-0.01636298881516144,-0.0033866020877924776,-0.021551494320814945,0.04243703088222282,0.0061765918306893024,-0.048109074589338385,0.0026340222223373132,0.002808363543733874,0.05182625513818567,0.04366790629054366,-0.00324243412779611,-0.003172924623182658,0.02128989212121162,0.05022343860149758,-0.027300038546692995,-0.012490947287167632,-0.05375317792703126,0.04307170195531286,-0.0029137144284475365,-0.031369837579668235,0.1064655599624217,0.022863962547296602,-0.02014971977148927,-0.044868072187041884,0.051788755756000504,-0.018823005452395822,0.03783368875340996,0.03240486162567638,-0.05139607875920045,0.06738842393154577,0.0027687810357833282,-0.048164292629105286,-0.019695694683888588,0.015779326434728822,0.10775323678492532,-0.07737072517334902,0.008256475984550206,-0.07107397300103269,0.07814093734046704,0.10847263762628301,0.011861196714413361,0.09186642144622885,0.009079763664761986,0.10950469124485068,-0.11517701975577588,0.06130334952661568,-0.05288868452838997,0.021636259744120596,-0.08227417904326872,-0.001108917439737276,-0.02927143167578163,-0.030050495292173945,0.017042462796431193,-0.030378640212172785,-0.0013446186295190956,-0.050873149494640266,0.07539925161124561,-0.15067562405068735,-0.015231626999570348,0.02930005480828857,0.019265799919435903,-0.04907270380461663,-0.041035130314804685,0.02835789966758585,-0.021318570345160607,0.1610356657129773,-0.04545909984166877,-0.006637596228743485,0.03963362114163537,0.018114022527646614,0.006918583390067625,0.0890280324046291,0.05745690092961927,0.021254492054456155,0.05703683206809158,0.04844637778095612,-0.03130527130449564,-0.02981412175675779,0.042918931566495094,-0.025455681007210903,-0.0011575277002478573,0.0725643508630291,-0.004046633373761952,0.02273147078930362,-0.01064989176804914,0.0048465420874957066,0.06254620017513124,-0.0038372900295950067,0.03872255594545857,-0.0004132182727094434,-0.031200659860098633,-0.04406259892245483,-0.04127500954301322,-0.041246073346664906,0.02181333975076804,0.07800302129235519,0.01472527135372511,0.10339546805129067,0.07270502631291703,-0.06234240107409144,0.02738355318764812,0.001034712740031985,0.012083380699504417,0.011617015247488623,0.02643036804080149,0.042116167073457195,-0.04380753948171217,-0.03549667117579812,0.03131182673911595,-0.05136223341205849,0.0029585291335963923,-0.006234794600268906,-0.04702671776034093,0.050798510694066316,-0.07292039526254972,-0.04111524592697085,0.008714222853710589,0.03402756995588285,0.014310555673714795,-0.07467057182225766,0.04813522334101341,0.010710626433551546,0.027372082769990497,0.03943242203249534,-0.05955237521178475,0.049740562550328056,0.030731607312296228,0.04696357254731328,5.937214175896529e-05,0.0687897901691503,-0.0763316952529015,-0.16813346771070137,-0.0204267932707928,-0.009514048431151674,-0.047046925849260124,0.08376490073102584,-0.00638107176855043,-0.027979394881594455,0.00547515957026843,0.03131528526851925,-0.005926656577619173,0.023982821556793283,0.04107412543827914,-0.14598969725842217,0.017488905007542088,0.026076586466754398,-0.017168119838245698,0.03258165621716404,0.011854440880506838,-0.11242216344136828,-0.020800236094907068,0.04454233665615149,-0.013998085054953159,-0.05204037083956963,-0.04450963921354033,-0.04652940475243056,-0.07600136227573877,-0.030281813851885945,-0.006873506502519425,0.057884726998459944,-0.0050722318905592045,-0.04874046452738431,0.04598600320880463,0.00969951560249193,0.002073239791266887,-0.010804182175549572,0.009286740559837308,-0.0010757382435864218,0.04216055469218224,0.02642826073219647,0.07283246322969393,0.012943419885654355,-0.04010053437702779,0.052276276983555275,-0.0022877862816630705,0.03020698158218162,-0.034020367330228035,-0.09585959673355009,-0.01990538184116148,0.04335110153751895,0.09304620821521123,-0.09465136502235096,0.029891680469832038,0.025909103825193687,0.025868048175569074,0.08811567166649707,-0.0493984580014367,-0.0022026601184595767,0.023397084622774726,7.1259348689243e-05,0.0280093041572224,-0.016839808650561842,0.025449286763869355,-0.05233107021120276,0.06568750888322497,0.011454455639155368,-0.02488757326321356,-0.02446096561995116,0.03210979959401065,-0.007518434522412005,-0.13473658164461383,-0.017889548891886632,-0.03197374421716942,0.02445144758266992,0.012837521779906172,0.03477345378533454,-0.01538127753515008,0.04184899960739479,-0.06601932342042416,0.005414248982843212,0.01063235035777106,0.04420941295565202,-0.01785753412793195,-0.003873814950822575,-0.013272047908814023,0.020537930080828992,0.025523747652458843,-0.060107374393949274,0.05584009636940304,0.022508335041830627,-0.06568993897060649,-0.05081153884693618,-0.01767574107121223,0.001950484574945299,-0.004218619895095806,-0.08348907778223508,0.13287371091787706,-0.02715387770903085,0.07055850501734029,-0.016341850328215467,0.007515394755423288,0.0026768605192154884,0.000544569785393366,0.0519499235948227,-0.06249926106499623,-0.08076857057444545,-0.03986556965338628,-0.023637452019856845,-0.02388295810725425,0.00947195023248528,-0.010579932724403497,0.12500107138640082,0.03193495109080863,-0.001565883145139892,0.007736931029745095,0.012199261110376787,-0.033143494060117275,-0.023246240500741856,0.02035811479024028,-0.025054069931794088,-0.05222695715479208,0.020960495905079563,0.0404455108846745,-0.004065217936632193,0.04692112519504525,-0.01891073192216177,0.10128276745598663,-0.03852054323471348,-0.05952327421516,-0.09244851179144821,-0.05694182569083054,0.002425281750664769,-0.03062040804356738,-0.06453905605470024,0.08904564762930257,-0.034563497724064536,-0.08614484991837548,-0.08272665104962465,-0.005494647941496923,0.024788671781431477,-0.07718814263040329,-0.03799768047982126,-0.01662542246051607,0.05071480857688976,0.056778360437081656,0.07261239181712854,0.011511981307494258,-0.05227510885230006,0.05634178490859979,-0.011770813736982954,-0.03257279447293101,0.00609420203250029,-0.07386086530148035,-0.03414539458195495,0.1087400917956066,-0.08687550914460763,-0.07203119709232951,-0.019396179585624295,0.03456200662291116,-0.013528203898599715,-0.057193454797091536,0.07618964431736075,0.02553315420367849,-0.021957594860260887,0.0001486850019166522,0.004481444403574002,-0.10931096648838384,0.1239632917460921,-0.006969835102860802,-0.02343003115839044,0.050527771749937264,0.027990891708554868,0.04082333025080424,-0.00341990452238497,0.059876904225858105,-0.06691534445777801,0.0264228359244604,-0.007987811160913008,-0.026302138196458203,0.007433842533306358,0.040098401652308865,-0.024186573530134606,0.010048021829579035,0.030387860687009383,-0.07693367686268424,-0.010899278044252425,-0.04368517880362256,-0.051092821977049875,-0.08450095287734326,-0.06507999916472311,0.08198501259507796
-0.044914390343029346,0.012044079747401832,-0.02249362881964831,0.02192445424599015,-0.027766368949568285,0.03879643410672469,0.07155674428089846,-0.020778209301661913,-0.04952846621171995,0.01721245720776471,0.044350937614017934,-0.001582421714591031,0.012381671248296843,0.038960498136781666,0.0619660194372004,0.004525267164192393,0.020397332703759777,-0.006218786274889301,-0.023823447529486442,-0.09851410721182548,-0.06269947889462775,0.02309935563988016,0.013208026202751976,0.07531110048282971,0.012672382501832117,0.08371944336267556,-0.03473536426066779,0.06851988876598927,-0.06153935606322535,0.02582695079758819,0.08386334261562166,0.035853556200503844,0.005843965449473196,0.031041873908412596,-0.01618864879711934,0.029464595465800873,0.001245436256167983,-0.0630403669785046,0.05679565340877692,-0.010125936463115688,-0.050197558129523534,-0.024360064651815026,0.020669734437703938,-0.026302925165709135,-0.06250085789338596,-0.03689179379560905,-0.03515833250156953,0.08706790536557178,-0.008221748694802355,-0.06342327939025734,-0.10108291308701811,-0.04975344684447396,-0.09587716729158544,0.03958005496485557,-0.02405547952089159,0.0619207793641356,0.06026740544861613,-0.05451894511552511,0.04491800639910928,0.02713251734224412,-0.033325969167618714,-0.012601193298295217,0.0464613428424891,-0.04501889612040572,-0.01751327992758667,-0.029583646338898432,0.04620920857392951,0.011052538740753237,-0.08725897041307352,0.0589352496653784,0.01948932590931863,0.07319208828402717,0.07452558421386432,0.06321827444989468,0.017548304212819124,0.06511200688164767,0.08305195669147429,0.0909263652662354,0.11669756866063208,0.045274069089564016,-0.049890689824617175,-0.08727431234015945,0.05255537181448729,-0.0406922525169714,0.0034941821918499064,0.008145827097807055,0.08925007639513957,0.006109257768158219,0.025614827494548364,0.08781475530284745,0.02289008147355069,0.07377717219246835,-0.04830955456080697,0.048709237291382566,0.008441228829739363,-0.008011527523103728,0.03443948334792196,-0.05648729238960452,0.05982531276112357,-0.00146755435718188,0.0901796051156165,0.09955018100226484,0.1596992254428914,0.1346775602606353,0.027669348023359207,-0.015819958243681292,-0.04637879832957704,0.00928875083560311,0.031115053620210383,0.05254156314842923,-0.010436268232303736,-0.09233024991971218,0.0869258621433383,0.025991332153406436,-0.024630144209752753,-0.06476998953908125,-0.09665100593600143,0.07230308515537515,-0.017164030842737665,0.03403336235112398,-0.17075361121783345,-0.06577900087925789,0.14084518315674313,0.08084720075213846,-0.06998364281816029,-0.061194844939091754,0.0016676330236640425,0.2788053090899759,-0.10535630003448027,0.20413467196382667,-0.13061903439451952,-0.0953199469306369,0.09281285809410854,-0.032966807521761274,0.0551173472226805,-0.044305695356050265,-0.011118164890775058,-0.0014979757136048529,1.6662835098607366e-05,0.033626918495795514,0.011522129718771767,-0.0013284399072780904,0.09792995083520999,0.1328505283777921,0.08360351039067358,0.13077545137011573,0.11976074196950814,-0.08192710488591295,0.032244948329471,0.07211993172989331,0.11112337473838668,-0.1475909757024816,-0.1838538999521336,-0.13002063958363985,-0.12277167634740159,-0.19264641151902132,-0.18909116866729866,-0.07056454009646851,0.08654409179650213,-0.008506636644126006,0.12456013272071036,0.03017994103481875,0.0257340741693491,0.052376514901418085,0.08293687068900064,0.082485671578235,-0.044493920857234054,0.04633071254708075,0.001989815135514072,0.03283979895863516,0.01071315923792393,0.014993654813914249,0.056466937285895476,0.11984259665665604,0.11504452778725129,-0.18534689093718676,-0.09416209156183249,-0.029047786031464705,-0.014457294917451074,-0.014099748808263509,0.0701828613159239,0.048329750934116615,-0.04476332430916759,-0.09642013988137543,0.03943217307659056,-0.017552083972058354,-0.06297829659236749,-0.07848560162895211,-0.10437609973973017,-0.013281664059737016,-0.027258664631688297,0.09966187260809035,0.0983960658396222,0.06773121930846696,0.03156017006636165,-0.05197893478976705,-0.04859885486472565,0.021045680403027033,-0.10662513210567759,-0.008926107259304534,-0.03263467656368523,0.05110774081177656,-0.03161360514747027,-0.08922755425716443,-0.003474206185904146,0.09076123545733383,-0.14847806528364252,0.08641191800550904,-0.05865265932091944,-0.0709231034667246,-0.012190549621778788,-0.16894863149742098,-0.17778665854056627,-0.15654655137676746,0.12394834022895132,-0.12184374414466302,0.06565992542285741,0.054146013375670474,0.09952067416277742,0.005628495728576251,-0.09155706982664921,-0.07013628552264438,-0.09592651806053208,0.0171610085227606,0.0532484023494024,0.10709377903563833,0.06930927734657738,0.01245375188605318,0.061587233112760965,0.09677312386204089,-0.02349424275592476,0.005414594716936782,-0.1127846602399449,-0.03250544253573513,-0.08017155613435802,0.12136082607200345,0.15620006880772783,-0.032387758747376864,-0.09569148328849912,-0.08526543038162426,-0.09437384455526841,-0.013752824857077364,-0.038447562130697506,-0.12199352602162364,-0.19148141180901349,-0.14927846846234635,-0.11920854141021947,-0.14990062224279663,-0.04761110428542519,0.02551769424749573,0.0018604474365505287,0.0032886564669005825,-0.004830507001031585,0.03610612364583005,0.007691086699237721,0.035926930162515365,-0.03247793596594571,-0.0003702738396299682,-0.07419432464120215,0.03427000976385276,0.1760002547047823,-0.052509888831901434,-0.10298443982222713,-0.06707570454873912,0.12811950945365924,0.03161996803749674,-0.12029554721971551,-0.050472910128833696,-0.049845681061006106,-0.33974683177114523,-0.03654158162124515,-0.09197132436688493,-0.007318054500263799,-0.030493693234526338,0.0003189316981510558,-0.22931783348445434,-0.16938801311368606,-0.1467866412720819,-0.11896051835711835,0.0029985757323559977,-0.05828876520852101,-0.030011703060085163,0.04141831273989785,0.039448605645672395,-0.1216242475976858,-0.058015174583468235,-0.021472019874360385,-0.05943404087310848,0.03871181989186833,0.03350542419075081,-0.12689166664568147,0.05145756890640052,0.16506679470491042,-0.11199957443903359,-0.031119690388177402,-0.04490396900963262,-0.25753047054268835,-0.0974074558954741,-0.01566750322664424,-0.11540167597791637,-0.0333330840300931,-0.09364977578713182,0.0722030266306715,0.0797030617628993,-0.0031862024776624876,-0.02395623318895049,0.00596919296763782,0.027705530661102342,-0.009462630464122948,-0.07316320765092438,-0.05099421715387982,0.0007596224632435619,-0.13473897617758837,-0.060746666737583645,0.056490287017330124,-0.06764389203121532,-0.014641136430021186,0.004982065022025932,-0.06660073697203553,-0.16821553721635488,0.07842342389224402,0.1291685327848694,-0.0718862211171376,0.07221479576397188,-0.004891860627228699,0.15681114676435687,-0.017412390715322027,-0.11338395179555345,-0.05767171742616282,0.06864822356127002,0.016346194286615046,-0.010701290481246736,-0.14561380769666737,-0.07698464146789095,0.013865203116717895,-0.02727224783333549,-0.006848708094416241,0.039138471063013956,0.04414357928840634,-0.019611350583032514,-0.10677719221722552,0.03122311539798825,-0.19322406872293335,-0.10598389932022402,0.07213715230496083,-0.030765784902481073,0.03107741508152665,0.06134677380115024,0.04677339484272585,0.15205615427409383,-0.018293219693066676,-0.018427201212387247,0.015869046291228213,0.03511798981082273,-0.041247390994036834,0.07708504752586579,-0.14052353004255452,-0.09538657719901421,0.09445824011384088,-0.14256559520722792,0.059011460081408874,-0.04118068353144342,-0.09633139354005735,-0.054716011254896904,-0.05660318798739561,-0.0025551845983696835,-0.14211686021044212,-0.10534372227875335,0.12189105214148672,-0.057245665285031944,0.0413208968070526,0.01207127806692422,0.14040572681344782,0.18045823072756728,0.07603511812657845,0.2075959313612086,0.21055846523372213,0.15643712960011116,0.10046728966417814,-0.027990382046351084,0.04935485162450987,0.09215394274852554,0.15840985565743884,0.2655432222420583,0.08864851031337892,0.021893010087437863,0.009416001486628954,0.04989282879849532,0.08511095884585952,0.05204694293688969,0.006550025723225955,0.11286272342913768,-0.04795202333008918,-0.08739529729751021,-0.034512552082579535,-0.06144423345970121,0.113386248112021,-0.0744040906371981,0.09650367087738682,0.22477929901762062,0.029792293404342373,0.1492239542843992,-0.0035987077760035037,0.17488007572992273,0.21286628151644266,-0.10098239875120821,-0.09224777783939483,-0.015367196493325042,-0.006499212653308356,0.0513750043003775,-0.09052366775557184,0.008965250474969488,-0.13675398717004955,-0.012218018423266667,0.032009230130334944,0.13389898689797253,0.16544520661531778,0.24341879854368065,0.034440937334156485,-0.026413830879736987,-0.07430324291942068,-0.040241294859677604,-0.04884856879291334,-0.09263783142978584,0.03314520746353056,-0.05151058478797605,0.02344635734160441,0.19286407481438497,0.08360146127978944,0.012878627673408817,0.11352044096859529,0.012370434183213827,0.11114641938616912,0.05322197654219989,0.11663682387020767,0.11106316807616029,0.024151066337356978,0.15845925857328413,0.06420712831361154,0.10875462697879221,0.1411221356523409,0.11741519893954988,0.17435517086013516,-0.04018451137437207,-0.029617529932666274,0.06396204281746368,0.0368388643865314,0.006883934217828863,0.006105990431242213,-0.05138742788234592,-0.0602083811480802,0.014138880422416534,-0.06112120136252858,0.07804748532726617,-0.012974892432823688,0.0286449360205724,0.06071145574736288,0.10266459632025687,0.1292653061745887,0.06463000691599241,-0.0035143892109988683,-0.20592351300867093,-0.05196702276371646,0.1298209810807366,0.02197748249015468,0.08038673021037572,0.1827928182782966,-0.08507702364783548,0.1222392563671508,0.10317899042671776,0.019382135483713273,0.012689500250884469,-0.002462661759104847,0.02459098276131475,-0.13158960820482227,0.01818348758468381,-0.04032988274182369,0.02258247612032773,-0.005056307471499561,-0.04680944124812977,-0.007770722342222363,0.044033886883297575,-0.059810354303084505,0.05236014582564609,0.0016259975741632709,0.10551679032831145,0.09656099143848512,-0.03299333265347077,0.0703017771542455,0.19252124857946873,0.17336112697481104,0.021049233991786202,-0.054331631777280884,-0.08642490605474659,-0.05260421723029109,0.14532237505497286,0.0653072552729987,-0.000122678600512136,0.11244602222660763,0.014561025614528043,0.08740398517627587,-0.04015883211279902,-0.03891229585329411,0.06719066708056648,-0.028789557770889602,0.003744283688796874,0.008688621974315485,-0.03585705186696682,-0.02510466900185523,-0.006444267062353726,-0.19810967597174195,-0.03285436590411912,0.09343034216023886,0.04071421647733486,0.10650261472587896,-0.010232784982667704,0.16721636106390028,-0.08500135127238888,-0.0577804110507055,-0.17092180097625576,0.05310010519169436,0.08317464685765852,0.03670009440460211,-0.029174789382054082,0.016425841186468924,0.04607301880780983,-0.012133246122914047,-0.1307377196899005,-0.23662816332479295,-0.22061954908605086,-0.06717764516958441,-0.02810152107175034,-0.1122656488295848,-0.053168866892903385,0.05331429176334121,-0.15469569251534887,0.0529230568539263,0.13038145817996885,-0.06472068474923108,-0.14926264553445684,-0.20743293718058867,-0.10587675364283018,-0.023950698444056878,0.09803612775491569,-0.05236491060136269,0.0054544039203700935,0.002378551228579285,0.08382144053156579,0.09963017842688314,0.037222173188541104,-0.004060342022452645,0.029636455189808994,-0.05209221127647726,0.046933286267541154,0.014475870164153021,-0.07697464934622966,-0.09243255901500941,-0.11087127576357945,-0.0675245295429747,-0.007667119600823287,0.08627848205747105,-0.0956330372421152,-0.11777551980942592,0.010879117451507629,-0.14535985056536027,-0.08902780985553767,-0.06026434672582253,-0.21118529979062284,-0.12513420581457446,-0.09464977402835627,-0.12755001203514837,-0.05147239302431225,-0.08397250286408031,-0.11335648569412834,-0.03767881846277045,0.19212370339691787,0.05973087141579934,-0.07437651289593411,0.04944496246648498,0.09425552707291882,-0.26510922347196464,-0.03719297228315903,-0.050705737571596375,0.002886301859838764,-0.042223797615140016,-0.011598968345055596,-0.0013720752672334155,0.06298564565327176,0.06247521245776141,-0.07556486402377224,0.06405520780096846,0.0036266276082350204,-0.09476567298294125,-0.06843550113481246,-0.12513938759824522,-0.21655172762543187,-0.03402810147319132,-0.20625948695540267,-0.04354163599573762,0.03491586688295608,-0.003616427891534983,-0.06232034561245158,-0.10855800727044623,-0.1030290216447229,-0.11652511230216925,0.0058662957290572925,0.06977720386833726,-0.029455813057860592,-0.12939097949260808,-0.15814111624576932,-0.1008073203581581,-0.044944724730261724,-0.07521645003796146,0.05146040793225167,-0.0347311342452167,0.00801888685739462,0.04580013619457805,-0.03804373044211603,-0.0035416372494779763,-0.03783928792195459,0.017687564822469987,-0.07904118483017028,-0.13649647784741248,0.06347727346312147,0.005820368476348746,-0.04564682153811956,-0.13776686546119413,-0.04806598870911148,-0.07460327329357051,-0.22512879181502796,-0.10831266537074229,-0.014180923148218082,-0.02080562266781827,-0.11240100007071634,-0.026565433813929805,-0.06654789181944559,-0.065604079198527,-0.0900260345474466,-0.060993771928650006,-0.14193901916516194,-0.10174843745946112,-0.002505851699567492,0.04309606500999787,0.011327897939317051,0.05659113158597159,-0.035463559927629756,-0.019173670810981976,-0.032158723766162016,0.005511761287910947,0.05013031808895353,-0.0298572510952545,-0.14059976334599178,-0.0834109524548027,-0.06180442136417467,-0.07966271389406177,-0.09047943230866085,-0.19542664889321962,0.07964022580205828,0.024733448190414547,-0.08527053658401282,-0.16735773534877144,0.010584543337891002,0.09404457759618517,0.03567437724429707,0.025841382602941103,0.050243541234954586,0.009004021980767673,-0.10920933053494825,-0.05704287873935526,-0.03275038330079844,0.006528176164078477,-0.011794263570060875,0.019468561474295334,0.026029229250984994,-0.022617726604905356,0.051654686821466095,-0.06604383892813594,-0.10617264981182496,-0.18293028535760178,-0.15094328783809288,-0.0021666939191934196,0.009525046928034834,-0.03575797451110949,0.030909169723157267,0.10610741629961846,-0.11269636827193831,-0.07779618562400203,0.0603626629460866,0.06630907281395751,-0.04856944331580796,0.06014870116581835,0.15506248707324924,-0.017671366759831563,0.0762686614317124,-0.04334550851990298,-0.12934463328384393,-0.027206940737221266,-0.00493610364100759,0.04855004554767432,0.0013976587701269045,-0.0019412679233197574,-0.1029901125836871,0.042413212505598236,-0.025481077170673855,0.004580319765586216,-0.036954201885251566,-0.06988278040498996,-0.18763889056574856,-0.04249386901562514,-0.09492505661379388,-0.03945936132063853,0.2052458684181431,0.12167993230422697,0.13049147661093968,-0.10620679061898139,-0.16611197381561824,-0.1043784397409182,0.07880369924929949,0.010416522379550076,-0.11890927449722587,-0.06661858213407498,-0.006269209434924344,-0.11823411915770504,0.06701973596983096,0.03639091369665977,-0.021032451963958032,0.11737640779217919,0.030294546812271558,-0.04148422517505727,0.03268314894651099,-0.017215457292145308,0.008308957224697933,-0.004662617574790097,-0.012438438492255507,-0.024049182537999925,-0.12178668239732,-0.05894047142143939,-0.017005921375853758,0.05098764487869212,-0.10956091180336698,-0.200339231718152,-0.17164865916393152,-0.253806987286235,-0.13902623563659022,-0.1859734036587588,-0.15623132261698663,-0.11334855922659717,0.10840095748816818,0.00027809798127314937,-0.08336381303733045,-0.1322448102187957,-0.04342468759498261,-0.05547645040704151,-0.04177590542199176,0.07066937080231807,-0.0030146829187081008,0.04532482937786466,0.0474974117382948,-0.0377016914919364,0.03546690000638466,0.05314047479227363,-0.024836816467344917,0.03954995887169904,-0.0097601292796826,0.06059205793281788,-0.07833878507510501,-0.018569854037862574,0.02286729715206685,0.043229329160965536,-0.008783670759252672,-0.07422850999155298,0.08464164107348396,-0.006210272815999248,-0.02649933517120541,-0.05333635236029553,0.017583374085387918,0.036381905992091255,0.015575363741383179,0.026841135013914896,0.02206954271787099,-0.004492188837258126,0.007004515583605082,-0.021639948557924525,0.023316582509989955
0.05131715736433014,0.0082480723777811,0.08646333212113978,0.009197028745661926,-0.03370384088954984,-0.004611245875763597,0.006029384564364273,-0.03755102530432695,0.04392720744245343,-0.0315336712551176,-0.032129084656722366,-0.032131027393113264,-0.015850009192037193,0.022070048797047635,-0.08261485387007646,0.06177537974534358,-0.04863045856994998,0.026035567323170958,-0.08162510885358482,0.0030492588587554886,-0.02755270131829708,0.00531411508153492,-0.09126832676871684,-0.06701568870532608,-0.020492287556199987,0.06385671201491232,0.003925696274912232,-0.045401043340602645,-0.04255523278536287,-0.042434697367703056,0.0033595559065907068,-0.003782149805611645,-0.03346482974294201,0.03886824072158837,0.04751065282347917,-0.04785382014915556,-0.10213593165829775,-0.0041757288110227525,0.05271522559002378,-0.02819627220844993,-0.061678039321677786,0.05660418869592722,-0.0029373447811310125,0.03657891407581796,0.015161878693634442,0.05870040795853372,0.007712155151917708,-0.019927795120875638,0.04830103424179258,-0.039832612280765164,-0.04200769911752985,0.05421990813100367,-0.0195494974524531,0.024282498396123987,0.08567791863108462,-0.05100582216372332,0.05580348552152692,-0.04434074381681996,-0.028262262699152215,-0.04832521711148922,0.029422871925580588,-0.0031843214648317932,0.017738655870947213,0.03596334650759515,-0.0585734126500112,0.025256445251814752,-0.038448502510092644,0.022079098858149702,0.0007981481759688612,0.010827441170399016,0.05621328463333192,-0.05112215507678915,0.06923502022117504,0.029680400833278053,0.07605655917542671,0.0204388387771121,0.010696614426150204,0.031494005179711744,0.053820523838324016,0.05311438781319802,0.02546053200558456,0.010154065953955857,-0.002300747346669167,0.06145306305063145,-0.05362060714721174,0.061292070617566766,-0.044491718825645336,0.031451522451754484,0.05837141140945432,-0.060525263163043755,0.04149413323527372,0.000708146679870941,-0.0666241171995667,-0.03164793686181651,0.04966077550781068,-0.024547599742749532,0.12319946049786694,-0.04976630002826549,-0.029366922461164652,-0.03855984168159347,-0.015456251992140584,0.013599787325768888,0.08936678110631018,0.041453818919738664,-0.030960297975512942,0.03657147960174524,-0.05379534404720296,-0.00013805388119208153,-0.02527331220712145,0.03692602390633582,0.020360898512264938,-0.048629444333795124,-0.03610435766246389,-0.010000567892404834,-0.006871307461961963,0.09231660397945929,-0.01442156576159013,0.017752606313753357,0.026236002170212668,-0.012020435483554553,-0.022538165720735172,0.06161539367514287,-0.061359896000187736,0.07465579358567995,-0.01564710374708859,0.01428624717340551,0.01368294140045631,0.07052991721481243,-0.007427221039056912,-0.016576148185104472,-0.02069398736940007,0.061627314229656824,-0.026005699207307637,-0.05135244908257326,0.0073257018809015926,0.03230521855758347,-0.05759894449187949,0.013227418313395923,0.027435295799974255,0.03768752023056197,-0.050605484199586756,-2.5383720362680782e-05,0.0034190951072654886,-0.07509899323262924,-0.07842217766341582,-0.002585744601791416,-0.0077540367880200006,0.0493021682321596,0.06865609135021243,0.06647694092967495,0.051080309853576145,-0.01675824278165015,-0.046927605516093374,0.04411208740842828,-0.03579750954751169,0.04248193146182264,-0.042789599285550824,-0.032386370444796024,0.017314136795159304,0.03448644998552609,-0.03282773630372721,-0.052983017397362456,0.053257631143269035,0.005359817513923264,-0.018752881861517245,-0.05887351439280581,-0.04612262214395788,0.04744545099455569,-0.02470268854133478,0.010915345399559392,0.01097188226015996,0.03927003465366629,-0.17046223820621462,-0.018751924365745177,-0.06336633468147736,-0.046914634319114,0.008364874741384693,0.028949948665778488,0.01893777751448367,-0.01043084103688014,0.03905567323824485,0.009612823827100703,-0.03650279729287458,-0.03904178094696664,0.06166937330232993,-0.007110108315594978,0.032501498194532547,-0.03162687032485591,-0.08953614222090855,-0.02016415954684565,-0.01639320927939164,-0.11422637210829482,-0.00583980447875349,0.023202586295127392,0.04810376705632252,0.02701452485547767,-0.06919124686763589,-0.008781840807119821,-0.004359423070260187,0.06072476844771899,-0.013013361506152956,0.11905878951358945,0.016006886328851874,0.03416691226478323,0.007375978281910807,-0.10889208861944313,0.044727018453133184,-0.0022036286464600734,-0.008152617125842254,-0.01066144920933726,-0.029055430379901284,-0.010602291043014772,-0.018460606712764182,0.06615522341536285,-0.003840128490194954,-0.007304237369181612,0.09324628403298119,0.006128147409747757,-0.007578355951403901,-0.004381995074245162,-0.00396049470696715,-0.055829900890190735,0.008469848253227738,-0.06829993962321806,-0.031089213724927522,-0.03927667610639253,-0.037820330185126205,-0.030722412487562287,-0.004054806891365486,-0.00914930750546727,0.10576244129375229,-0.04542381775658236,0.07848966850345303,-0.014585713683915313,-0.034231905106352385,0.021348052276361173,-0.01242725877929679,0.025193952815928178,0.05537147753313153,0.004412988616663012,0.02491676706607434,-0.06388283502683252,0.013109023008735074,-0.048316867160809136,-0.01426136074344466,-0.03362318186629865,-0.011737890802553568,0.038536086748744224,-0.09516462145058739,0.042558391264098445,-0.04786186448199861,0.020916455472074946,0.04016465284634986,-0.03994076956279908,-0.03460254034679077,0.06307239486586941,0.013510071232416217,-0.017011840191193738,-0.0075611440871456905,-0.018447096545416816,0.09400398575644393,-0.0013738286663753647,0.06690003968706519,-0.030509643145167277,-0.0041162392043678775,0.017224830326032465,-0.0185962487468938,-0.04982768358294264,0.0464153563297193,-0.06877853627440479,0.011624324617559826,0.05472672629597923,0.039679866337883465,-0.0052797473444684976,0.07437787478064942,-0.0046503712037303585,0.06100470283794343,-0.011718512350033475,0.021494974530692396,0.04316839705503808,-0.04002490781785822,2.262913485419632e-05,0.004035100303528521,-0.0029442654054696433,0.013932736675126865,0.1021702828528176,-0.01339449113248274,0.004261318862694225,0.007633664014757301,-0.003419557415160364,-0.015030968662154552,0.10631393776879162,-0.04678713750611793,0.014341424431541613,0.008343342586764012,-0.028468043762029608,0.052648252463649965,-0.024425471678790063,-0.009816377924733938,-0.0639381181772235,0.06574096158297951,0.015400835182920266,-0.0724427103756257,0.015322830844172512,0.04212460352304829,0.01690314472567471,0.0018824367205204228,0.04859625217972167,-0.022650135262328806,0.08185989605298821,0.0047883477834147975,0.022897421907756094,-0.023434476356692324,-0.033593391519098965,-0.023964086620779708,0.05730512180888249,-0.027400624885023733,0.029705539031089946,0.05232090830615935,-0.0021569300371650562,0.02860006552955272,0.025497081318039665,0.0057821729251392295,-0.055319744122731634,-0.020805270664749156,0.06214593347900173,0.031455670373740766,-0.017752266565095494,-0.008200020710110863,-0.0452069108656374,-0.0018281502953894685,0.013116689551379946,-0.004489729274522666,0.04417254844334252,0.018129892750431625,0.020802427197703307,0.09370001687014304,0.022381121646470815,0.06314003761997197,-0.03202264197810518,0.003142259391916798,0.06393377391993726,-0.029757523759236147,-0.027114131575368176,0.013186448744126764,-0.07260414059709167,0.01587464091573588,-0.03777819894007146,-0.01849967039128321,0.013787813458940267,0.042010930429407414,0.011633911146512441,-0.013240632630774943,-0.010005151986338315,-0.014303297767640114,-0.02724962045712774,-0.0006894517753049581,-0.017079853164713665,0.0238678701915461,0.010955781971142189,-0.024587953288845662,0.021799605379267544,-0.042464331898255055,0.0024620612743481395,-0.006055602016940842,0.03000734557439009,-0.01447234099768056,0.044380559115646805,-0.03363902517510804,-0.04496562570710264,0.1399326960252155,-0.06067934976511321,0.04985656646758729,0.0008889657767690117,-0.050252773627340826,0.03050322630332921,0.04356585461674333,-0.01998083349219487,-0.038815860330980057,0.04875713987194735,0.0015978078039527498,0.09229421742665503,0.014705231402125304,-0.04479677946789104,-0.0344902690035345,0.0890421070302743,0.04966689501617004,0.03463557092216698,0.010695762883859778,-0.03400004270583955,-0.046936562118860645,0.03827346011772857,-0.0005545547055012794,0.03479982955546209,0.030492105671989882,-0.05912353093814826,-0.04677138951932422,0.016231771744843224,0.008725860830148003,0.024935567961376238,0.04060967160473071,0.005049177110376768,0.1439382601302409,-0.08101234120673781,0.040935640278416126,0.019224884921683606,-0.029307846944182682,0.048805090945060095,-0.08929284524442609,-0.037725000806735735,-0.011998509608906227,0.0897232960554108,0.038424061986773686,-0.08332165054334133,0.005281566591986637,0.009539959689827354,0.0383985340035194,0.07332535225463534,-0.1339157760291566,0.08837335740749169,-0.020196792028895957,0.08972547639262926,-0.09020880495100378,-0.010943170180915328,0.01919049648738649,0.023175482612494462,-0.07806265898221261,0.042901155016218315,0.0243393893465045,-0.05374783668234677,0.018251782804940664,0.021892422382967895,0.03239182465256217,-0.03535645603992516,-0.08488835974183093,0.033610261095444786,0.022464652004834464,-0.032797172844034765,0.04253178395872267,-0.03154955377014052,0.009823940921463072,-0.026687806494375143,0.03996824808846337,0.009314564374789053,0.004720252335788616,-0.0237974554329233,0.008413749327728806,-0.0022428095060221154,0.031352971515020193,-0.033983692348877985,-0.04150575547407654,0.05826928549939521,0.004073541569221444,0.02931695830346028,-0.07795721404203741,-0.014032257988862649,-0.027545836661630383,0.014070290381930813,0.012968126224422859,-0.002208229509281867,0.0013483505913468243,0.05683167607763882,0.032677872508878214,-0.03466296141728899,0.0012742378992526792,0.056139516934847145,0.0011659648840343562,0.01587422040125666,-0.07090723905508667,0.05144089658451423,0.027213258953077052,-0.05379639313596044,-0.0930519545890149,-0.015219177623015757,-0.08410943308121593,0.09009252542145342,0.0037242110228873056,-0.02917969457640807,0.022002388309321625,0.0042740403931360044,-0.06912464213827126,-0.00492841684517224,0.042004619198953395,0.003798411917794602,0.008036690111662661,-0.03454632248626751,0.07967682514662057,-0.04728446808363386,0.050416993710665076,-0.05546748404144023,-0.032016725160921446,0.031116543382112616,0.014529415582446203,-0.031657271801655215,0.024395567722887177,-0.007234685463589342,-0.02182435610936877,-0.07762315733470991,-0.0005148783298295926,0.0006694673543390776,0.02779000224575567,0.04493663970686648,0.01021869478899415,-0.002356424424369696,0.017571961590589675,0.0078092397324984195,0.06654680403684315,0.032563928464812084,0.07838643407143572,0.03810716738082652,-0.00743019492303677,-0.032373903000935164,0.082729458500321,-0.0012730852986172398,-0.055925367451236704,-0.015396324754135285,-0.040602042549393216,0.03819769849328274,-0.032644605114297676,0.007562201924026973,-0.01814078387298743,0.007712238392470786,0.0029088359872859433,0.007788858353756759,-0.045606180964109067,-0.022874287501379178,0.02218089070580519,0.0009920032070334412,0.05322001101535239,-0.05044896366843563,-0.028944014161974847,-0.032265059021853976,0.0066364065625311814,-0.018796792560165698,-0.02395335250038186,0.05543075502173108,6.611920705462042e-05,0.0037761061943851963,-0.02735460057977356,0.013085595780210289,-0.003459117038542816,-0.04553304680334561,0.045688033102787434,-0.04666238110790381,-0.0004080309741106534,0.009053909240231908,-0.008725727417656107,-0.05935676819509292,0.00585454627868919,-0.0750386257840261,-0.019072261811639048,-0.013274851162524665,0.027223321193105533,-0.0629539826162093,-0.03690190833760673,-0.07750176802776657,0.06371679399729016,0.0037414948655384557,0.03878005254898838,0.13887489619456903,0.030732319745179357,0.12115343858543082,-0.04822012693334574,0.0004442066446754051,0.03650273473768564,-0.03853310396533911,-0.040243201795696,0.034900989908036875,0.02796843215357295,0.04559333407343882,0.01431486908125637,-0.07478248018389379,-0.04524324456831511,0.04186851106708095,0.02880605211935197,-0.029591743027110765,0.0044585893447378466,0.0433806332124268,-0.016879064475965325,-0.046848478494289074,0.03643560884316651,-0.007707270160176483,-0.006905036248329247,0.024692396932616,-0.0011661536008682177,-0.008857095313714924,-0.04493556970731967,0.0038953779281175357,0.07026329694074018,-0.024619056714215746,0.0018891923643176347,-0.00438484657770224,0.06588412312539624,-0.006896897961501792,-0.04267850054870426,0.014069511357033045,-0.0722590568121894,-0.010418115656819287,-0.01708858676958965,0.04487509284072339,0.00081776319429701,-0.058219881142472715,-0.007466048764488161,0.020883415632968676,0.020218720023351948,-0.057626251547763865,0.08921255993405218,0.007741668623160828,-0.03448569292609889,-0.027426311664068236,-0.08636236988451158,-0.059499079276538344,-0.02558472843014493,-0.0032338153080168743,0.03028175286483888,-0.03211351153066339,0.04084121894811637,0.040366758443920604,-0.07876225687629,0.028889618813785198,0.04166798775731095,-0.11542845191906989,0.019668928016646357,-0.05848192649811377,0.009992406325294608,0.005360873955147059,-0.05008037161724429,-0.000827321304160041,-0.001710300376504636,0.03644165410762313,-0.030119470244407243,0.00583651702883946,-0.008994178857793847,0.02490233384748011,0.008050208610576148,0.015529226592520587,0.004756248724714077,0.03527628121962888,-0.05140751226219292,-0.06099826266373984,-0.016682699542027987,0.09564816137384874,-0.007856649537987816,-0.03593761950239203,-0.04214722582537946,-0.04402111447803093,-0.009982494129536418,-0.015784446236062802,0.02293682470516091,0.047980890343104945,0.009107623089565343,0.031052092339644673,0.030067423106791953,0.025328679979286655,0.01669053441514422,-0.03942083674090992,0.04834078092762643,-0.10769383895261643,0.025014227086930088,0.0029582849826984637,0.022919309056829033,-0.14351559686223467,-0.026950984757802797,-0.0379979484136729,-0.028850870460781917,-0.07486431510236789,0.09868665129437701,0.04557123029109895,0.0212328443666751,0.02061043577716602,0.04874191140447672,0.11947577203651032,0.00037585958695869,-0.05362921838094398,0.059828721121075755,-0.03849132758991646,0.06195085682051609,0.0038687396110271186,-0.0898241125392713,0.06420622302443318,0.04871752465088112,-0.010955818081112668,0.041674597632785595,-0.05701635382611906,-0.04292622370493384,0.009628113362078222,0.04131544725104792,-0.006980041316682223,0.01840088202541277,0.08086889967852733,-0.037841722765371864,0.06095372785864049,-0.10016074059584046,-0.008074973279389996,-0.05184635210960885,-0.012524815971508592,-0.014927153237720847,0.03399867910512508,-0.013186755865936976,0.01832079633879124,0.0538607318200116,-0.03788441639983121,-0.049460664365426024,0.029948005714218216,0.09967890734305604,0.01483934396699991,0.012716662234973084,-0.03950594403569716,-0.07389588287849622,0.052599094098260996,-0.05836464178891603,-0.017200820220832053,-0.06101600086847227,0.042905711400280176,-0.05360143665433673,-0.06571489486230041,0.05801618824527159,0.0007679857880183104,-0.04520476493478242,0.010487586170226607,-0.026525124743020625,-0.03704728133244327,-0.051274401023524756,-0.11849495081438687,-0.0012545464572036777,-0.003433439612809086,0.02368760213422804,0.04334803938606646,0.020029377988740486,0.006156950717577059,0.05335439243686741,0.057102035315342685,-0.005125379018466516,-0.019527776524438975,0.03631864134773662,-0.06202986283440664,0.05841313947604006,0.06625225591525344,0.06666807275923894,-0.10063805039205614,0.007933435692705139,0.025924324475998746,0.004772004742417001,-0.14485114511151134,-0.12273109082833933,0.01315530403635968,-0.013728551449042158,-0.060567617970637734,-0.08461654619606744,-0.03325680718958265,-0.0339882921063359,0.00837349934944506,0.026490111979389948,-0.020770948092976863,-0.039197229751849055,0.052259972052285754,-0.023093717918550007,-0.04191620937136386,0.043813672042073835,0.0015071738137452848,-0.021200475262117418,-0.0029209084890714984,0.016676124776892922,-0.03873645933431333,-0.004949572459168778,0.05843814585067201,-0.06151426461925527,-0.08961421281345376,-0.02011169551041725,-0.09994211686016569,-0.05650517861390108,-0.04260189830515334,0.03488691973067355,-0.004359349455019137,-0.0017263625831879018,-0.0761425541268823,0.09513861981474929,0.06425935915124599,0.03640579247094906,0.003983155680379326,0.07920669800589777,-0.0027558450970003546,0.062023032770902105,0.0009297842678172751
-0.012731923474440528,0.048245808190791405,0.09066892155079784,-0.020012541189967505,0.0205963564409858,0.12878466933982224,-0.10341903145785299,0.015039630374587398,-0.05432602756514602,0.036788698010175216,0.0009614142750287419,-0.07800851358951824,-0.0449818539165245,-0.03636858024519848,0.08460612868250787,-0.039849196146385414,-0.05575768606510169,0.11385895406918625,-0.027561084399185816,0.032103054820939725,0.07286625244195298,-0.007594236434554643,-0.016833356653017995,0.07757513201680452,-0.01312417558932481,0.04222000474277585,-0.054884354949028887,-0.0533808494143413,-0.050783507114630776,-0.019160211166876728,-0.028391313574482015,-0.022507704830694645,-0.06401744575474322,0.02078899600414522,0.0003863794857559642,-0.03672740609201617,-0.07904940725940833,-0.04387345140848563,-0.02157130088340538,0.026796566065320854,0.054621512288672396,-0.05551381432390563,-0.059213583498316624,-0.015756908713946482,-0.023935359364494323,-0.05917825831594323,-0.04173200353766462,-0.009252833552763748,-0.04716046313069405,-0.10290302334584484,-0.007352623431620577,0.0051813573956272525,-0.05004916225201846,-0.06528827724192388,-0.032465077316003246,-0.03798162327610859,0.049572982039517,0.028022845971917277,-0.004540766298077962,-0.009978152357571341,-0.015005652247047498,0.04006176559780372,-0.03202827718707725,0.022907748359311513,-0.01782778797657157,0.029336869395845285,-0.024520924733716087,-0.003366893862787352,0.02619305694593422,0.14267512639846042,0.03704742967876743,0.017858647347246515,0.14528835928548206,0.16292714384872378,0.03193794926808107,0.11535345673596194,0.031146299333906096,0.06869626907697862,-0.033499418542956134,0.005220977317628,-0.015502943904865008,0.07255068742963407,0.07674619391656874,0.015919240532822922,0.0033049149146863145,0.0743067018954078,0.03512077738582927,0.005169378485451653,-0.07506529365698465,-0.13358856231315558,-0.03952769731860182,-0.07698041138176587,0.06821759546810134,0.08048896780852478,0.18454551562951516,0.048845710634083134,0.006529940638761844,0.021064248482274766,-0.0856954938790309,0.0705736015219863,0.4108447119783342,0.3203873435813748,0.2072227723708785,-0.12909265298868622,-0.18627584618972368,-0.2522702663292146,-0.24544491962359746,-0.09031105154778252,-0.082549587740747,-0.02201776566486675,-0.03078615372273894,0.05761469820188582,-0.04525355531343701,-0.041428548112229444,-0.04075453371443487,0.04387697920326237,-0.036678774650775695,0.0042678949401588175,-0.020131978170432264,0.011025909264286971,0.31962500161175783,0.37711583390972125,0.36648281518464854,0.04043870490488979,-0.06691976278033465,-0.2439764573659525,0.002466328674133369,-0.3337626996641851,-0.12781489867104623,-0.10737882025173125,-0.03585043240109328,-0.03682974771144149,-0.43767322868534636,-0.7281155883880899,-0.19826380878339186,0.14790797166686656,-0.1370618221826924,-0.07384199243930137,0.021519039177327885,-0.030508881872514305,-0.007431501216348622,-0.06190550572088569,-0.02289255705461285,0.08173657218870212,0.18505484352231374,0.24193798132105176,0.2852039332338035,0.2606429632195692,0.0523659857095325,-0.05569498637314586,-0.1217642828104072,-0.3115800297062848,0.08608741642144316,0.1936989076684165,-0.11376413173376076,0.1498575558833035,-0.15986703048612838,-0.24046868229343615,-0.39463685049374264,0.1432494698595663,-0.2848019746196836,-0.41281619110311885,-0.5538050660720389,0.10178906755091698,-0.13566230981434702,-0.43510273686532325,-0.12448794621172501,0.03909013943592847,-0.003143853127511302,0.0024105310736664237,-0.054354920968813766,0.15307093702687535,0.16615269376178268,0.20957945539126027,0.3635709508478559,-0.08044398516218283,-0.1621036410805719,0.08257380718568096,0.1542728055940206,-0.04272178055887382,0.04353063574238489,0.10735532594990801,-0.2959813553093904,-0.15117390334781194,-0.041305494065265576,0.17937042481894766,-0.09902901749804385,-0.3813173126562226,-0.6462188112695426,-0.27062230864324377,-0.06700908581507324,-0.13014735207313483,-0.3705993218222553,-0.4854511182878671,-0.3064676341270988,0.0697171851100573,-0.053426935075233106,-0.014663305765120392,-0.06094571109168301,0.15807255099605658,0.26079160615933633,0.21438292366422995,0.07688066103691045,0.19098548915532518,-0.10960590400953943,-0.09016849902382396,-0.09046732991895,-0.3374423242582813,-0.4438292111295801,0.033939974466419665,-0.07649823800610278,-0.06885150356047912,-0.09968641131045657,-0.32787892924916856,-0.6032092670771114,-0.3277628814692523,-0.5262226341565317,-0.2190697731246224,0.08655702801780345,-0.051886333798664704,-0.20120089264527138,-0.24577095244054362,-0.11484733011421917,0.009310817850534834,0.052031873808611136,0.04820860413413558,-0.07046666027327046,0.2031272201813756,0.3341711074341663,0.042802523034400124,0.2920237445520746,0.35975713320915764,-0.3389506920022439,-0.5809617840189282,0.061422511946279075,-0.15942702186994945,-0.05326676488319769,0.11157547348685931,0.2298953226216766,0.2993711053744232,-0.08106840808989216,-0.23868846415691244,-0.10947171235321518,0.25779254733233636,0.1730322805226167,0.012205122413694581,0.5391393510628821,0.35303166342644177,0.21867921876097113,-0.10682337725168826,-0.0165050327367865,-0.0017362847734384496,0.028415516097439652,-0.08420859840649379,-0.08474844120408548,0.1344318154228953,0.15337082038243707,-0.01379048705427762,-0.11325428870731105,0.08919407993028199,0.08878602636415296,0.12772672036416008,0.3533284965527568,0.04501089186475291,0.2791876877861911,0.3702764980923761,0.3580593216755461,0.844550093545655,1.0276349404819949,1.085429995324249,0.7542820445885275,0.8644612118905737,0.7933102496365321,0.37727760793044574,0.6499937070994959,0.3964977611389356,0.285164977369778,-0.02858473327995976,-0.04520439976478268,-0.058522633936705586,-0.05662544618997422,-0.01648591550911008,0.034927058452835044,0.043442926953418816,0.03231524221073204,-0.04763289614936633,-0.12595647390635675,-0.02419039766820903,0.02526097259922973,0.003233836382771999,-0.4079935483082509,-0.09533622034101347,-0.09312234811535806,-0.03866810208319813,0.391705669817283,0.4483127276518505,0.9179936390462511,1.0282949242203119,0.9568712839160197,1.364118196263938,0.7710937750501422,0.5081781689479034,0.5638865156838898,0.43430438652049735,0.195119554256046,0.04276241692829145,0.058816893029113054,0.07702692326457927,0.08358729834579104,0.05016962587485809,-0.018325322776834203,0.009977691965812078,0.09948977623025772,-0.14788734871353712,-0.3786354276924562,0.06448252198830735,-0.1398304423927259,-0.07642254783744057,-0.005397299565490054,-0.49188736039315234,0.36767351535761433,-0.22250738944645898,-0.1504605939974843,-0.024017813363570086,-0.15872977031701302,-0.2205468863127132,-0.07095707059633415,0.5289280927890133,0.8846948898433351,0.46706713459364513,0.6394612002369754,0.39153861235796683,0.06158922417550057,0.01609241321903861,0.01692400480794051,0.153088020100024,-0.013073736025597193,-0.00313382448036391,0.07318458767645383,-0.0479327079893745,0.11154398470952094,-0.03555014056305695,-0.02576345408033749,-0.3232773789239783,-0.2746727304788194,-0.048656952324062044,0.3835675929875933,-0.2838756109308181,0.0488988438246515,-0.025693650063960426,0.006452643680520673,0.08236832862081608,0.2184048306649572,0.39298437280418896,0.15172869176330567,0.08502675277816167,0.23572730368681266,0.28305051404117115,0.4228349895610875,0.36193557018466854,0.2299543997718218,0.06930555852222467,-0.002381183297611066,-0.04057440621116687,-0.05252023278208149,-0.030987615499457423,-0.04441789292878102,0.054896893935776056,-0.018129180756089408,0.15319543621718726,0.2608932671113708,-0.3056802372040642,-0.05465253315725892,-0.03697446459892198,0.15186123279830532,-0.3864957772971381,-0.19064297120092225,0.3221748545716179,0.1470535836456667,-0.09804596259476678,0.007705510558531808,-0.028948297503952947,-0.004902170100945931,-0.12902731880586163,0.1116847107116553,-0.13278911136857313,0.23872537796984306,0.10896171073416182,0.228168772531305,-0.014514839464864907,0.03663565885335638,-0.05005126361541111,0.09920805481559071,0.005845715252264599,0.066960188266396,0.031805384598562456,0.017828963185466944,0.5615884436792996,0.4334836147020614,-0.17815222102253736,-0.0464043420783929,0.06698088530030029,-0.15038793190757596,0.01861005495948652,-0.41183366373603275,-0.15649635055587843,0.08447601813439322,0.012917529649750155,-0.047172494071001506,-0.10330451145809315,0.37594840601651797,-0.09757869889600801,-0.22676000191843232,0.0878636667504701,0.017924357833391403,-0.022346549228398408,-0.04969265869515128,0.005182969251233889,-0.0349792393231476,-0.04650545857329618,-0.011013756593614026,0.059802652577534976,-0.01624396109057721,-0.03811575332665894,0.00178001380611573,0.47389780248558167,0.5694580496943531,-0.026635737405209043,0.15123497485142684,0.4052876486210863,-0.0014109263176610351,0.17483481319793856,0.51527653123698,0.30759638214968765,0.041478191967936395,0.0293969245950358,0.09627511694843428,0.3084481646129976,0.34580531927337044,-0.12985179507894667,-0.2055460087731244,0.3502972528976397,0.21321809486193286,-0.18834528350075053,-0.09241077268541571,-0.057773889756606536,-0.0011635921746624667,-0.033917759875075525,-0.03936871239047546,0.03465113186232344,0.0520731798730968,0.03339611058436489,-0.0032546752788678865,0.513498338670401,0.7344194998120308,0.5104819984955369,0.7352063919829346,0.4514401628889879,-0.5016126091630523,-0.2115808468483417,-0.11425261164194364,-0.3711231713086236,0.0979412338923888,0.11829997799570545,0.16489686784902485,0.1608093403128995,-0.05646863775355697,-0.03359815740301906,-0.18420328489599144,0.023282586638663352,0.01209039813417032,-0.1319397344796712,-0.13265131262020508,-0.016611019612546706,0.10149866068770594,0.06294393305840015,-0.08137084746683769,-0.03810284777787745,0.04759917099530207,0.011837488367104404,-0.07002597258212842,0.08466115773606153,0.1116193557556659,0.420212623383165,-0.18738000538636093,0.7300189950319612,0.3127398705413747,0.0993699083207361,0.5569826227523824,0.338070159297598,0.3523241185910457,0.2552820709995803,-0.07527272173060427,-0.04472701788580647,-0.28133650193771254,-0.41790431777018916,0.3364533791720659,-0.16850682752172855,0.06271527111115174,-0.2583698137153578,-0.17113029919280257,-0.06966541155187186,0.0312850826571689,0.07706785321820418,-0.1029806008126193,-0.02974446823322862,-0.02191376763871046,0.11866719113942487,-0.04641689010589612,-0.11650184242550898,-0.1393374909575193,0.07355203662835726,-0.13370536914173706,0.9684279122343834,0.4879013269692273,0.6873918634487514,0.7769083157884666,0.40597913482257786,0.04894018158893447,-0.2532090605259535,0.0066397439089993585,-0.06528206272998506,0.0960863248281067,0.06492494582997602,-0.16008472965638842,-0.30483416803733426,0.1596775303790108,-0.20197176526262944,-0.24514030931781974,-0.006371167306296259,0.02191063016453668,-0.009971071656796324,-0.039398879295896895,0.007646712971821972,-0.312686529200632,-0.12217203861374068,-0.0725019998796503,0.21350496964006815,0.21426183885123393,0.10558871991049944,-0.16383144352269613,-0.061171482815802466,0.43808026542841816,0.14561995890759832,0.3799234089198385,-0.053387290378736414,0.15479331874396657,0.21725064728903426,0.14858119966956632,0.03581922664089952,-0.017661457439506964,-0.25285641570190703,-0.04001609125567247,-0.013336107547771908,0.027273045994422263,-0.4012623001013733,-0.31555200114031096,-0.05276692545077227,0.1102722386277933,0.06880194391422219,0.06777054089661401,-0.0366828935652523,-0.18733170981755828,-0.2581391048376713,-0.15059474760330638,-0.11831239580648209,0.19852540142206992,-0.3406671917007335,-0.09847750314509669,-0.18415986264860706,0.012856654904263609,-0.09411632833854998,0.44993481414714304,-0.27869023980723484,-0.18049355060819688,-0.09154621748032248,0.11158324053488645,-0.2815629107319708,0.1356356632484689,-0.048309042851746004,0.26232961579306335,0.49986375111329573,-0.22509678682358458,-0.31727836024244865,-0.1359684190003874,0.014542184365467331,0.00513316149765716,-0.0031759886145756155,0.05172640228003525,0.08088919917906183,0.14563447872129834,-0.05372396003661607,-0.13263172127320957,-0.1914282844174738,-0.10643806826313924,0.31959271706791054,0.27371392980019743,0.03555430336946396,0.11429511686333405,-0.4536796804424736,-0.1579744108211615,-0.21710506341775812,-0.36768675424959624,-0.10066408043676446,0.4183888289547407,0.022318660150821748,0.213916038928233,0.0670331031230238,-0.07977656739505332,-0.18154472413866415,-0.24330698950413424,-0.27694971811251995,-0.06960944160630043,0.06055163902068533,-0.00018624659928431178,0.05202487922538286,-0.06921519905087069,0.013970367541496458,0.031005474655691895,0.06903481778707869,0.019789227750613196,-0.18765987888360774,-0.01348799153747897,-0.04174740528200084,0.49089847430459205,0.07700226676586581,0.00972542402591307,-0.3793893505811931,0.24101401921703766,0.11881343328068067,-0.0722638913362857,-0.1426135935578696,-0.055107362690449045,0.17009350232848536,-0.2457866095602696,-0.12878710807807697,-0.06000482445073143,-0.12034096129019581,-0.14107483090780903,-0.15749538614941808,0.07766701648990845,0.041630548027118464,0.0031063997265032314,-0.013164864385805611,-0.016557138273826908,0.05877424900251955,0.028845533547869763,0.00596916872936236,0.17731091420988174,0.059244837040556636,0.20416140649750034,0.15518975879238736,-0.19046836756411797,-0.30345865419687307,-0.047047497242022375,0.1396943741494275,0.07537004963171115,0.018807643884513284,-0.27217001599769813,-0.25786833948521115,0.01553712431414339,-0.20507608722628998,0.4629324004850054,0.4110717815164739,0.031267568243428655,-0.018454576691845623,-0.08509637350375203,-0.0897907675452984,0.0016951657673989035,-0.012175299730413203,0.0007010266422289574,0.06073276576912631,-0.01677864217393874,-0.07233705016071137,-0.00425634825120397,0.05010082174234163,0.12791712046884754,0.21769729030301138,0.2759437364763397,0.316876943233461,-0.12271328919283901,-0.15027232934279297,-0.07210779227785648,0.01596481184362446,-0.1801730623723842,-0.0932421205746406,-0.003654388462847289,0.0490089333235842,0.28344496442175826,0.001258869689741611,-0.18726592165493783,-0.2008619538586746,-0.12943340662506872,0.07473318323742725,0.0085982332610001,-0.002785280342196044,-0.004415749072023481,-0.045153228882502644,-0.0024050140908072623,-0.019185101429957305,-0.10193295617792725,-0.001474721875053955,-0.03645914651466177,-0.026013879819396946,0.06352411019560643,0.21305181872494047,0.20393710512071975,0.09430389775121409,-0.041899801772409956,0.1172659407054738,0.14704537801586257,0.08364157141338754,0.17099872550382048,0.2759616584959217,0.12203850180650302,0.04924029991193785,-0.06554774379714963,-0.18995198075771788,-0.10579243312702835,-0.0003557645744595405,0.059437719444583675,0.0633134519228366,-0.027869648077708996,-0.05473774536424487,-0.0032150689727427346,-0.04513301858724737,-0.0011728446184837685,0.04971085104760051,-0.02238751412683932,-0.023290309448152528,0.07711856486572734,-0.06852977170555147,-0.040214111287554616,-0.012494414359051033,-0.07849622455594907,0.01353980800459416,-0.01093862636227226,0.006097712915192401,0.009117929771961636,0.06547509629255083,-0.02599824081694109,-0.0085516389676259,0.047474618382186216,-0.006273182209537719,0.12966652352227112,0.032530887528422016,0.020774303040108084,0.06705701653087881,0.06816637392324425,0.1326463250702014,-0.028204336833040262,-0.03940989001415727,-0.05348552356275693,-0.0496401306192869,-0.0289534747355494,0.08507153035699723,-0.0815204431853527,-0.06202931659162942,0.01939923784028045,-0.005880970975817713,-0.06360834719592319,-0.1379626836008294,0.019837882915940228,-0.04729378272341746,0.003389029398946835,0.07212195098284756,-0.07868181722652341,0.03447205139032893,-0.005351135335049106,-0.027156188588036905,0.09203674717506104,-0.08021664941037253,-0.10408900688402298,-0.03158031033911225,-0.010985483182933806,-0.034301541251848186,0.04941317701695654,0.09799218921901764,0.023311662602892278,-0.008068423359862383,0.013340988847683513,0.07429327635162791,-0.01786349469320691,0.005419082030558075
0.03309266006912516,-0.009982424482066467,0.10912775634668326,-0.10687128423192317,0.013961529883299644,0.010673832073522654,0.04406693786410343,-0.03913769130686372,0.030224851615205363,-0.031860494610048966,0.0326207010816959,-0.002950167704444619,0.03808165827679789,-0.01630969080952228,-0.030854378557930405,-0.03274800612467707,-0.029855981309755714,-0.07766675539997676,-0.007742592835343238,-0.02850521360904585,-0.0010165592247226357,0.06837398053293407,0.00011747703997107423,-0.003447791472278335,-0.024450191501011256,-0.02794652724385429,0.02525889200271949,0.005208472252257257,0.028290518561355837,-0.010174221393574979,-0.04691155247258068,-0.07305654474102045,0.0015213153010431833,0.022288917995084246,-0.013317747339794402,0.010742591538560603,0.002190273042242994,0.018882564634398143,-0.012895439953401195,-0.008018462943396767,-0.03967351399879406,0.0007166222242007489,0.03442600613877177,0.0347667094693196,-0.03856169149712049,0.013691698200218939,0.08026024327874309,-0.0051733752702591085,-0.02127317914957501,-0.006751877182836648,-0.008449674202049293,0.01384392004229642,-0.03935706679716904,0.0034757194488032454,0.033679660042752635,0.06712064681364319,-0.001212136515762984,0.08584570213838918,-0.042928822076584355,-0.1132133436077566,-0.005894551376375069,-0.015772569237786777,0.012343321564919782,0.051591030954286424,0.13550859866747036,-0.014693701064571475,0.027815028254775873,0.024744236550176567,0.027687114704646573,0.01428195770634822,-0.009956879897906256,-0.03734345813894868,-0.03261507434825566,-0.04630479338889145,0.00590135755910134,-0.054302108504844473,0.01856031589245568,-0.03875339117691811,-0.02729319971181505,-0.00962019124562629,-0.03411375429478937,0.028339752889118476,0.012672430802736069,-0.02213929802501705,0.07425572783516605,-0.026903794614967797,-0.11624135535162176,-0.023110754635961305,-0.1222625989472056,0.010483027479734815,-0.04231783328671104,0.030723726373080382,-0.06409802895156005,0.05132564085485505,0.014095628653331334,-0.045585910341635484,-0.07811714301564082,-0.0070651572534398506,-0.03128776824543679,0.06561921245278769,0.026310575243042072,0.0038528243187225895,0.015883660036975854,-0.04286139282766768,-0.02711168762311803,-0.04864357180035515,-0.045319040381615695,0.03659464775331455,-0.04810352045510035,0.013540759316209142,-0.07717285169296245,-0.04606807821744189,-0.08988356936355335,0.05965010401466135,-0.00613635430005069,-0.030967208221293976,0.09110951051722388,0.07899624881618493,-0.10799944471050127,-0.010296253206630183,0.03265552508685044,0.00574135539028519,0.017787631233181087,0.01040668989404214,0.040671987739667834,-0.047414075474234284,-0.011438278873393767,-0.018678662567316755,-0.03086717460618882,-0.0028128739452485205,0.01613290894742871,-0.04299888820307158,0.03690144990592143,0.043505472555090095,0.029117828264424946,-0.011546132529215701,0.05996637053557098,0.03968768718114895,0.07427804241374925,0.025560744206691487,-0.10636209779817142,-0.029853285461874726,-0.020920370177256384,-0.010123861190683255,-0.04036784195990541,-0.06856974798815292,-0.01392630989099101,0.03743362325481834,0.049378230675549535,0.09837458612572811,-0.0020049140125756783,-0.011697907977314617,-0.029333643961190564,0.0334044592185329,-0.0005291652575411439,0.06160834818449261,-0.025328228603043415,0.010200430023831038,0.038936915725668875,-0.01465238516167489,0.023763697854525943,-0.0346955037577343,-0.018409805521735424,-0.006083896594798618,0.014500032915950799,0.036372535830496835,-0.007047176594246089,-0.01577271953654255,-0.0020025110039126916,-0.03830653157411301,-0.05101821832705073,-0.07291042898631572,-0.041747398370755535,0.018572325910466432,-0.02771505769462908,0.005844348674472029,0.004518149613746353,-0.06227560193816919,-0.037725300739100846,0.007526919861404172,-0.04066781368064869,0.02477756710658162,-0.036104809909000654,-0.010517401661649583,0.013559930735982051,-0.02460260845184628,0.03775014534601008,-0.06667913543313919,-0.01838054691399348,-0.010217685583436307,1.4674279506402478e-05,-0.008954527123968327,-0.008244979177854498,0.0264763582404827,-0.024695817308852265,-0.00303024235402356,-0.06327898345834101,-0.029393620764067315,0.004187116417689089,0.02717505661663949,0.0017730752637897553,-0.028991681562525302,0.09812840114898112,-0.02982066145360619,0.020417423293479654,-0.05389061981965996,0.08640279932618833,-0.02640197780272023,-0.02371880118792534,0.033243478140309674,0.013376676666727786,-0.021913824931859675,-0.0030799288176752205,-0.008092306518576651,-0.03702326420989101,0.03718616739241386,-0.04697603006335844,0.0456424020910426,0.039076335767854124,0.014153666788980229,0.0253707227176669,-0.020698523696060133,0.08394195939051492,-0.043040609671528576,0.04377962354509876,0.0714564372425362,-0.030364430788507327,-0.02926702072520833,0.026292409355585206,-0.03587332278215768,0.05367217068512244,-0.04238738886933045,0.028839925377115598,-0.014613198592773451,0.0023483232672606253,0.004998289210545349,0.023083020180360316,0.035112758068866316,-0.00575622116129292,-0.0006997178586526222,0.03932805956215295,-0.05408316300936142,0.029265718722800448,-0.023504917800835485,0.07638097602674955,-0.08301425267121945,0.008346420822325187,-0.030245120462395993,-0.0021041551042452083,0.023137241898658494,0.034309691054204006,0.05077329975170797,-0.0377545707846772,-0.01723972007218281,-0.03706175681230857,0.1056037734689884,-0.012108177954207504,0.00890982542625622,0.02781543819499626,0.01739190482790416,-0.03200963561472223,-0.002874047665384358,0.04946541855954588,0.054231244163288415,-0.04748427363299558,-0.04082397286305816,0.00932836068276745,0.04159554011887246,0.00170249209574607,0.005898744751456194,-0.009504028448660337,-0.04999100141334258,-0.004285442938260911,-0.005503823235018604,-0.05429294747027866,-0.03209876597973668,0.03903096367560205,-0.0017957151045054876,-0.05864647327380851,0.05279011550355826,0.005223678082070451,0.05653901868230248,-0.053980020727518306,-0.03003002219584744,-0.04380851681462238,-0.02010566183339933,-0.10132793585332787,0.06657135842665286,0.06129040167521368,-0.0354717957699132,0.03363378739002093,0.005945919194472775,0.005642892654889215,0.019212326176795302,-0.004412080564676851,-0.05293196998974986,0.0017796121799175607,-0.04126537029014771,-0.008161351849728991,-0.01639435568305335,-0.030269751460136482,0.02034315111343522,-0.037759934130109626,-0.019838695476289588,-0.02600915468858387,0.05367801263636908,0.024078058067706576,0.013159847617263434,0.04854759366358002,0.034309962579587676,-0.09735185254633588,0.022095545739066868,0.046523521239835504,-0.06178625505371771,0.05009663966624365,-0.029393630812849576,-0.03244575309588382,-0.0540789963752781,-0.021087907816077948,-0.0007810183368268066,-0.015270826344200626,0.0046102316122217,-0.014062643152696975,-0.031998539034114114,0.07782112544283208,0.012111619292867548,0.06290696330652282,0.03719578014234329,-0.0009512745107014257,-0.0354733795899269,0.013140212393651879,-0.016492053171806586,-0.017556021346204168,-0.1075403675556144,-0.0006314082591070185,0.04329579411032907,0.016511603136276688,-0.03417973284885355,0.0419320535140068,0.12925954301465456,-0.082921136151933,-0.010482031850254333,-0.0356280748237758,0.018825055883021184,-0.0115311744619914,0.048690825436754584,0.03986585142510247,-0.05002359465983358,-0.007008668688530477,-0.009774316385775054,0.042822796010959126,-0.0018093539660610477,-0.0031161175070479412,0.03457004818637144,-0.05006196473662492,0.03150299409315282,0.006028316220972489,-0.0024258169274043897,0.051222774584234694,0.004234907523156971,0.06314675250909865,-0.002799296760596042,-0.06351889394651221,-0.010787200192804974,0.013096163975992014,-0.012415344328336742,-0.0319074866131007,0.06528528314321473,0.08104443672687134,-0.026511265442451568,0.03452823366115942,-0.04939401349765092,0.02147647961692941,-0.009285412302067909,0.005075706751878704,0.018834516676871946,-0.0018236644006414326,0.04012856817275844,-0.12975117219535717,0.008237195501557435,-0.018030079875695226,-0.01119823347335118,0.005988613711808693,-0.02720008694183189,0.014726401120248854,0.01848126447651367,-0.04020753042188737,0.03315404738095681,0.041437506961903986,-0.09366003847312615,0.03558379942665344,-0.06252850812707365,0.01315100705177496,-0.07086337074914764,-0.013653221270449245,0.09805141864202123,0.010555978627098988,-0.06289588177834979,0.07600846923171266,-0.044721366154579986,-0.007068253755769659,-0.01626053601120348,-0.017754535596679298,0.0389169136701506,0.0092659311866726,0.05111609459561591,0.02288728464818243,0.00019152582668240602,-0.04546927385632223,0.027991245801836734,0.013659621612295532,0.00450978179522882,-0.031384104159422395,-0.007623826131313996,-0.026335988997065334,-0.05048171981519291,-0.029387810611736835,0.008503022841679303,-0.009938689968400439,0.026820329509152727,0.013506251520311527,-0.020893563818827832,-0.060727161597701335,0.059689341043256815,0.009422686847297797,-0.017300686687924522,0.03437468422267844,0.06708046422857201,-0.026690450882455908,0.04639893109888088,0.03885021807835268,0.04588891635291041,0.04710460894648553,-0.05872121282136121,0.03201301749864003,0.014009943767259312,0.01410508927249248,-0.0012993818259856389,-0.042495855641157404,0.044837124072895425,0.005133539413486675,0.04260822091552937,-0.05368460793157635,0.06197999870829688,0.08499319935996023,-0.016952349370061685,-0.03502364183285549,0.11475857181349891,-0.011065444561447564,0.05476989818838568,-0.0638079953679827,0.04720580324334575,-0.024032655768928705,0.015448526672473975,-0.0026436675370137912,-0.04569041630868186,-0.031973602261249345,0.007096711935119277,0.032211315541781325,-0.05755119015274798,0.024489592241874757,-0.008654457975607738,0.03914287344418535,-0.035557255132300784,-0.04084185051615613,0.007797192000409766,0.07091730551790522,-0.058907774750432434,0.026615084223627617,0.03886095514026248,0.0027304804115019,-0.022956042332707333,0.0020411488892678646,0.02069729485662522,0.10773500271921296,0.021567975815840117,0.016344711133513223,0.015478445376346685,0.010449805734739102,0.03305116966848237,-0.01565632868743808,0.06269412472786996,0.028068726663985893,0.040641475536994785,-0.0178968295301231,-0.047747345593837816,0.022489322325838834,0.002063721903779274,-0.00042756853045309564,-0.016701860813956207,-0.006741705687055677,0.03256940315458709,0.004554033998061279,-0.037870389646096465,-0.0077610978650170465,0.0006263307002405698,0.032850113166713844,-0.024311906088516688,0.061024131674222146,-0.009394603719727604,0.00019780126804218442,-0.06066366493562737,-0.09985295154087842,-0.006833160783298803,0.020781429344006064,0.06134401474564023,0.0014184459214291345,7.104456403547784e-05,0.0026734621546655613,-0.0007679732967783287,0.02172002320707875,0.005291538691472083,0.015366684801636422,-0.030568467152434296,0.027582219101522316,-0.014442075316363302,0.02612950723377902,-0.02406917147636143,0.03048292199142138,-0.03068201736103928,0.032892806033137094,0.02086891852423977,-0.03865577864413295,-0.0016124525147394977,0.016214207931814977,-0.036875326740577676,-0.08136410809716266,0.03110990106538093,-0.051160880955922,-0.09169137920063158,-0.051535976727701625,0.060582995735351294,-0.02195448705771601,-0.01282379222010952,0.061754444041063686,0.029587916561954097,-0.02737715652549372,-0.026255303617359792,0.006574231423690526,0.007635252687620226,0.0602462192485293,-0.013928908988143427,-0.027530600057167474,-0.04728745074948526,-0.05050190614331105,0.012070082746767286,-0.041810217507860174,0.04425246542464885,0.012567314448863625,-0.013260652058003614,0.018836797182791683,-0.08395353959065606,0.03962292537484236,0.045163838635281124,-0.014521730673787151,-0.023257390773960652,0.03470175331812171,-0.0473801138666865,-0.008986458633878739,0.10257622690406741,-0.010148716013537862,0.04080273206789651,0.010079366758759267,-0.04854140439023553,0.006102487429537153,0.027635780010865422,0.0497206058429061,-0.010224071330143915,-0.08872905817705791,-0.003193898445725576,0.08759612716583118,-0.0053360832384643985,-0.007038521583164594,0.008901710420020779,-0.006137685934730932,-0.062409271499546656,-0.07427787018513252,0.013304774763382668,0.033619187074824385,0.06128422780700053,0.032840348522934944,-0.11119993505234942,0.09867697628800128,0.005901240256398475,-0.04484909138431295,-0.007304793160300285,-0.012591357176896698,0.03169188155172178,0.03126502746772674,0.057816566423344554,0.03699261275311841,-0.015804437512914105,0.058297738849132724,0.05844076069018903,0.041790462088102616,-0.022750903901694874,0.03181179622783967,0.006106446906370054,-0.01349879629161145,0.005967867285791835,0.03265554160867354,-0.05658519082874454,0.06838788090160437,0.050626421021889655,-0.03449189321549899,-0.03188509986837158,-0.06894589212691331,-0.006755472549651483,-0.013400837996825312,0.032524967414912835,-0.023915307999590164,0.024548914396186762,0.0776301991550909,0.05959012010334211,0.11897910623096468,-0.06298282586036462,-0.004744128865793974,-0.04054997100863435,-0.018800373521263895,-0.03869133662888093,0.025808961252245962,0.01528418221230355,-0.05546284664551777,-0.058473358087747396,-0.007056269085334295,-0.012611359697326236,-0.025370939218986442,0.022516736790047696,-0.03746586095571308,-0.015097766731654853,0.04110693339978842,-0.026332048752426094,-0.01719202987512722,0.0195031959953178,0.041129516581890777,0.09180946051436362,0.0024185464509721842,0.0045019393802760805,-0.0491064642139891,-0.0791557185509364,-0.015849673975392504,0.08119189047186767,0.08242374384351174,-0.00932010537658072,-0.053245362800961836,0.019165623417633747,-0.007459091401539574,-0.022215642601102113,-0.07034353568848575,-0.008304144766932427,-0.022493883088070345,0.017690089041901478,0.11316915453159136,-0.0243210681054296,-0.02476376959143897,-0.0017674350853799856,0.025096243214578873,-0.008966812330023438,0.019990577843523344,0.005657196099055091,-0.04662750894597814,-0.030547275926163932,-0.033579445333969844,-0.10258394802458269,-0.05332274871543769,-0.026099093871006483,-0.01693769048165998,0.006163330810095659,0.04574661644381789,0.043109005000531136,0.05801133539030342,-0.013040839315246465,-0.017186722897285556,-0.022436674939999873,0.0010905567960748537,-0.05992505316825646,-0.07602208488331222,0.030297686399559404,-0.032834647621178735,0.02634669983210321,0.03987644934389458,-0.0021598127268344833,0.009567793034957407,-0.06656970138624436,0.015249473197016876,0.0050969516837904485,0.05188942063189516,-0.0039430353089726,-0.008157544899891539,0.03676505227099765,0.02282603554953501,0.04326238836520955,-0.007750087681764292,-0.02312512066963012,0.03847943788834432,-0.01885667338457071,-0.019329715752119395,-0.06192104212138347,-0.0688706183805262,0.03430284935335082,-0.012401442009526918,0.03096226020909929,-0.03309828231942242,0.00488839124593584,0.08968604041557941,0.02960127991768183,0.02056028135006515,-0.011267127193699636,-0.010405650031868587,0.07977327841187802,0.06566527882957586,0.0461680145087879,-0.014401160358834715,0.05788384348497645,0.0165192257557846,-0.06348958077724029,-0.09876230351395786,0.048233524495986925,0.008238872357815933,0.024000683028788584,0.05730116964340779,-0.0791655957756701,-0.0296655979670086,-0.07429548947809503,0.06583661712479086,0.006426431179572925,0.06825684380515407,-0.02055300013684239,-0.10119313888500693,-0.1124621161322191,0.004536735892846456,-0.04931063891527718,0.023869853849051267,0.030774453063784644,0.002077165324922124,-0.01452239336599196,-0.03230672726851886,-0.015462237224514432,-0.03157501058082891,0.05719578345759209,-0.037229299078768444,-0.023397710849231017,-0.021380221082969462,0.013675907555436375,0.07569844343869295,-0.008266353411797064,-0.02813720131237282,0.001580964338285941,-0.042621973562983195,-0.059141680671451674,0.028290450822046145,0.030969142683505906,0.049584239431540895,-0.008054116388741787,-0.03697378308058652,0.027901065012937647,0.04769458224870552,0.0276590210782209,-0.00470783747430718,0.020995158819477083,0.022652341237276788,0.08979124524921799,-0.029362061183257408,0.016071391461695717,-0.05397577151642382,-0.026626625290168113,0.08420679325948192,-0.03382106181896945,-0.018565098947081148,-0.07512253562571082,0.011893502927476969,-0.0041523087138380915,0.024478926160280034,-0.03488896279856819,-0.056109447191949324,-0.059310780048852034,-0.012883079211212164,0.05226959636058222,0.03479362376020992,-0.06831929914691681,0.030591923389620107,-0.00025203786800220986,0.03722727885124412,-0.053669413972324165
-0.00261112358284116,-0.03051477347580946,0.08744752301257018,-0.05541808084653133,-0.008031744402297512,-0.07999948618961103,0.009987561301276758,0.06283597561330452,0.02654346419433118,0.06322619386342906,-0.05261185001426814,-0.04467066988340736,0.04016879950476475,-0.010940321898241099,0.06967861469607031,0.16531988902625713,-0.0475303391145358,-0.024763231260241485,-0.037051765384361966,0.0235638234453727,-0.032308821448980514,-0.03478956107342011,0.038987616979991944,-0.03809385599381387,-0.005532341108718692,-0.054890066132985006,-0.0032663979301988744,0.030914805359445886,-0.05027250138114975,0.004575025710522611,-0.0023756965343349774,-0.03398720752385361,0.007435008723721165,-0.03816978163710213,0.01844242314330542,-0.023103871235494712,0.09844458225325753,-0.06224446133030066,-0.0689685957307123,0.023029381236928624,-0.030948037554539707,0.06651746349620831,-0.06487401142179793,0.02247779524073815,-0.0042769063099369784,-0.03492385706198994,-0.07805447183610151,0.006408858902145501,-0.028297271230936154,-0.05841401288145389,-0.02812325500900724,-0.06800245043023502,0.0008743066857665655,0.04299461845189175,-0.02363042456499948,-0.00578542404461857,-0.02295323146037231,-0.0046162817628769455,0.04851833559956002,0.047316199270687774,-0.07905839012494344,-0.057819701578724646,0.03254779714492347,-0.00348219097304405,-0.022371373016898094,0.05073291044225407,-0.04743189420013561,-0.026732467333123427,-0.015136284302460485,0.09029874700911596,0.04838749053307859,-0.04977082171270952,0.0527223257949638,0.0061383342676637675,0.005265123118469676,0.09142397206981598,-0.018595837987882665,0.04768166016871034,0.06486533241109499,0.033005321034896964,-0.0604731994183564,0.12219400056032212,0.12409922688577299,0.054671131894222964,-0.07039510872148902,-0.020774848217099986,0.004294872624082336,-0.018656575378568897,0.018794969279611072,-0.03091837657616992,0.007783105522283233,-0.061356882993322176,0.02878869911567399,-0.023441367455449547,-0.05021834553324999,-0.022044767977125384,0.0840678639308304,0.05261144568327505,-0.0028002707234304047,-0.03691437671473821,-0.010282576290333885,-0.05133929537285561,-0.025025818764552274,-0.04659019254130345,0.048433805237980174,-0.03071548142868514,0.0544683367647224,0.07397952794112848,0.008928428714009671,-0.0031105531443336764,0.025828901867906692,0.0125426094291433,0.030832526326852506,-0.03407762957682327,0.03199707527039704,0.05506235030932618,0.02946538036490274,0.012952136289190033,-0.029829153688684124,-0.020030326777549366,0.06998994691568008,-0.10033328069307594,0.052694188361426766,0.0510540980919176,-0.03800550032421226,0.05375021978364892,0.0024873900848890874,-0.0244963548636696,-0.010682844157382456,0.03528996803508375,-0.02811224683647491,0.05833054650808508,-0.024933560265793915,0.007032639429427685,0.052734922630996245,0.05831901167765904,-0.04103008797764458,0.045554862644271346,0.011571305406956523,0.0015278159920104036,-0.06289427005165053,-0.024465338097921802,-0.03320908226209775,0.010402296020219038,-0.05385597362655597,-0.06505516677524137,0.015823369009545438,0.027631916212143226,-0.04238930165749398,0.032071940263844405,-0.030623717198183915,-0.022394549009326036,0.011852151627534214,-0.01037503883667237,0.05997830126235304,0.019596288893020057,0.03479694281082513,-0.0035384065502996336,-0.006732026540575264,0.0041313046865953645,-0.031127158067806,-0.04596853242920879,0.01893915932510677,0.005391147601304581,-0.001303855972586144,-0.07820679543402453,-0.019422590905461806,-0.06254321233450941,0.037358933411155607,-0.014640517551760646,0.05363350338177186,-0.019934211055676353,0.07153787304762058,0.018909099065043813,-0.031505515824814014,-0.03759735722773404,-0.046039515664990226,0.011843460422799771,-0.053188002763665115,0.015414083223765961,-0.06608569187879532,0.034304974920467995,-0.004145306339351676,-0.04042299866264119,0.013204068652414854,0.0012521027817964105,-0.028847568347133545,0.007684090309314058,0.044338983002153574,0.048317920200149765,0.011269983641721574,-0.06060683869054047,0.04526305486136781,-0.027232452782422267,0.08858786434098145,0.04115115691885788,-0.05643170507203721,0.04345314868571148,-0.012320113190100332,0.04890425411122428,-0.005728404587993178,0.023888017490459063,0.027754058376282958,0.09507766770465463,-0.024012526142226584,0.018628007788815997,0.08859488485379627,0.009687178950896408,0.02679792834608888,-0.028673563406944567,0.03971121424971014,0.06267316732476058,-0.02721646817677676,0.0054569397070481016,0.02016226032355904,0.004104691809788692,-0.0516980418223481,0.019867172107104272,0.027944993100421082,-0.003306753935502636,-0.006285183952342097,0.018423368969018576,0.03097105214852776,0.07511553204940834,0.031220648650711533,0.012605459621273492,0.00403144777465542,-0.014407788580683027,-0.02722587829439684,-0.02411956897608045,-0.02934630546572499,-0.0015583668724367737,-0.020236556647265456,0.020099346378231988,-0.07048170704691432,-0.008280753009858166,0.0031026011920162948,-0.01726816229721612,0.035465305401061104,-0.028858108426515316,0.0120919012412064,0.048066502880122826,0.027170335452696613,0.026988960774479914,0.014842279777963556,0.02865422985659051,-0.034639607660156224,0.05755249561716263,-0.01887696271965797,-0.09963085931214666,0.005594163547278015,-0.07593388797504813,0.04128833798779822,0.026464168922976303,0.01328398875034576,-0.07826777067883887,-0.03791416547394873,0.02908402980536061,-0.0528523186838977,-0.0027572555649972414,-0.04107877750690513,-0.03398249293090537,0.02883829419807525,0.021264083665846555,-0.01082979998253121,-0.06622879393957297,0.042897789914254775,-0.032775474858602674,0.026418190545555657,0.007172814142457064,-0.0051272936501979985,-0.013116395471576805,0.041481295261031476,0.01366058364759531,-0.02991651180810472,-0.03502347895770936,-0.007742271962384932,0.02228441015958692,0.08829415777117415,0.03447043968809218,0.019807516058262527,0.11116598190793583,0.07257924907089167,-0.00038488748287557263,0.012203490881048103,0.012873304049314764,0.11427699242266674,-0.035336491839137535,0.07788960292798633,0.007319905271289453,-0.06039894609125351,-0.021220896181353827,0.0473560310793728,0.013503434091473157,-0.06956680409007712,0.0027718172323398715,0.0359754884051702,0.027872140721592064,-0.0036711685544809363,-0.008103443460636801,0.03074587754377746,0.009275514111505036,-0.01722266891919636,0.020105912781471388,0.014236541285808084,-0.026247943585870983,-0.010868314591282494,0.0317283438582673,0.08001962012248115,-0.028866508428276153,0.013622977712732723,0.01629013592633973,-0.0815795694950324,-0.1035060181096772,0.04843895322267921,0.04021260588850882,-0.013639536133799798,0.03103068581385934,0.03663728312869087,-0.027552624052943363,0.006389260515519311,0.015329807543268296,-0.04265734763105655,-0.009576445311125795,-0.05099809370256908,0.005289251621417054,-0.03461194171362813,0.023061370047182894,0.041278992839664456,-0.03312625006608577,-0.03744522567963501,0.03374423470032334,0.030995025448210176,0.02129033497178923,-0.017745402340992738,0.030188446308208796,0.08964192440636175,-0.0672945865961097,0.0605712961477538,0.0028258174638014,-0.012584091469818938,-0.026658359934580586,-0.058648232753393294,0.03453349849578526,0.054306766555580324,-0.01570716321171622,-0.0027963627613673135,0.053796685838813675,0.04290096128146171,-0.0287552064694451,0.06610284010481743,0.08109360881557282,-0.010443421625510053,-0.03523457887598559,-0.054474576424674334,0.02438889465131694,-0.018460041205877433,0.011519058969151298,0.03906908886902339,-0.06542254988665933,-0.013911827910802933,0.03776093540190004,-0.007543120226115166,-0.0017114158080949744,0.0657135954802385,-0.09357098820139886,0.04136551368784808,0.03601381279913885,0.08868464174861522,-0.037624878154542206,-0.02921703807050247,-0.008794513908575401,-0.09759489769782376,0.05196192852065914,-0.01023067187447033,0.055032725309999024,-0.0454906731065505,-0.028485688632521818,-0.04031288449564972,-0.012419525324212418,-0.0032651547145685854,0.044347937470922555,-0.03903784897522517,0.029689941922905964,0.023917865643716063,-0.06954136250556016,-0.02417314839508912,-0.05006087977770825,0.050244606112393335,-0.022706589747903325,-0.06446311448268982,-0.052465481119244164,0.06611055838205117,-0.03828596222926053,0.01440852673534254,0.04757053333905655,-0.024232525822242654,0.028751135470884318,0.04089068716504192,0.05406793121862534,0.059375646676106696,-0.04313926388480452,-0.052420315244578256,0.003188003615980888,-0.009784989341015802,0.12050234686448485,0.011361088980457859,0.020730848684206812,-0.0033182359205105043,0.022633974559558047,0.014496716944611812,-0.025669304057997628,0.0019428217236982048,0.009136894058337905,-0.01616925896854792,0.06677984372362208,-0.03179539195182947,0.022461257774726014,0.05112598130455801,0.05222056119097783,-0.07349044842003866,-0.02933394411009366,0.03467043853872992,0.013293494705914378,-0.01382522651916522,-0.009053290864062907,-0.05617732794447966,0.00044689251430850665,-0.020413505823905914,0.02665813736845991,0.017711118121950368,-0.07469746867544128,0.025700065569563783,-0.023698520665911296,-0.040956437494854774,-0.007779298963443662,0.012623637880069306,0.014811286389452479,-0.009300733142960288,0.020818125411534615,0.03314525029518318,-0.01515992333941287,0.04591921962948869,-0.0019937631439796515,0.03657805447962814,-0.047468841568127744,-0.01577200218197618,-0.020910257931068682,-0.09130396677116895,0.044393130052307835,0.01619623500180049,-0.013049512101721837,0.004098688046909526,0.052797920178094294,0.013704265294007617,-0.005216666303681463,0.02261565237878394,-0.038684329487398174,0.0024835564641119325,0.012721568268627524,-0.038655901713863794,0.013357994039985579,0.04872294409524869,-0.05465091796378558,-0.011921139587547449,0.014790003218624,-0.10118602754971517,-0.024236100182677564,0.1031643683278844,-0.06664921362116324,0.010856905057454189,-0.027002799915581282,-0.1410618748074058,-0.025487287923313975,0.01805223483201616,-0.0114842062064315,0.046408853584791084,-0.03483430890933989,-0.007266463876860345,-0.010730161970229893,0.06865940977661562,-0.06571840901709282,0.06899096009258712,0.0075700627523684364,0.030343808022673367,-0.03927815315601935,0.022330553153687566,-0.04465949164484557,0.03126312726247855,-0.014464724176191185,0.039083253463293034,0.0015465079979961821,-0.03879974904942114,0.02378847842732924,0.022120800975091656,-0.017952913579045264,0.07352118411254747,-0.013798349862581915,-0.006661455805585464,0.022049148165794844,0.07879835652450166,0.02805065119498851,-0.01677846146515067,-0.012962700378499978,0.019262888713195366,-0.0033458565817586976,0.08156925111432907,0.003604918315819596,-0.0376144795914801,-0.05768127422396643,-0.03956191214825607,0.04286811071312802,-0.05185441443753365,-0.04015057882021667,0.023376043998492992,-0.004495208664050137,-0.028489311851446136,0.012176388959840806,0.03758480043034242,0.005888973187763982,0.05698273461911382,0.027389073349443675,0.014721131720810037,-0.0901107756464563,0.048193071818269775,-0.023345149602643132,0.03155823522981226,-0.0405040933626524,-0.05861553471109647,-0.09415030086438075,0.014087964653188477,-0.074955660222082,0.06688455296039497,-0.004408664650722446,0.03869528401687613,-0.031567278581484996,-0.05098198182583638,0.06050032656500037,-0.005272685123392425,-0.05091189861651044,0.0007838444999718764,0.048964646626989655,-0.023642897198094398,-0.07272699005410728,0.01721089430482099,-0.06492014930239647,-0.032458794285896334,0.0032428435967650983,0.03798024064463582,0.03744044800546238,-0.028480914396336505,0.013415066231493033,-0.07688572538149897,0.055995186639828165,-0.04420088432839883,0.020626904691619506,-0.07429938585266123,0.12286087426213191,0.04763314813699235,-0.05255622522619134,0.03356547478436683,0.06477559768770066,-0.05304711517809467,-0.0897543259572858,0.0344555508459205,-4.6694290251237925e-07,-0.15850333297788594,0.0906415765865506,-0.06598465635257425,0.017387795923263026,-0.00672320308709947,0.07528324164722643,-0.000908302208258029,0.0038175554946568305,-0.055102959539420494,-0.07295860243841379,-0.019280722688137235,0.0040348749707713365,0.09206915332288436,0.033757622186917705,-0.04827974165294786,0.06442384481127894,-0.042855011457677825,-0.025565690196947623,0.04099762306185546,-0.008707355903736533,-0.08315153983552048,0.0740532313804918,-0.0032474866173622125,-0.06372809073640576,-0.014619711364787671,-0.063466602271056,0.02939716132424634,0.006724589712805141,0.024142636496064098,-0.026202356095515963,0.0019718654411935758,-0.00022832729843291877,-0.0699947421667481,-0.01835048330705675,-0.06131422655730963,0.03127550856503415,0.024288508698797912,0.049166997958200793,-0.06407231566688606,-0.010102078470105214,-0.014200990514441713,0.03953854938674477,0.026643151164248213,-0.07590120598501748,0.04182447887229257,-0.022691361707733292,-0.054236246474555015,0.026082791092788233,-0.009793070968617071,0.06436937924542219,-0.010747751122159385,0.015086385080331,0.02556315514691854,0.00351797238163771,-0.022202522279985086,0.019856362886076184,0.06338260026331444,0.017984107039166974,-0.04785649591323273,-0.029105622395944882,-0.012937307343606527,-0.03500695284642663,0.09914502349974139,-0.005532671363246944,-0.017308057174528987,-0.05219728821026803,-0.01831865675374599,0.0009540064560430259,0.012884208780184503,0.012781246652918122,-0.06937785539157083,0.06545281533977038,-0.0489871636219415,0.048109440088504346,-0.0044222328212092255,-0.030069190099020014,0.06706615940970538,-0.0784191511240455,-0.0006164332098072622,0.08383038749873095,-0.0020345795385667475,-0.02557119209264348,-0.008315538738292917,-0.013674079473752205,-0.006577499122049206,-0.006378893585252578,0.08895650544240137,-0.04277799307592723,0.08204700808791796,-0.09094406235313736,-0.015003385611987002,-0.0036195940748704365,0.01659974273949763,-0.06170589316135695,0.032901952235250595,-0.05494328745270263,-0.052935036024633474,-0.05917478528767329,0.1079914966252862,-0.03518147581133007,0.03855709457380809,-0.028948374937356934,-0.03095929816845602,-0.035101763642350896,0.008468694059646727,0.05086476968136487,-0.03577008535969366,-0.05909559833937389,0.017026076150093907,0.016965283328028085,-0.0029446299102124074,0.009253895709077819,-0.023015678974426385,-0.08714047912521941,0.01312219068213052,-0.02028812857810559,0.021121848556688503,-0.03296038025544987,-0.05620238050088418,0.016611238234038934,0.013601522708147134,-0.0007077462814588674,-0.06176521784819798,0.017773758303976057,-0.0827478401138672,0.023720813760315436,-0.08177439585057958,-0.03144853113510284,0.060027244889835046,-0.054191371038541394,-0.06286732037430877,-0.049347715752502096,0.002545722558727679,-0.005360075674189471,0.025443355767274713,0.02214352352054653,-0.05965633203676412,0.012027849039427585,0.03485592328552711,0.05481407051304314,0.02010678641431317,-0.05785739139670411,-0.01140408849017304,-0.03410340887746801,-0.020175216561156666,0.025009188761828626,0.04061953233511857,-0.013982116524224942,-0.04394239767232259,-0.0423277142991591,0.023394586326204576,-0.022426835376174414,-0.054453151579208825,0.056255895148534366,-0.02495156632252958,0.04607999451385435,0.02236670655737091,-0.04565609097239289,-0.028553435119336716,-0.03947494318857646,0.04045165578614471,-0.0709830732106097,1.6391708628579643e-05,-0.028741967278348768,0.1304606522975544,-0.01974024733485876,-0.027004643005507853,-0.06300599950605125,0.018327983954652422,-0.028002493980524838,-0.019784829337680734,0.05156870768480012,-0.05713267590100909,0.013188392092718916,-0.06907492523959022,-0.015979846574466272,0.03275338745818849,0.01635684960025709,0.037755660515986486,0.03033406173161138,0.0023080611938632077,0.08214386236901187,0.045141335160326895,0.0002454462602188684,0.006957248738058572,-0.0553402430061997,0.05276215693249681,-0.04224233454324109,0.0939299539933725,-0.010029966954653621,0.09221338413329992,0.14978939145902298,-0.08280457101710151,-0.007530736761890245,0.008143628360615988,-0.016567518595985476,-0.015337411444655325,-0.04314162769213326,-0.010481196859942091,0.0014601419997950999,-0.06539484608319389,0.005419321099696604,0.02441244377012984,-0.04384917883989643,0.016993676062683247,-0.04263563158861685,-0.010668466609900435,0.07755368269683001,0.009597202763268586,-0.0027620168671841547,0.032085952928894546,0.010042619775190092,-0.09159409720734002,-0.053155174441129605,-0.015504531589220914,0.034886921913850705,0.02519237526225298,-0.05030812392527362
0.0326830883760428,-0.0040259896885226415,-0.007958666362336308,-0.03599713800652872,0.04603619029935361,0.0015145214675349147,-0.043017153417400165,-0.026879142977981923,0.1169800854741097,0.025032664643741855,0.0484729054075713,-0.10020658864264341,-0.05379915568086975,0.05669670017073022,-0.050621753205319815,-0.037659503873057,0.011406842927806587,-0.009150253262663718,0.0323959942928073,-0.04012775076038977,0.011900199396527126,0.019061391575544366,-0.023645356214906644,0.013317746540473357,-0.09077287387308416,-0.011047450655771566,-0.00560864440352656,0.01884129068478155,0.008924792087462453,0.01647218779244992,-0.05200286101010119,0.0603865266571845,-0.058370579544112934,0.07877242032579355,0.01460156044047665,-0.09014517094853836,-0.03582804333009278,0.1091639661340446,0.004556630666345888,0.05147471737395336,0.05152737944760046,0.06966302463193844,-0.055846268260936846,0.09019016744648306,0.0902658714491044,-0.006505732120194031,-0.023362961453202356,-0.009860025529193768,0.016512672053601074,0.040152505593857135,-0.042110391156745496,0.008778792370127755,-0.04077019787789859,-0.05787294960910532,0.06462350377914185,0.021005356607320478,-0.06096756299517384,-0.03453568577621903,-0.06490806795838329,-0.05206566677702459,0.06114039497513187,0.031336942486649054,-0.060648908383945016,0.000317955456579638,0.050919876567494214,0.037340970694829057,-0.01815503862263419,-0.03466813125417186,0.04626163685252124,0.08328846862616102,-0.023429110524414185,0.03679269993941179,-0.004492993287139511,0.07759472627551707,0.007485864233017058,-0.026166045260690853,0.08403732124168876,0.06685723551322814,0.05826844390932328,-0.04092504378999232,0.01397072259657962,0.06367641614108227,-0.06511369552357493,0.030388884901827798,-0.05505137562333055,0.09140752237389324,-0.0287235656712748,0.09293601367514759,0.029069996879658184,0.032599369833842776,0.007869610154827336,-0.06517793596578912,0.038991523798700786,0.053086340062791344,-0.06469446162239313,0.06617606632625277,0.009098815963942162,-0.03050854638432516,0.10375270832760171,0.008065805916793145,-0.04573549687899692,0.06011809033501384,0.04900088182043174,0.06767005920023095,0.008846489300790834,-0.0034943895854170452,0.005408893077432827,0.06803668485031435,0.0191602015977844,0.08539303212659537,0.03722132833187309,0.032514151196402635,-0.025592973035231333,0.06593869071501829,0.07463485421090923,-0.0077144038021215505,-0.03144801899307759,-0.05077631920329614,-0.027775748317754957,-0.027994148108181703,0.023675764113246147,-0.044933956196798165,0.007265211605686287,-0.054214889966513885,-0.06640724456223117,-0.02744287016542578,0.03590124844293979,-0.039810735438348406,0.002355398071446166,-0.0373577037468552,0.03541077183523033,0.06823475820572633,0.054114061050220943,0.051197270022052245,0.01921690276198476,0.014874630632365311,0.01241761807652325,-0.04013089595788235,0.06756232109906878,0.06848473883924998,-0.04712836145887835,0.015892000600334483,-0.005000227876720357,-0.041948174622073064,-0.054236450803028,0.005201992105762463,-0.024194757233669206,-0.00843042841021387,0.025625149361234827,-0.065913666292482,0.03942307757365574,-0.021126298697848683,-0.043927328017767726,0.017945332048959702,-0.01989155342845772,0.023915116111113355,0.04057942203445625,-0.028935437845946554,-0.052888927181930535,-0.00940668124742091,-0.04052194151790091,0.020603436641516697,0.017785614566665112,-0.03968788004084394,-0.043502910040805656,0.09413777935123785,-0.00037901629559282786,-0.04434367422384012,-0.03779007894202255,-0.05510462223278529,0.06666411595277853,-0.0760548707835527,-0.0049003080843552285,0.07480402212246237,-0.10799832706521174,0.07389523979872205,0.06750922113468065,-0.10204836757715974,-0.06855604184450034,0.0011130066091764946,-0.04115608452266643,-0.03601933927701368,-0.04068263048563005,-0.002019152126693717,-0.014608451753841688,-0.02089725473601124,0.030020904845892708,-0.07009788961247697,-0.0017080280926842467,-0.0015507348491403084,0.01114743914294797,-0.11209369821452164,-0.05353963273100263,0.1082817377537091,0.11920149429460962,-0.03210233290483126,-0.08261442172675452,-0.03804132031170503,-0.061442526625930284,-0.042344562602144004,0.02593477908024877,0.053880926855642795,-0.010078305012272375,0.007738283374289954,0.007305749574669542,0.06745042550261038,0.03180559321543514,-0.08981451591690202,-0.006704670440718486,0.10228566346287966,-0.015025881358280823,0.015233119885300109,-0.030723657147518024,0.004331661041595925,-0.031584725860770706,-0.04241256423217844,0.04230666508061029,0.004988542007572146,0.025880379126625313,0.002164174028478681,0.07310296347800813,-0.108494668774466,0.07434579586607636,-0.05617444552087905,-0.011869982852482223,0.005053812261753521,0.019812157512047776,-0.08525151087233675,-0.013801693647572652,0.03881181886057812,0.05724366665030398,0.008490867763025024,-0.04370192904740479,0.11498745146237824,-0.013622351833973537,0.0022897247147362337,0.04470038278016178,-0.10759362463608822,-0.042469380703630946,-0.02021337716191955,-0.00790648542456827,0.033173863763400514,0.003948984661279791,0.014390992309751176,0.06444240519437369,-0.09051232036986594,0.022270024523424244,-0.022998286211531452,-0.03712621455944986,0.01270973116952474,0.012336352254787039,0.06031602636075759,-0.05023068259035925,0.002752740453171686,0.02000591750290501,-0.06573226898153949,-0.062002577910083345,0.013773961241046871,-0.08612799045529777,-0.04343868789411616,0.11949841160614307,-0.07344255656070982,0.05085374344838819,0.018332759302949562,-0.03391243628233336,0.0393571454721565,-0.02721946876040448,-0.030826913853356126,0.013059669662096781,-0.051694772068410846,-0.08720338288371932,0.022904345700601136,-0.07878348618312643,-0.02441756432868914,-0.04584140470788495,-0.04833305373640098,-0.030585905252925316,-0.03785907480166254,0.019046599284977653,-0.03523843787429752,0.05611170409457904,-0.0526631478022443,-0.04558046250042922,-0.11275067170961332,0.05228519423589614,-0.059659252287882596,0.020245957620972102,0.11219375021458894,0.04495925078795112,-0.01592635722708953,0.08461609861814713,0.03631203443558605,0.04308357258594522,0.02596716441393637,0.0045253850069503524,-0.0012435806595212677,-0.03746866472976241,0.0201953663989003,0.10575747773391322,-0.05236123490287453,0.048839333813398056,0.0010401777411532863,0.05118239736968978,0.019205674013296144,-0.003280191505523721,-0.004980778019479211,-0.09964127459326892,0.003832396605513518,0.006477641981560273,0.07273720828164999,-0.05324142793177017,-0.03508647106794349,0.0669973649710629,0.021992037474372287,0.012905642398168488,-0.05246156170918299,0.01850929872165389,0.028679221190934263,-0.01127825794565915,0.06349395376633209,0.02410728084877976,0.022823995159026046,-0.05236245357826229,0.08608457781264461,0.05568241396683468,-0.0204099973389724,-0.025258641005658042,0.032452203351357026,-0.06387454402145891,0.015845159955192912,-0.01599303089807068,0.07726601124807685,0.008464056857471028,0.015533075895455616,-0.08837974152276641,-0.02750422142847816,0.031298345218932384,-0.10752395540354191,-0.009801578506258037,0.037163219463556565,-0.13320497904806147,-0.04940681524918945,-0.041297797415654036,0.0029484907657430877,0.0436239257006651,-0.020106381761456515,-0.01805208223975714,0.014611414023699566,0.01130413132683446,0.057478811902012164,-0.07037872221114012,0.021355820002513747,-0.011076882953988855,-0.03884591555187892,0.03215837820435206,0.026355022081295577,0.04575902277601751,-0.009653060620973753,0.09166869463846379,0.04166275832437824,0.07250323984259352,0.0352598882338474,0.060869005227720784,0.02900625525478549,-0.08961145306647728,-0.00982768934059176,0.0444026509633927,-0.07057347532639587,-0.04462378190728124,-0.048912463820934754,-0.017706635513169786,-0.033800106733098356,0.01846374281053566,0.027648928459501298,-0.07533505541050428,-0.03365114406870671,-0.021115402542532948,-0.028232472655479283,0.006165507384487642,-0.060395627085885806,-0.056712272307491006,0.02751764496051516,0.10331776753391235,-0.05780456150129177,-0.009763908774048684,-0.022033674794826274,0.039651198737283476,0.02151532592991198,-0.04598310397592626,-0.06918212339345806,-0.015609826880763672,0.04774784447784143,0.029533217179405033,0.1008717999696727,0.002529473591159538,0.05325524884042627,-0.013397402782498336,-0.01601302761610298,-0.029067055272488825,-0.03173198286482714,-0.04099833963677343,0.0030860291596703435,0.0033393313052888078,-0.017319178761283572,-0.0024026429523498778,0.027123255138526824,0.028601415429071908,0.012314239281053027,0.021995426514651122,0.05256540914030743,-0.015423080245608064,0.026473005977145525,0.07314021740772793,-0.014200034164711984,-0.009929088077812577,-0.04800726318392259,0.07155257557183985,-0.003529774006161987,0.015376999164735786,-0.05703284331443317,-0.005998069732472044,0.013795039367248926,0.06036794799819083,0.01760204860842131,-0.013683682674997961,0.03130416279366616,-0.0502713167394865,0.056719480752496165,-0.019950928606318807,-0.0025894839172690546,0.014596498608966006,0.08832978903448893,-0.022310921835577945,-0.06711466563249208,0.027845425956474965,0.11429504034054329,0.03123872146837032,0.04342701327608192,-0.09263207622365353,-0.03043832140119699,0.031143285148373254,-0.01188662211895664,-0.027178944470958668,-0.04419807204815683,-0.0753122866808688,0.02987792544512028,-0.07867755460601888,-0.005153556731541388,-0.03632072116701638,0.017960138832967893,-0.021616173343111913,0.009963404924895104,0.011441006184601622,0.03560527869486526,-0.03580940940287587,0.03213785238096419,0.0767769390610575,-0.04876523944875708,-0.00026592615002646064,-0.027605546577650054,0.03294707124932535,-0.07999038746539185,0.05776157921737371,-0.036462229971014,-0.06360420895690375,-0.03744709150541928,-0.05588892669752299,0.0593196265124974,-0.06227028825848458,0.021138533501115025,-0.06367472608050763,0.13160491105750452,-0.055654503425685065,-0.06294861324775272,-0.04919571682961413,-0.0031237971896952185,-0.006321056254462394,0.060844995266943154,-0.005158339958643321,-0.12722668230346687,-0.0008522286034514779,-0.04753804803475077,0.0573698342274385,-0.06198689682143472,-0.01292480039423406,0.027693407281269105,-0.003528255286187862,0.0448610832334861,0.03889689542373089,-0.03571096284293874,0.08289392619904991,0.0073938547826918185,-0.024273400634290076,0.02194334541076732,0.0579819938198275,-0.029552160515503956,0.02793401387793392,0.0340389437501667,0.019063016390808322,0.003982437410787482,0.020943281913985534,0.022479597488690023,-0.01963882716959895,-0.01859657814749259,0.034372488763205374,0.0004044606886826437,-0.0024341712159570714,-0.08762801018185172,-0.04896000408084596,-0.049102022798940194,-0.021531957929442527,-0.036090626068348376,-0.04241790169427459,-0.004859837233267942,-0.08623936958527847,-0.027818728883125785,0.04287171261803834,-0.07341190272822183,-0.021023039438945252,-0.044728712821893384,0.003416762588854003,0.004132180990096345,-0.043228526042025,0.05401302746675995,0.013872571249426716,0.018135229867230613,0.037943508911140574,0.045856140456548365,0.06605985101943887,0.013972146110142794,-0.04726378484585661,0.007585412023063738,0.0019327359522178713,0.019156401629466815,0.01133929369382031,-0.03683410096919116,0.01869076784777769,-0.006455915623307344,0.05507994273187509,-0.0309155880563838,-0.04990681603573516,0.05123013505416052,-0.027088507361909334,-0.025916542360143586,0.03760691993237792,-0.06436107039455898,0.0037431947556337284,0.029927222550700253,0.018158415736087605,0.033460900054150686,-0.1024554805956298,0.02985141633183616,-0.004201821749987005,-0.07260214716406183,-0.06985634379692264,-0.015342455417028129,0.029506303000589842,0.007488407571084743,-0.03056164322244056,-0.013477333747966065,0.0064856791164978585,0.05754030136706843,-0.051196710191300995,0.015248200848299316,-0.04945559527027333,-0.017941351204293136,-0.023203777803914676,-0.005593396422424303,0.07725384972669566,-0.03594151155580724,0.0316189418661135,-0.020446538057709747,-0.004734366714659581,0.08142015541038727,0.014927818607242448,0.00248614638553199,-0.007161927806402102,-0.045058649689567944,-0.03379109106167986,-0.004539702038046846,0.026918744413304805,-0.038758208182369955,-0.06764705240238807,0.06901142642173656,-0.140308696957373,0.017226530240493997,-0.06522135757121796,-0.05329716903768769,-0.004403881992932525,-0.05631474904489764,0.04616744890653487,-0.027806977148679527,-0.016578625312496556,0.028119456951065876,0.10878397119318564,-0.08192105631459883,0.004513869160399643,0.06700908406661592,-0.04031516211994747,0.0656153802086252,0.03876900144184713,-0.011496812543529024,0.03429150400604006,-0.006310216232428923,0.014043759120763546,0.050378182735509536,-0.06369042465778577,0.04660543712025958,0.022342544314184143,-0.006924471706726435,0.03385553066093616,-0.003952622955812704,-0.08548340804474877,0.01053020422621713,-0.0013710110251654165,-0.05404264517362137,-0.03402066371085831,0.009166754261477594,0.05725309330258146,0.08828824895534922,-0.00867850798964867,-0.049068717429337085,0.017181597813571405,0.00501123371371705,-0.0250737698095164,-0.027184494479412978,-0.01702315083461427,-0.03147277146701885,0.014186563376308506,-0.02924295498050036,0.012554808317758893,0.010728216695350746,0.054477015443115194,-0.09358687735005937,0.11508954423538019,0.04315148077728128,0.03428293580810623,0.09070675091559327,0.05243521332397381,-0.11197723001908452,-0.018380691278246587,0.033836946216685516,0.019642563257306574,0.07354332237615971,0.04703950353299914,-0.08318884574476573,-0.0361060534303939,-0.01825021420900048,0.03974511820920211,-0.02855030714908578,0.07330665968469266,-0.02954910352178435,-0.015244528765977686,0.09186990692796308,0.010131498784520859,0.0401070794798932,-0.02336099551836948,0.01578499283921906,0.029712283975115467,-0.08768817824559652,0.04043367249760636,-0.06794085424509227,0.027435001805392666,-0.012606954396994134,0.10445813667311217,-0.005841742472489102,-0.048308700048372316,0.007463776391351925,-0.002423436862761279,0.03401886255412764,-0.025048137856058153,0.05645730621329705,0.0031835272039224365,0.05260641537338209,-0.023675770336001788,0.06974868334602292,-0.009500549429940547,0.03320949786389029,-0.04981111728058296,0.024310320039816213,0.056933509221942895,0.13908320524544968,-0.02077499686993608,0.00046831833263040397,0.03539004923555379,-0.06523719256516339,0.1176166900503298,-0.015424607861479494,-0.006293168418643321,-0.0019770921443204663,-0.019671064586369313,0.05892274843435395,-0.0010697835916211578,-0.08485975416088391,-0.16288369438228856,-0.033205703089537034,-0.011899307183196806,0.10411292224488032,-0.020664783501427,0.04406957825589995,-0.0065957642239043235,0.042977818753257166,0.031506194797061855,-0.07533443304640809,-0.019554615761261607,0.032055037082948594,-0.04794971608494257,0.08922121444745236,-0.013495829174339925,0.1061164057224931,-0.09787913751434205,-0.056788996925591466,-0.06604273983490666,-0.031159451732457644,-0.016323599122724936,0.08957949257620082,0.16651252446316675,0.04201046784335361,0.0010024601439180692,0.0028680834602002876,-0.08256916512070317,-0.1256418831618287,-0.11731564181074143,-0.013996397360855863,-0.13707261263666615,-0.0248905392570798,0.01950975020694411,-0.06774354276848842,-0.01924665464131904,0.044938855794702026,-0.03533577012731029,0.024751066444826775,-0.01513598831861103,-0.004929289974895592,-0.012402897974185884,-0.04284448038228277,0.030391760621736777,-0.034441954141928556,0.07672211841172918,-0.027230627262518323,0.030562753343014,0.09365251795596775,-0.009397731085379283,-0.0829031878143074,-0.04806570239475518,-0.025786009127276226,0.04163099651149343,0.020337352083595717,-0.07297258604952522,-0.16640217577745708,-0.07966377639592637,0.0029784081693982486,0.05617212660393316,-0.06432190301539603,0.006304988145646863,0.031321368648448665,0.021534732087775166,0.051172316239512274,-0.05328760186578488,0.08844382659101382,-0.011805710893617928,-0.002726190406752083,-0.015923323929450308,-0.047797600906621704,-0.042970879875937604,0.013234745590535767,-0.01900270970475537,0.0029257175887906772,0.07533670597845131,0.0046122874642160125,-0.07026321194105144,-0.023840536042589268,0.07016589786438812,0.02366515378388806,0.026693856050046,0.005089376949915811,0.047999102986160905,-0.056195039281961685,0.037047262085638785,0.07020246969410411,0.036331384179313364,0.021384943471764582,-0.0015262099308751506,-0.0020652816388078907
-0.06313485003074513,0.0007698892894836184,0.06805554673002037,0.027650322433031425,-0.006411404527001404,-0.0653256761548537,-0.03181989599196761,0.000637951563077458,0.006041157979595348,0.028648759844187584,-0.024942541002147604,0.02379611753576411,0.02022984247146224,0.03249880017427367,0.007188375888926327,-0.11198590106009061,-0.04970663272339601,-0.022656039966828873,-0.042344187302713256,0.031037287813368234,-0.004174271263021737,0.006617309435825788,0.02237718787048459,-0.013284509267351247,-0.03755260924349121,0.042844089161870345,0.09340971181520488,-0.04580596561598927,-0.07114179042863478,-0.0423486248449857,-0.08632563561336164,0.08066053418932617,-0.002649845057890852,0.02020112478897171,-0.10042070048481413,-0.023763377346714996,-0.012507160244821377,0.04196920874798552,0.09842306761304655,0.021229753927022005,0.04947041796564481,0.05715313126204314,-0.050566191847551484,0.023342225492566957,0.04674796133527762,0.03469661346546875,-0.01838156688709627,-0.05644038628530773,-0.010109243197541617,0.10131431582421199,0.04454957095077664,-0.012151981125217167,-0.004063677888894829,0.057667258221726664,-0.02845874734078288,0.06876545859831028,-0.009188022005361564,0.06749755058006587,-0.09386224016822815,-0.015252360824082248,0.023444796925849932,0.010917331393141588,0.023272888079302306,0.013084856571213882,0.035193268547256365,0.005521497238198943,-0.0553289089589487,-0.0143001468894989,0.042895928301257505,0.06732295710328343,0.08375791878090773,0.0019024329158195564,-0.0071147305100618214,0.13656890924817686,0.007795214840571429,-0.019649469739675227,0.11628048972850025,-0.024739531420685024,0.007042532268793834,-0.05644509387040086,-0.052080886593793535,0.15249884930595023,-0.017045453940313537,0.006408899175270979,-0.06404080441445685,0.008505801561721442,-0.020511840798208968,0.019451605600119333,-0.03945337753840465,0.09382373696147939,-0.07774424525137119,-0.041847751296192316,0.006698461156190602,-0.020608972948444788,-0.016804894915329785,-0.0323419568955612,-0.061565698985456774,0.0633852324804852,0.06195751645404661,0.008330370399911283,-0.019079546492724527,0.05918291196618612,0.07599602462450027,-0.01909100036911018,-0.015271597781788927,0.08033481483790929,-0.04844132883351263,-0.02500850831127149,0.007611184272438428,0.00805938523242249,-0.10197059469673185,-0.03486080990755555,0.0012847020454877789,-0.018953748199264576,-0.019937700392703598,-0.028684079151790873,-0.029404805794439118,-0.011613218189619788,-0.0811431639116442,-0.018491392134094786,0.05971553273218448,0.014011492861549912,-0.031312701750595175,0.020701246558638448,-0.010044004802590599,-0.05802133184016396,0.06752031620464718,0.030645913405528073,-0.0075466953058287095,-0.016671818139608396,0.023900756828725223,0.04042186397348659,0.05033675770942561,-0.04619361074189474,-0.0041215714468908074,0.004769310081699166,0.06367869787976499,0.1244611154140265,-0.002030006283566366,-0.057781096795120224,-0.020432493009358187,0.026862081317193223,0.0973180640552724,-0.05597256204601231,-0.00010979764949036545,-0.03487090367313835,-0.009506074280446133,0.014384909872464135,-0.053965949970466845,-0.018320843023189225,0.03427181043883504,0.029180934846750172,-0.028818459237063863,0.02775844382018147,-0.0386737030598109,0.015289848589152923,0.011619366597302894,0.0035352095236521473,-0.028343022709367227,-0.019012096092222108,-0.03540787452060319,0.008934828397919906,0.05150948204407736,0.04384939368663118,-0.05373656403785562,-0.007672099589629626,-0.07825860194157921,0.024510774387424654,-0.05555360454855502,-0.04703348756268548,0.03233525413831612,0.062021964787296296,0.04582143030572313,-0.028440275661146236,0.04801751890892821,0.006928030045204052,0.003192399468345298,-0.08906141693188388,0.023165026575675342,0.04157655447586254,0.01176190618907223,-0.016974506457122358,0.029922418593063223,0.008928161941678602,-0.029354611788538168,-0.031357057595891975,0.008009359728272753,0.09610325599412414,-0.009161950076205561,-0.015699072602698056,-0.06109929760827685,0.06002576672739997,0.06852851341701563,-0.061547766638067714,-0.016904661180280247,-0.036624602446489546,-0.06415889259619972,-0.10414974392152249,0.014126943524719333,0.022963499288287104,0.0771251229527342,-0.0020887535021196593,0.006911256777382816,-0.056091886939021146,-0.012862886703008978,-0.05305227672365737,0.04288006781309685,-0.09044621935011418,0.0712272381438813,0.03940353954810079,-0.08586926508772938,-0.007501577457644968,0.1155129938630875,-0.03252837061892012,-0.012618121708730563,-0.012657373469162212,-0.0264767364036226,0.0886261079017752,-0.07204686032407517,0.05620867185595706,-0.02187553285954617,-0.025353784431836543,0.03443332826345327,-0.0006539635882958287,-0.013285382410521294,0.05036690056864692,-0.0749721463679544,0.026965169977599474,-0.014204045666350333,0.010623497675137015,-0.014649006712984353,0.015174211613314418,0.019361720134809243,0.027547092281185424,-0.02343978185849452,0.014510010204984531,-0.01816689748572094,0.014405400554054522,0.00382013854675722,0.032682170923013364,-0.0306991522687915,-0.014688583887512562,0.058888176654697505,0.039146768613029084,-0.023199942712981755,-0.03139727611678422,-0.02583554546515484,-0.013022227807097381,-0.030125770473845213,0.09855043993274291,-0.0722269617270481,-0.021858193431706172,-0.022245326535329603,-0.02316339396576056,-0.021481793971519877,0.006484833584759656,-0.00341183531581142,-0.025639785193937302,0.016530828874976353,0.009116755201500005,-0.03110444902385411,0.02019227111729663,-0.09667375499102503,0.016638806120686245,0.03323579615609732,0.061029085428214516,-0.011617257047480118,0.036345978661372,0.024115418120392158,0.014197596590963476,-0.019672081218638147,0.01005087840662826,-0.032800167303385676,0.07361795502046585,-0.060848489970787276,0.03003585761542859,0.03435208904519698,0.055587796923741134,0.019605327644847858,-0.023669716938516737,0.0824107397077036,0.004243572456664594,-0.02955625445951169,-0.04898039391427453,-0.025739145597913814,-0.07425694287160788,0.09441929966527017,0.013748957131811141,0.03634393175056422,0.05366445196871166,-0.01028059843358138,0.03744035918994796,-0.045213107023059196,-0.03881155052236918,0.02675289111494652,0.07752200610676094,-0.11239184802269277,-0.026145491563566693,0.0150786615651912,0.02040905932834809,0.01631953526899891,-0.008634305266808535,0.036508486486567786,-0.048819351612510144,0.01744568208374378,0.10440687018847872,-0.07968391542026104,0.08023271502450212,0.06727945514192155,-0.014775898627652178,-0.06639759380115366,0.015212348611846881,0.0327632553745389,-0.013572549382456703,-0.020776749536604827,-0.061976414882327274,-0.054847573886634776,0.01003477092354979,-0.028494538334342925,0.01609159625986765,-0.010870865557369118,0.04369605100766634,0.07650741985072317,-0.016592564798600596,0.06785309820133328,0.05596302931265143,-0.023788754461872147,-0.04399760323540042,-0.04069164729165306,0.033780476685417477,0.05583755872490736,0.07511888361635125,0.012089883111593716,-0.040972434333149,0.015047148256818584,0.10109299690156885,0.016589975563191806,0.012009375944724598,0.04777156156220862,-0.04026637982025943,0.0794088162437454,0.012743097929032294,-0.1366111324891225,0.05789798192899715,0.021779708459877062,0.013041242490257827,0.005549871007870516,-0.04288402839899142,-0.05372701161111401,-0.04103086822346715,-0.0946170719278667,-0.0685532636781614,0.0285955708408054,0.00208898285240094,0.011686016492306443,-0.010864176136881634,0.021218109628816362,0.08746353626228161,-0.059443113000727084,0.03311473063477745,0.0001917271190985677,-0.00761122743261368,0.06822982212522952,0.015280764361072367,0.03512218742830819,-0.012404454962043222,-0.04889145306645212,0.03419375208284773,-0.05812988505648708,0.011607389691125356,0.10288663991827654,0.07683731025736665,-0.011260340635531723,-0.012668602806120319,0.05330475937776327,-0.027306805358953128,0.07377623273394537,-0.0023879332247151858,0.0257296491457404,-0.049871304277846806,0.031868495542602564,0.032960483728818046,-0.02303329343851583,0.08829459904163825,0.06649578614726599,-0.08327261566855812,-0.0020861646186920526,0.08511945292041173,0.021021242909709158,-0.04594445834640172,0.007192766377941674,0.01684421519068166,-0.00470975618162561,0.0385325000646911,-0.031147734023156286,0.020032838421307805,-0.051475076021649406,-0.0904319932794316,0.022488100573310386,-0.08731299168150425,-0.018919971790983522,-0.02000981920421892,-0.03730993915122604,-0.01133567854783051,-0.03198575077337611,-0.04471116992554694,0.03918282307512748,-0.019060184858497916,-0.008739246087911226,-0.012403437425834923,0.05518911835585218,0.01503513995642864,-0.1011825597413846,-0.013014081333732105,0.03335963176254212,-0.08100773250576078,-0.018315990484557176,-0.05171912359898298,0.03871802313176865,0.029513337559970498,0.028177634098107456,0.09715279723253548,-0.02782592747403682,-0.0352754802642243,0.05252257691690402,-0.018121713725795602,-0.047004488119093565,-0.020339241521178084,-0.02900331823692573,-0.005110963143437909,0.029601575169637257,-0.0015627358265455327,0.005463751792862016,-0.004665941993455663,0.04905131367192439,-0.012358451078256493,-0.01674879257734829,-0.048417872941576415,0.00514091625579699,0.028618961615843166,0.004135732660688087,0.019604513685954193,0.08431381020303894,-0.039978584172494176,-0.04720383510491095,0.06893447361845054,0.03696369489401121,0.0018064112214224819,0.00713101644050041,-0.020269619162350993,0.06589794344613525,0.030956489396066003,-0.030419790851722327,-0.04182283376005838,0.037369973324670534,0.03201711204795195,-0.024336894085146523,0.0025716424548955516,0.021579911947050133,-0.02047671894133591,0.043723369922974605,-0.05270500723361548,0.023480895836931474,0.013262215453999396,-0.0024431887148008645,-0.01928736260950849,-0.027526600358536966,-0.014427206185201413,0.012574487930458001,-0.006234722147373794,-0.0310670385061029,-0.053183094461851245,-0.010882251036052335,0.06364736392490018,0.04597545666841908,-0.1028640545086228,-0.010487833447635144,-0.028002751793029593,0.07419534338011605,0.11372022337393015,0.05656879093897796,-0.0061185819195761154,-0.0010050170753030468,-0.007025482412288941,0.011763917025819992,-0.021158936756506153,0.009334757172629472,0.008287918594830006,-0.04461567611053335,0.0005194169176579806,0.025967816202834487,-0.012328990702483332,-0.020631012688722004,0.06550900499984236,0.025843883935192095,0.04412797778337506,-0.09742523424997841,0.048176632171506965,-0.033065607744855424,-0.01147308943948933,0.001545167974746442,0.08793003176757153,-0.0257508454037688,-0.017146869902764133,-0.03241427201606113,-0.007158086685890361,-0.11704493118557789,-0.011011800504509481,-0.004629144984451569,-0.025315779960841847,0.005710956081301155,-0.05692714649424467,0.002922996513315209,0.017040390848686596,0.03756662137253886,-0.03294462290016726,-0.016277808884210446,-0.0051023265496179665,0.008343824316670837,-0.02415489978345981,-0.03790659558098674,-0.011537574017197193,-0.01518723728874911,-0.009321339606713231,0.05686589125173567,-0.009605199622340048,-0.02413767232260569,-0.01051429762091989,-0.05398040583346806,-0.013585007910935051,0.029165553680163617,-0.037681424758529175,-0.10193158206712251,-0.021218767034967563,-0.0021208325847324122,0.03716204418646853,-0.0792731933992072,0.03520665504201852,0.03215875549056668,0.00863272003988181,-0.018562278189979364,0.009831100293423422,-0.03055342361979996,0.02313694171037227,0.005509658355735439,-0.015113165540633668,0.021243318805512466,0.03493732872503917,0.06696476612418521,-0.018041600007295874,0.0569350384547269,-0.013282179039493748,-0.047148310845946916,0.05486550474895284,0.0711340974419766,-0.023162918566937148,0.0966040776494885,0.001709190245957904,-0.012784403496982656,0.05982464426176396,-0.012442388233569447,-0.10500035987987982,-0.013475875519219669,-0.049618791072687816,-0.057550238487569454,0.019000738583291685,-0.06768906615270427,-0.04498091953889204,0.011336365393005783,-0.08228808331468147,0.04027153198027283,-0.04094040685288857,-0.013859988610326156,0.061079173317555885,0.015431472411592373,-0.0763148171676023,-0.02689092891251736,0.06047890641408419,0.019752790298263954,0.000909978180861318,0.12029960439618037,-0.024621366039820083,0.013059267582614286,-0.03687469656604689,0.021979345169266105,0.017120317968398083,0.02555955741467682,0.06288688128135003,0.012132585637519731,-0.01037782957440692,-0.08930642579163114,-0.033679102884688214,0.04035900680780686,0.010638708787584168,0.04406135408997799,0.03275960947934274,-0.07841659332268953,0.0705683662633189,-0.062180710331761445,-0.03054107082937793,-0.05899106789357639,-0.04628693026073679,-0.01077036887851251,-0.0368437958763183,0.0398189758681075,0.01038831832366026,-0.012156239254045919,0.01130356030702265,0.03087756187991452,-0.036430215121576376,0.02960272218888431,-0.026963467854160823,0.07680789790455902,0.004748138324117124,-0.09019890901372267,0.05631252144276187,-0.0009320543655562958,-0.013926543341712016,0.004290400503603194,-0.037204008832188204,0.016727547268176234,0.016402927402834642,-0.025180791507782824,-0.047283902121405055,-0.03297082086858991,-0.038117540384494955,0.0702211933774315,0.03564495216961681,0.04291936237585476,0.05246373610613203,-0.04717822485582711,0.08635069565565127,-0.0669736042125445,-0.021574819707759447,-0.05180798360866007,-0.00487655900238939,0.06072230609700563,0.012942889890179141,0.014138393452479988,0.023572792064493454,-0.004417252108873425,-0.043518194046296164,0.06803864001819881,-0.02984368283466854,-0.042327798852205556,0.05559826989682957,-0.06532314326127368,-0.021335166818239465,0.09217413708016288,-0.06182776987448794,0.007047155203709026,-0.028301868817372414,0.06524025336568932,0.003796575737278386,0.002510807947844588,0.03841652965525012,-0.16647211142814525,0.11874291067778249,-0.038660876337460987,-0.07279263659735481,0.06260829784082375,-0.037188036177055635,0.015661272546304523,0.022060739473903367,-0.021099110085128228,-0.10600997215092973,-0.061491988057117884,-0.04326631829574073,-0.060662372137999195,-0.008162819702793844,-0.028822488342137617,0.0012487764275131118,-0.01587473638782324,-0.03755373902532102,0.03878327167560102,0.03663010139627737,-0.0046367947556503605,-0.00903549128926669,-0.012031837782502256,0.07150864056398219,-0.06047444827754304,-0.07064879733384491,0.015113409653496187,-0.03633534396306336,0.037838531651727514,-0.013617625836828297,0.012782463823567783,-0.025590485010022847,0.045212923598806194,-0.026938350178001814,-0.023896996714956136,0.037168974814962945,-0.02522747367837035,0.010577542099902925,0.061859354204049914,-0.047365526363267324,-0.05068918967888166,0.006638686335124107,-0.007741576697456683,0.055139448441052875,0.07661400084077431,0.0441516548053192,-0.1266755939316662,-0.02547990039362978,0.07925195636452646,-0.01282733780308103,0.03970147209173547,0.033469032607541395,-0.007369442547057801,-0.02057049804073858,0.10328941016324145,-0.002540401601017054,-0.024704078702090883,0.03946306710438442,-0.04602770657799739,-0.018224581119640305,0.023392455177629515,0.02808505661087993,0.04395878881296638,-0.12022792549337478,-0.026040691314663487,0.020957265172214783,-0.01842785466365776,-0.08689375783414569,0.004689500525614693,-0.04942919316932056,0.02479941538843072,0.08362429646917074,7.688194931037483e-05,0.05357154206754217,0.013268750535960152,0.10843251618886696,0.06459783506210226,-0.10744457446097426,0.06534003319068289,0.09076594194825313,-0.040249567200481444,-0.048645907211605055,0.0381104756756149,0.008982703090544886,0.010620226050426968,0.0017614211288180107,0.15899685970887817,0.027739048662316215,-0.011480581185852906,-0.0005707589182803416,-0.009774732816128003,-0.02229647803273829,0.03330830104054304,-0.0009656265633069793,0.008137098178056267,0.06618389194178871,-0.07583012674807214,0.02109135131604968,-0.0051250900135528365,-0.01705830894944425,0.014083793496453065,-0.06958891650633846,-0.051017206457798225,0.034185371675233105,-0.04058175226221987,-0.012810119448247146,-0.052424817252658816,-0.042396621959086944,0.009640438405519201,0.04338329526940545,-0.05749114148702733,-0.023345141065879736,-0.03200830508859154,0.0025688756819529715,-0.025048033797779184,-0.04762560021312246,-0.0629392056713424,0.00018885943883971038,0.00786352233046194,-0.0024178366612754277,0.0427954706986076,0.011429422211177567,-0.05413573019918384,-0.032396265139014634,0.07056680797740486,0.002711048468120911,-0.03512276848438678,-0.028804671247438227
-0.03637470733186986,-0.015291532852095412,-0.012783324309904151,-0.08586891543763078,0.021136653858983723,-0.038035045840795596,0.0208518518802408,-0.06185746639177283,0.04304833231068128,0.046320934843475214,-0.03883339842629199,-0.029515027775968365,-0.014230840564837111,-0.006121061745127728,-0.0348058726630894,-0.06280147702987719,0.01117585787471481,0.010864288702183646,0.022997120688141304,0.013734722346279784,-0.0718544592362883,0.022579203494966723,0.032508140157983804,0.005745973608125292,0.001077714295100031,-0.07733903531130122,-0.00041041420985206623,0.01434595197546519,0.07558156067096587,-0.023111739712996543,0.010083814649655336,0.11699385188702134,0.0024625925781568934,-0.016575688654932873,-0.003847201631720179,0.010444446733127746,0.03518454275355689,-0.02590965764451505,-0.06561535713028703,0.02840787110007904,0.04875908917783251,-0.0005068503943904456,0.020997875704198466,0.010851229640160833,0.008989902283022608,-0.0450151213531957,0.04647674568693781,-0.03502680461615429,-0.03625490916168859,-0.0696876910642031,0.027600776435245722,-0.06833280539134429,0.016228950681569043,0.04408144384855241,0.023534874335094484,-0.0033237765293202175,-0.032512627730593,0.040474983354494294,0.05386786009856623,0.015267859872905347,-0.047058892711884445,0.010404447953020073,-0.041799624661901826,-0.101178995493545,0.08175488278024619,0.005949828868356425,-0.06967767483320092,0.06227819378064968,-0.04023763878127431,-0.056852779785948764,-0.09952885135247361,0.03886605710135175,-0.06618621413496331,-0.005434644181512098,0.0387924865933261,-0.04177523412354843,-0.05259413394523002,0.04335936452023544,0.03651528697545451,0.026533431494440957,0.08562888457144195,0.015138783001487669,0.1240541838917951,-0.017886209922061778,-0.04447178975497978,-0.03235050810178385,0.05913842749539483,-0.01953364129145713,-0.04930764419446423,-0.020326531106140522,-0.0018527970142200873,-0.003939942853782745,0.07636453271899163,-0.03677873186290342,-0.09231292298664699,0.013935032563057195,0.1067048022408537,0.0631151289679647,0.08413267267596043,-0.02978524221185806,-0.0008276039728786445,-0.0246858705645544,0.02637749934575575,-0.021779473798268726,0.0319692707582435,-0.06423049699305065,-0.055825965272225046,0.02110345825185844,-0.051646984644619386,0.014580785057552892,-0.07461409991545483,0.006991505867972184,-0.006406986539068766,-0.04580360506305815,-0.07370869111423708,-0.006032901415090304,0.02498436605444253,0.08630338967233903,-0.06523548109358342,-0.07821892147027826,-0.0062439940713694625,0.024643605483037293,0.04830421296021939,-0.0029370102589022866,-0.0532834908552544,0.017435141636067783,-0.07368987054028353,0.03690552923302485,0.014806019382771101,-0.03332622522146898,0.038002419930950194,0.009002650458572544,-0.008152873463404835,0.05577998903062377,-0.047366857449043155,-0.009317034659941503,-0.01787740501098254,-0.004705702989608648,0.016879345916895366,-0.05256560788354056,0.011104201013783132,0.03738986554653168,0.06567037519068758,-0.02650675392712289,0.027615906600397887,-0.04818132805784277,0.07856808106813738,0.05157106740699413,-0.06883131899811039,0.07240230165046545,-0.008093264725438021,-0.062189508051111855,0.052768664082972774,0.013116526463256237,0.016840276990613492,-0.0845673353353565,0.009743975390810032,-0.01610767921929308,0.009678870010146848,0.07084522025822841,-0.02525610867126604,0.02325955138406844,0.014808835255236023,-0.08327538535085263,0.045710472048151436,-0.019207647472521815,0.03744259149632693,-0.03745593156449128,-0.030120558712095367,-0.05534545233157176,0.017596849369287883,-0.011001055944304521,0.006737843284030149,0.08701383543389135,0.13977297218280063,-0.008269782108612626,-0.0072078052966244735,0.031093744011214015,0.017974979886205215,0.09496523979074241,-0.04014429251023924,0.0666050178759913,-0.020079413190836285,-0.022914249074699578,0.008825966637754654,0.0013160597188875938,-0.0007969154626937852,-0.03128339635732465,-0.018234113019237445,0.023968905158408133,0.03745663753896069,-0.09366203248872326,-0.03818403504966948,0.08254285667524813,0.0037582617620335957,0.04181563651820791,0.10673721973266546,0.025633068109170244,-0.014592223398583288,0.003638103526621326,-0.023992686886975374,-0.06290125380656658,-0.07981159669181848,0.048215394043290165,-0.07648697727708734,0.03549921829419219,-0.037556154313343464,-0.026132024801203236,-0.04967092007047337,0.010099541345760465,-0.0250979079913429,0.031566522959330684,0.03411569574723981,0.004022209984118977,0.008080052900191748,0.041394390677405524,0.03756023019131579,0.016923962585123967,0.016149375464776124,0.008127979714814978,0.06201454296117464,-0.03097789134112568,0.03726757052196452,-0.036156896842507356,-0.0017600258266040013,0.0642443809389333,-0.04711769594104425,0.10594093111362199,0.0311309635534374,-0.018319963296814266,0.06716696490840364,0.1546524873212564,-0.060189801893006614,-0.059710611447557,-0.006483725131268344,0.006019638967095892,0.03224547199291712,0.046461368457975466,0.01648619606741008,-0.006967629672727453,-0.11392427205693108,0.04740091666623395,0.020856140808494416,-0.028519432153570595,0.0018623209166298085,-0.06860192045731123,-0.018009718835509225,-0.016241003098675478,-0.07237216312230509,0.04842910315010814,-0.08773228680377038,0.07019986294987854,-0.06622334512921017,0.046262629622879456,-0.0679577913692756,0.0214009560054112,-0.025710625248526294,0.05486282938819891,-0.010111924156978981,0.016021500244253393,-0.003413106759394816,0.07721038122673046,-0.007649315176777703,0.03772587555084542,-0.032382243007787484,-0.03880550372105634,0.07345746359778639,-0.004273189003754594,0.1000045058821217,-0.015607085554911719,-0.027707416759332422,-0.07242110400383894,-0.005930332740132941,0.03265353519765177,0.005434224231836198,-0.025349304344949416,0.026522071520154605,0.01702160509277948,-0.0735966452720046,-0.00399540906280933,-0.0616030086099419,-0.0028906047268243847,0.054822711839261976,-0.003286926525218465,0.03757087032985244,2.3760091980611424e-05,0.016946571501286565,0.022320927378475387,-0.05179448196531631,-0.024913419175535596,0.06763386599388818,-0.005721467871692103,-0.022683302110711547,0.0333681590763528,-0.0640851552905575,0.018286876801270075,-0.03325393174667807,0.015545695073507329,-0.00053092649649523,0.04923457126216362,0.0166034534590448,-0.02943095257249733,-0.03903000463477264,0.023000914963738052,-0.0704669065462494,-0.05748791455855403,0.034174539218351896,-0.005516521732685878,0.04506570406428554,-0.07524309346371624,0.008305963083576472,-0.013862300865029358,-0.0381436774689939,-0.04341347908512096,0.033820112982543234,0.022059939220784395,0.012942875106441504,0.008800586019987039,0.00099255126598753,0.0069541031244934335,-0.0011277169021554514,-0.0009835903979910129,0.0007612087932883663,0.0023666508233787316,0.020133209120581492,-0.08365015596589276,0.010214362087871803,-0.011724346393291316,-0.06896410944405705,0.07325164860377198,0.020653463739083125,-0.008459525591704315,0.005304089481248807,0.05165404993681328,0.009044795025172508,0.001045588060903676,-0.02405619442123584,0.07031248705142615,0.03130043336155913,0.09076006373375042,-0.02488522292756982,-0.036743122895176,-0.07277889684678734,-0.03352341327836904,0.0019398157189766077,-0.03704150608061932,-0.03716805464260594,0.029107468529186945,0.00970410734706937,-0.05724797147434901,-0.025302554763771128,0.04386751644700835,-0.02689035904914572,-0.031027479359674884,0.02175945421076656,0.01433455578983163,0.006748593847289303,-0.03658123102105142,0.01301801710206963,-0.0522946607243234,-0.016722300060279454,-0.06002462044271484,-0.028428889840361755,0.03438602355123611,0.0497058482872681,-0.10595509911066078,-0.08347386268185929,-0.08039035049731716,0.04648793847529419,0.1049426616088264,0.056203975951602425,0.010404653894646487,-0.005648361405343388,0.008661148071503186,0.021182482023438934,0.03618990012295248,0.02906984918088691,0.05302984924640557,0.03851632324708046,-0.03504800016834544,-0.014819861454524958,0.053001100659449185,-0.037659433452689614,0.04028886392115652,0.02072949566660317,-0.09562947357813613,-0.0023360959888605983,-0.08306874479920467,-0.007589152715029604,-0.0544884704936673,-0.058907601191010864,-0.025697782184363572,0.05625500871809442,0.05002383536951398,0.0003823133363380461,0.013980077610261446,-0.02983453127347026,-0.03554658830179881,-0.018875234322199737,-0.022460576867636393,0.05543244621394226,0.006324065728569192,-0.065851672545688,-0.02581669067084099,-0.04825713028605134,0.10767240470168084,-0.09486630896285775,0.02682679454542422,0.04945307912316688,-0.017964038726665518,0.010940192534706421,-0.03444775203868476,0.013086768803626372,0.057567742346523745,-0.08428327585094823,0.09613900737795388,0.04517431396326456,0.05760954761523176,0.11739239730914389,-0.0276275135377929,0.021417776037479776,-0.07457675110802325,-0.010361731442900231,0.04833462566837906,-0.034838798081895786,0.03003390817563851,-0.10229921888376073,0.0157782199421142,-0.03581502013791814,-0.03923208847626874,0.10729076442586163,0.0008630198481325355,-0.028653436591934516,0.04951521048162241,0.013700518370278985,-0.045449400079179365,0.0578153802111294,-0.037789573734294195,0.04965990562874412,-0.03761587869606982,-0.023702932468480497,0.03558400407449939,0.10952035815202452,0.0324428467782837,0.06428115203003493,-0.07813721869748051,-0.03271715456657049,0.007550617519065781,-0.03311566583345782,0.026847285156983158,-0.00628667211719859,-0.0017227361167144498,0.021543519292763054,-0.03326523798993892,0.05864224886034522,0.03347043782270025,-0.019075389372449045,-0.006881627189377912,0.03125342430219361,-0.017719193958926696,0.017894076269762846,-0.007272267077150827,0.07534041543292389,-0.10402858453132893,-0.012688558834828272,-0.008369196728465781,-0.0391866355841077,-0.015590010029943303,-0.028827626900185407,0.014425811926256886,-0.07553322008862831,-0.0075142580897374035,-0.009199389190828133,0.11909843350738876,0.03908793210175124,-0.05090729994438187,0.04542407673498949,-0.006242115671018202,0.12730311820571047,-0.021604965448696854,-0.019846102680235185,0.07249501863850638,0.026591514248350226,-0.009859733891606954,-0.01654727984895621,-0.006857135069950729,-0.04647637665184979,0.016739277918459975,0.02052487643841711,-0.0168440856941882,-0.011111065527068682,0.04940660118852019,0.01094080580197833,0.02197028701155359,0.005723619859868837,0.01801335361195233,0.025663489035737036,0.07088639442749244,-0.014107775536577457,0.03182450086703122,0.10571893396940668,-0.058093792961649064,-0.0073819762881260345,-0.0238471827942196,0.08205829673121806,-0.02940561610710973,0.02566092481924929,0.048335620459535156,0.056689585873812225,-0.0018243874773876674,-0.0037608461865753207,-0.06285120708449152,0.07842854701027296,-0.048721312846118664,0.04336583440012486,-0.03699704485557417,0.025674042594992213,-0.036771359513813814,0.055448923062270276,0.020444366529019375,0.037769700443592825,0.02150471396907333,-0.035606515089684536,0.0016610280857821099,-0.02950325766349199,0.0016361313040167131,0.03198399770270696,-0.07644519723402636,-0.07714909044315985,-0.09308233108084854,-0.0016552479336437733,-0.07010449212570913,0.06118004989582685,-0.005232280108430833,-0.04670689378965642,0.021264217595128015,0.010935689690883474,0.025292724269626754,0.0072095142914483734,0.010051749931813566,0.01933612576748429,-0.017717581339904403,-0.04471770287595592,-0.005245904776958369,-0.06811801630105761,-0.023575642193666025,-0.015657374332425034,-0.04555558812697039,0.02749058942419471,0.052284080162877264,-0.013839861913873727,-0.050034581949288844,0.04793323060383093,0.0018414488542089459,0.028899817888656212,0.03158861451754946,-0.03497205434774264,0.01259308786808294,0.047271928986792645,0.043894924813288244,-0.05918521230065513,-0.0038615824720556586,-0.14061075553005536,-0.03919275315765352,-0.08996918927150004,-0.01710979517448722,-0.05313183547967411,-0.053800930741578844,-0.007210218364042281,-0.03711245564615938,0.06256697066694093,0.04783349727268461,-0.02700631576712814,0.0005486362634192372,0.01261665607866721,-0.03237388290373361,-0.013471786657527055,-0.004532610607870788,0.007504158907364782,0.022522278450425464,0.007075724688755265,-0.13620464494265694,0.009153861401847164,0.03001491358511619,0.04248396318852331,0.013915789055676713,0.005456960722084955,0.04965693254614432,-0.021895014892172767,0.05482631447003147,0.022954423871614664,-0.044869957309133755,0.037204434920069356,0.007584865289389552,0.010515826205790075,0.08139958602265976,-0.025978383187800082,0.06335137786189315,-0.06120919354322706,-0.04485967887485484,0.009935767416465291,-0.022739763126619003,-0.00955659977768788,-0.02605782023904544,0.085634426895318,-0.11545620366751905,0.04648943047643392,0.03364190464954342,0.0020968966756995133,0.05272556717761679,0.025028297649146408,0.022614443833035288,-0.022236542044245328,0.03763863555787851,0.05008277489541603,0.0009692418569277852,0.09153512055978626,-0.007252426196379396,-0.057051435403579334,-0.03266907470910976,-0.0022300995099060208,0.06090150111672188,-0.0583965138407273,0.05333209016601762,-0.024515080341281203,-0.09112422228897127,0.013388089466906486,0.006095529518847839,0.019776587929598258,-0.013983341902266978,0.008659145113825139,-0.08043404288668793,-0.01790976185415784,0.04569481005088459,-0.03533657610696237,0.0053002745835998176,-0.028294999721453454,0.03891467028225324,-0.09657592428183336,0.0158972619284128,0.036827856627031176,-0.05332795730756173,-0.023492445195525288,-0.04638345711156764,0.025439798671706485,-0.048867877303725465,-0.003982279830099699,0.0019700121967490933,0.0663624856601742,-0.10812277568416818,0.007766480256721334,-0.049803269945323574,-0.05422367699610597,0.022328821216877986,0.015477366487759861,0.0066511270307525955,0.041184393059101446,-0.015720960253632527,-0.029225607412558984,0.029728500746818463,0.02164385608528818,-0.048755129223501205,0.010479223563811677,0.03485417357579144,-0.036182123775878754,-0.08012503091151647,-0.005941925727682736,0.08943256605345823,-0.027573167478435513,-0.02327395259576474,-0.017116648582657313,-0.03514106899968039,0.06067799022675757,0.07159926534669407,0.01587836976970586,0.0032054673450295176,0.029587934038490468,0.07005624573898883,-0.004760143127416655,-0.033048986240081374,0.016327972442113817,0.03141402849981098,0.025512774805487602,0.04299187785175693,-0.011393622742520947,-0.07519731753228513,0.05112095701199876,-0.02387074203937984,-0.07555024146373192,-0.03220288685476257,-0.04726035904748509,-0.07425845739133449,-0.08087766584401603,0.03461836938225367,-0.0009635197902116378,0.008070019824455111,-0.00301681054141441,-0.07847984528817449,-0.02964051108808469,-0.060824322462096535,0.007615048151339032,0.039736193392251824,-0.033746432524069316,-0.07333810019129625,0.22303911120625347,0.033101597796207714,0.0728525242834255,0.13459491433336185,-0.03106408870263132,0.07816047413694364,-0.0577299842601714,-0.020653164354402415,0.02661160611169828,-0.002575736273933321,0.036509916056944966,0.10840307983619343,-0.023008306118217976,0.005604029806421566,0.0004993469364401209,0.004027672070919715,-0.016847165944720396,0.016475715814543216,0.05567399043724448,0.003664090649185808,0.0024341466454397983,-0.002315804097803664,-0.018220660066169802,-0.036574568116136734,0.059917388929293394,0.038688030252940965,-0.02730200054328866,0.06421811146071699,-0.10981578335041613,0.04299607549331251,-0.06416922571381108,-0.07854225551983324,-0.016950525673608434,0.017978555489596412,0.055421259942253456,-0.07204469182831096,0.0401819186995631,0.030866955742932432,0.034395976138325374,-0.11429268912216728,0.005774748063556975,-0.001099087830990558,-0.022160717488039418,-0.03315093611622993,0.0678873829787014,-0.021826912275894072,-0.05285568179755907,-0.05715328803709929,0.011130715893963104,0.05213368043536367,0.05306103803801172,0.03595017902925862,-0.013066560560660809,-0.1051034870006432,-0.0731468169474855,-0.013325830763928535,0.004844527442176222,0.13060120155498356,0.015999966163059053,0.0023210103934976876,-0.04584815121955682,0.008360468344755264,-0.09000702553469593,0.02459717684314086,-0.0021116194547711256,0.02403803635161709,0.08541566879877335,-0.035978030222093484,0.10679970353339241,0.07583806035447646,0.010388656897905975,0.001600649790998051,0.012780885616588765,0.010206253134294642,0.027341736921697547,0.004053835354251233,0.008101128073274861,-0.05011967218374276,-0.01858872106473945,-0.0622921192219068
-0.02523193332147979,0.018379220819453552,0.01416798832685948,0.018624971587238543,-0.0029238283454083498,0.026614537405453765,0.02844088617460189,-0.005019003382217238,0.09789693691869983,-0.01846456985627357,-0.07076259643882456,0.12589058518267585,0.0901037267615514,-0.0018681768631210638,-0.045260499365585176,-0.07959250103343729,-0.034550961392294854,-0.007447465349272465,-0.019457420625229302,-0.039025129590031425,0.06729598489413742,0.025616980751510265,-0.03538160032857656,0.03411693596206626,0.03302274245756441,0.04878553538557648,-0.038029405775942264,0.002564113852952578,0.041000674868223445,-0.010484864856383561,-0.013035530232965926,0.07494664968639747,0.09355303625773013,-0.012964563576761332,-0.035295530105720445,0.024140023239244437,-0.0042897380695425934,0.01911882748185991,-0.07503744715590212,0.022416610167346935,0.02283280257901874,0.10762778724264568,0.003311841684951172,0.015621982577074835,-0.10155774218651986,0.028133832209219826,-0.01263621063952931,-0.04226729783235118,0.026261333866718892,-0.0399590676652493,-0.0008705119623134935,-0.06526203430452562,-0.01672657641534174,-0.017831677093744027,-0.008656774688648134,-0.01718198244461061,0.011652593403760998,-0.05412451342954785,0.03197626628634003,-0.03933382749515056,0.04131551861636385,-0.03302977811438302,-0.015833956121867596,0.0342357187824728,-0.01929540303417849,-0.026645035469598087,-0.05818848380181609,0.05044856993031881,-0.11119142204507647,0.03926875210454608,-0.056259155889432574,0.0067522885604553076,-0.1316692873680365,0.09062492931723481,0.030703874501136583,-0.04659810754833594,-0.008041662954172106,0.010975299878417982,0.024151903428839095,-0.03728589679265296,-0.03730929346078179,0.036044211842143535,-0.05089689688709563,0.07809619082472477,-0.04262257019701504,-0.04235999103258336,0.05710872170783178,-0.09534963355826345,-0.015450387089960145,0.01847616692401858,-0.07217782346844064,-0.04551826522025714,-0.060885163936063566,0.04182128824600977,-0.031844395218642615,-0.01699816780132582,0.011382945016235213,-0.03028066204567298,0.053167598329771235,-0.007740733185075959,0.08384301737124754,0.01637303462898459,-0.04676069017234741,-0.13627665310255038,0.07519097333858112,0.040048707142736485,0.013514431601751415,-0.01751388971272151,0.07656569795427062,-0.04009910909410067,-0.04965688006673263,-0.08161736004141593,-0.0075907113024469355,0.04960730660427808,0.015352144727102656,0.03396758460136159,0.05020765352341295,0.052817257326299216,-0.02282025762103285,-0.06230691037334806,0.06465864852171407,0.034636855673634455,-0.004298693010305299,-0.026917050985830727,-0.02610465868870262,0.03285007264842721,0.0008279840644704454,-0.010851824551288925,0.016430434028144487,-0.009787859022029052,-0.015324851536145436,0.06447418667081697,-0.04168134342351001,-0.01455463370008809,-0.0020171769766486438,-0.006133903880315929,0.05954672795695654,-0.05107227293993145,-0.00613752248473507,-0.008973374437023238,0.030237367838802,-0.040272910727410675,-0.0005767000496990267,0.11185339924450302,0.006775218380792867,-0.0070349886620793434,0.019635888538839144,0.08465422925397643,-0.07334367726920764,0.05534192728137379,-0.045622437289174825,0.030904093569672848,0.050724235945132964,-0.12123944196713465,0.08878179808423955,-0.03679687919477161,0.08028892167312972,-0.00432830301168767,-0.054838225785043195,0.027758295270487877,0.0007666026408098182,-0.04486824924441986,0.022361962825644264,0.145221494425191,0.05189041140567863,0.08009064867031673,-0.0479672251793683,0.03874214073524085,-0.0620275543103571,-0.09206854123785306,-0.005667222612846609,0.02437337863923014,0.07187147033989731,0.12395096487616764,0.08226710651127643,-0.12193275660326997,-0.05108793514942359,0.08699435375742828,-0.0173156721906758,0.025409385941953657,-0.062008293457084654,0.013515093261907161,-0.018647320638961493,0.09804786038699197,-0.016978329005502054,-0.01673985603275748,0.02428910770896784,-0.004556572336161166,0.07166806419995533,0.013575530357947896,0.06525110665642948,-0.0552598313888002,0.023525416811839707,-0.06954246728519223,-0.07088058190529019,-0.008925513565092096,-0.01025819830803967,-0.04216842433953182,-0.06361496299651444,0.008063574973996849,-0.0644398535921191,-0.06448049627000342,0.08029825086723553,-0.026334432664945402,-0.0100931040766414,0.03100748774437857,0.041543438339156864,-0.005356591469850186,0.011173728829780932,-0.05972355900767997,-0.012621954975243568,-0.05816323236881023,-0.03277157277973255,0.06194096682153516,0.04250717790978274,0.005985449871400723,0.016324807004592122,-0.034207958284219075,-0.008308859561164308,-0.011712365095735165,0.03716602801686437,0.010487608073702567,-0.07876892913702149,-0.03949404832564035,0.04985064912793685,0.015161408542038414,-0.05755833677068645,-0.06711227860812416,-0.0021279047169021756,-0.05196767593322067,0.07677229916925991,0.006342374696206101,0.013208402105795299,-0.016882146994247876,0.014697920233895004,0.04348881635896567,0.011416815234701231,0.004572656117031613,-0.02003442852293268,0.1286018123327936,-0.04633000314114489,-0.11001777188871874,0.029252671401174594,0.07916068402654744,-0.08200792389475627,-0.07217622940664942,0.045344503848141704,0.03738460982154311,0.031695329423410724,0.09404934732401891,0.04792025705410875,0.04437538937667186,-0.002264997637557174,-0.00715229265270677,-0.07616625099074875,0.061366736301042,0.12793963261977287,0.015287833440639161,-0.05879809653187904,-0.025377058366707284,0.03641092786971087,-0.04360848046398453,-0.011455270266664977,-0.012042303917556443,0.1033824770272915,-0.00014606540758426584,-0.00784411979177764,-0.026224355604868167,0.008011045910690002,0.040543231621634944,-0.06320027092748805,0.05103496936949726,0.03799981584211721,0.05985779305697101,0.03770338073538532,-0.007483241799532123,0.0033108764769721514,-0.004854888021559138,-0.000590508943673206,-0.034889258367066064,0.025901706659374125,0.04593530323195023,-0.0371444419338481,-0.006131883067985976,-0.044205840812163506,0.09851198414266905,-0.0210450223444033,-0.03399403352756815,-0.05371567100535696,-0.005306871279689631,0.013532393875827234,-0.055024485439800486,-0.027629151841887044,0.041783685180020645,-0.023209576112164464,0.019315139292845448,0.023385557730934863,-0.044458109377799475,0.09076052521786455,-0.007446731818806839,-0.010577342693643412,-0.052710600677362454,-0.0224709686710225,-0.0011540188590432768,-0.01441226003366422,0.08057272608341039,0.04946168657439558,0.10135278528059206,0.012209920633875777,-0.029087603172759047,-0.05555578911399152,0.1293745000929113,-0.011321480870887985,-0.01463497009582394,-0.08139097578847644,0.06470416982319126,0.06392705541743876,-0.09402281867576417,-0.02140219631164073,0.04209133787333481,-0.04169137446339917,0.01047394158497555,-0.004827359366582323,0.004217249638881569,0.019707527060611393,-0.03211328713905129,-0.026276473012431033,-0.10281283063716785,0.04088444886003813,0.012707283490810732,-0.003057755529579991,0.017154348947403652,0.016112898989945206,-0.029430937913571098,-0.032097425917787394,0.04761215344977786,0.0249032417204032,0.022580609892457013,-0.025721513330935086,-0.03116573025981207,0.017306884887383096,-0.06352849972092955,-0.13624241263329592,-0.05372718867857967,0.006015806851325418,-0.013327398479001143,0.002180829110563262,0.011789081013149398,-0.04080198233723847,0.046620612749735606,-0.05023087477241141,0.03627849714784771,0.07958156952896257,0.007579461408838088,0.02927974809411542,0.058624083745092315,-0.03961516232477648,0.012052172056773872,0.018142478215609534,-0.041749706269713645,0.023690852837711458,0.05760607882937384,-0.06014162659792722,-0.007418649965374606,0.038294354348346486,-0.0017384114213003373,0.10723990551796665,0.03505449396727789,0.0664984771947103,0.13166618725473891,-0.027540788308675835,0.05931096986337152,-0.041913221492284776,-0.03661458232675345,0.016947460365026333,-0.02045542934678913,0.1173623548153897,0.03795217616104067,-0.04526526553540225,0.015574808438929706,-0.0034575558014026276,0.018890205441074105,-0.10168529826543304,0.0072686974904629924,0.02422102061972576,-0.023874517596640086,0.005483257929319941,-0.03167233060842957,0.0032371185049433625,0.007223709596667663,0.06246156232062818,0.016145948039349323,-0.04865619293238669,0.02382302845399496,0.047476513830968785,0.04347539528585409,0.02525437823429814,-0.042537249620980794,-0.025776243263455338,-0.04122328579607135,0.12422716387284471,0.08385229940556846,-0.06212780151563613,-0.08057197080509393,-0.02823636183778619,0.026016600805401538,-0.05168826813029694,-0.03996138114757913,-0.020428151904522684,-0.022811222989638863,0.06015382934960321,0.01807269786723713,0.004834414488181073,-0.04737942002576135,-0.04937736007464232,0.057429914684125935,-0.008032889749004093,-0.06828989694342019,0.0374792489827557,-0.022621881777127678,0.030454068668975785,-0.04485110288779993,0.006760161875724712,-0.048744117982328534,-0.09514453166304541,-0.009259812109392923,-0.02671553042412529,-0.0016848025238860036,0.05909228193631419,-0.06216420158381357,0.06742495222493727,0.024883518367319928,0.09139528710683259,0.009369004733962913,-0.009974407221837426,-0.008085193632738762,0.06407666487383894,-0.06778175940199188,0.013436050337965043,0.003375032670742544,-0.008862330614244695,0.04429715051688587,0.05660672190769513,-0.004730794323893969,0.01066971580516803,0.04398300625024014,0.08004998402478722,0.057723874765388636,-0.014993008486052705,-0.03853981594655798,-0.04446422630510404,0.0017484076658672515,0.03702425467215615,0.02967713337579993,-0.04012431860433437,-0.024515547348151145,-0.0677305607762302,0.022900670339947412,-0.047871669756244205,0.023719271930091185,-0.003529053359401186,0.027469809350451974,0.012444172349423204,0.014196071151280507,-0.04059386837558163,-0.06242698766112951,-0.013167208666734664,-0.0007379908275237876,0.018723625960179822,0.045541235530208383,-0.04203673901322492,-0.07995415437102918,0.06882926008740042,0.02006839075736842,-0.02025738196789796,0.02146158765805122,0.015884863536155005,0.004195892138045017,0.08880428436554984,0.0429120720558954,0.0019802153367385654,0.04750002287691005,0.012210830201569422,0.004118202010933801,-0.06551215045089397,0.005130209429053597,-0.00010057418013740783,-0.029428787248223013,0.04900835444087445,-0.005628686124910585,-0.015302363281043938,-0.020643365906091643,0.06350085863762288,0.05225960997570274,0.07865459399402608,0.09168816933115247,0.029524173096200253,-0.10921201074393534,-0.012672997892747083,-0.007978192457965627,0.04496034452278303,-0.012180996991804005,0.02673472767475634,-0.023879169615206395,-0.03941401109716993,-0.014338295093817415,0.08541460058900836,0.11584345603508502,0.02871067974831923,-0.04625066104522033,-0.06927305457061711,0.08102821705097757,-0.11127725457075956,0.08330454791851069,-0.014545061889617803,0.07623458227902818,0.0058349025140300445,-0.025545585867084743,-0.013046784908078448,-0.005738113821271862,0.014620935917759805,-0.07069747576837346,-0.10449984590633461,-0.027575155078998933,-0.002881541516263712,0.06120747669470905,0.04301570674806745,-0.007397320386622868,0.008171851086253122,-0.032777901981641544,-0.030384883416039926,-0.054770633206641106,-0.03145443002699333,-0.04349562809367905,-0.03602597497295058,-0.007020092156669348,0.08345559969628055,-0.016281390753363517,0.03853673920645659,-0.038340835878296356,0.028763355977517762,0.005082272031401331,-0.10103191807412852,-0.0077177508838762844,-0.03554658712158331,0.020322025853681123,-0.016394238022650325,-0.008473382147890748,0.006863630972205851,-0.03191682544761012,-0.0013836174886771592,0.045858261410632345,0.0562278772135188,0.00978271025654877,-0.031320440072752156,-0.014049405643156092,0.11764105221925668,0.02488975683570604,0.01779983188731035,-0.04729195289039538,0.028760442815193674,0.095147528043844,-0.006304201361023303,0.03725577162834514,0.020252429461520706,-0.02488710980297107,0.013320888770023225,0.01378229650397275,-0.003939299273684704,0.051115507855766455,-0.07702667522765433,-0.021839449508967983,-0.08530359477791735,-0.056217043671972736,0.03945751458198863,-0.003953864352294797,0.050616192022575,0.05246387986802633,-0.0020808393545737537,-0.007977652482801979,0.007459834761017528,-0.003694611123324359,0.06502783148893362,0.013249223785153417,0.07672613593346207,-0.02912719180937646,-0.0271695600418475,-0.05067665449591259,0.054614409562279,-0.015845075587500368,-0.01942575071511535,-0.04182331377058122,-0.004439703461556048,0.0033785301223212415,-0.012473789810121894,0.02770370554991405,-0.034242921338559155,0.044680134905928204,-0.038696932820999036,0.006700671349994459,0.04201215933868118,-0.0016051916972323053,-0.06360243636333075,-0.04857719832317729,-0.053437672510356464,0.009137811286557917,-0.022363665451632996,-0.00360938645714406,-0.0683197223286366,-0.023675049306374235,-0.012821438461194384,0.0503726407358876,-0.05269989070143501,0.01913160383066872,0.0005125682538212115,0.045804372634959845,-0.05882859426439094,-0.057478897617041176,0.036810052193583596,0.05506254814115209,-0.0033136137527274867,-0.011294839016147373,-0.03930547983012929,0.03346854502977053,-0.01964628430141421,-0.01019450953300692,0.047620400489737126,0.016575966451569276,0.011287097724778847,-0.012076048337564288,0.008108601217545992,0.01745281053772594,-0.006917110008114852,0.013946432759827394,-0.07542422199522751,-3.4248233709235105e-05,0.004444248382126603,0.09469173805419405,0.0214173840251225,-0.042897153779223714,-0.030835368691633582,0.02915921180133568,0.06731303677205451,0.012034978159870301,-0.028503817824596236,0.04122155764916995,-0.06631127875506211,0.058965532175887986,0.07411654120950094,-0.03570587056332634,-0.12215901826207955,-0.02915741557080735,-0.05533604657465577,-0.0581538381578802,0.02281807011117404,0.017612967354377673,-0.10595191590628418,0.06197855832588795,-0.04311120026741995,0.0230470377036687,-0.014527978231941576,0.038912992399481566,0.024135820282149587,0.0018068921628051984,-0.04749652442779984,-0.03945866554399839,-0.03847929345175918,-0.03362711967826665,-0.025393865147427423,0.042646557864729005,0.008768857743160625,-0.008375135523686092,-0.04092305603566591,0.04410073381753134,0.029615204325974795,-0.06512658729914385,0.0561131296477061,-0.048119057246236614,0.07137555035248201,-0.009086657232012504,-0.010549931327906385,-0.06537840315525266,-0.04955954031569777,0.015386120638539795,-0.02405468098462108,0.0009712266819982625,0.009670951528523125,-0.015592191823841183,0.01664428098519534,0.021628305110665807,-0.03468949823050234,0.03600607127059558,-0.015741126544257505,0.06502105207808609,0.07330718635551058,0.07074043830691398,0.02610193064599954,-0.021341127729140378,0.004551515493002952,0.06380003435182048,-0.004905292844882769,0.007917204698249277,-0.034234446946418154,-0.08626435894984091,0.04918499344636065,0.06970464485747542,0.09998722758336731,0.14637990629348024,0.0508647089083786,0.08143845026029166,-0.060983455706228,0.024752748958003005,-0.0023747751856082505,0.02053819656866954,0.0156328646167472,-0.018111649667110426,-0.02084107474214346,-0.087303177134371,0.045284344913301064,0.025933598042126565,-0.006211876078729924,0.06923178116213026,-0.00968610459810925,-0.006398139342765425,-0.05425838428685063,-0.08587737114631025,0.021659925145800757,-0.12067398944994967,-0.023486279984224135,0.008083704635826824,0.026633370290323605,0.04360994774673957,-0.047354129096567776,0.04531717517994861,-0.03443580770217437,0.010652116113846059,0.08362745817474272,-0.04450352477913021,0.06674453845137386,0.03494686839037635,0.01456974320072284,-0.036505902326466375,0.09972759759376655,0.11265268151268118,-0.13549052469560413,-0.011313638552032806,-0.0066074421248403835,0.0016864424638990542,-0.03338156014838923,0.05458146342164766,0.04799583453845001,0.015183931327435741,0.07449732496646118,-0.019631528020630822,0.04667207413846144,-0.06243424594054416,-0.059858604219060474,-0.01698729347521746,-0.037479138177831973,0.04558640740693165,0.03583856766768991,-0.03421642785787836,0.041587528459340994,-0.05282827799355196,0.07658855217218861,0.014183311542761206,-0.05143855530283532,-0.02137361970584157,-0.09132201252076905,0.0030489783968265507,0.04511766705394699,-0.06151350443151293,-0.009465862510362362,0.0409096691630666,0.044360207564434276,-0.005240425062000334,-0.02998803533583624,0.03219254422034601,0.0546904401896503,0.08719428736397597,0.04891615559379849,-0.01624791644664891,-0.01634715920128735,0.12432695943733957
-0.0018912383089860784,-0.060240512979196414,0.04937680460799693,-0.05119847335955124,-0.04452261565717489,0.09983053738403724,-0.007714362553795957,0.007184737530308535,-0.0345547011761373,-0.023781791721086007,0.05202879738418141,0.0036456844718316312,0.01327692784698832,-0.0016095229495937335,0.049762943968548225,0.0760698023254118,0.0398176001341219,0.036612314329726586,0.009785067641926902,0.10112932527069823,-0.003384045036269277,0.007562628397161576,0.09129630856580384,-0.08530867141200513,-0.04042491570741189,-0.03798396504995633,-0.010313757109426119,0.01654269974632697,-0.022380914097362627,-0.009499383308854128,-0.02604763068541801,0.04400834809298055,-0.037406365712163936,-0.03937547936833772,0.0060623377585177956,-0.03655619058945215,0.07505573406710639,0.005773785792785522,0.02273076594523976,0.04673016924022512,0.013555465654615715,-0.00824517555528718,-0.06578433355959683,-0.02665677908562241,0.012185364781199777,-0.02215516614770226,-0.025487640365684603,0.0785338273466552,0.013089519757610059,-0.14406401174486924,0.07287475756258127,0.14366700195257787,0.0412025082658722,-0.06935728782984081,0.04560178003748568,0.06920741745706242,-0.037602008186654205,0.044903330070159765,-0.04752238341854276,0.04084057763951917,-0.035168662044042356,-0.03245487503667173,-0.0130303883673037,0.03204471259290366,-0.05446511075878232,0.029051665362367366,-0.009760043641931036,-0.07537008425504677,-0.040306436387998835,-0.0007383518497411346,-0.08218261810440707,-0.06942885775382987,0.10800416297808994,0.10687737469797229,-0.035977990452020055,-0.019226969741980106,-0.026415969833610716,-0.10639294346205971,0.0008481104707400303,0.029570371990299524,-0.014299978443311141,-0.07286969859119674,0.05174949246694458,-0.006664832984386938,0.0590756658094046,0.05705337154892581,-0.008984691910091096,0.029957698613929863,-0.0324953152317102,-0.013526783945352085,-0.007517121663146218,-0.0844805707493233,-0.07712419993950231,-0.12380327265226153,-0.043331220512372155,-0.23497315257200932,-0.1572468484391888,-0.1877188260998781,-0.16385965094121568,-0.05839978256186633,-0.11581514804496103,-0.06196782532858354,-0.12494887612523159,-0.08269385658629662,-0.07945770123867649,-0.11111793950680633,-0.056140242133962334,0.0555757471913286,0.06540477907433913,-0.00687633204883106,-0.01037861153198099,0.021381462335575994,0.10339153290302748,-0.07641563687428085,0.009716210245502802,0.04173402522762219,-0.05816505373553972,0.0415097397787818,-0.06066380966973022,-0.10201389385581082,-0.056725240397115004,-0.143361157022659,-0.18022275966934442,-0.09612011305772555,-0.16096743480626036,-0.07720587860586718,-0.028672658984232047,0.1189477988975199,0.2652858730154903,0.1431750949739307,-0.017268895671066164,-0.26055399681281693,0.13212114464049315,0.01562672845320553,0.10837493265322082,-0.1255384915839053,-0.07063775216030459,0.10776238172919367,-0.0415164765881011,-0.033817206339994244,-0.009224090827670076,-0.03719969067466493,0.09401452350538585,0.11904279057885951,0.029131625773776152,0.09216199149493243,-0.03832405911611703,-0.1928682711621493,-0.1949358640944653,-0.09934432090993542,-0.11656352184690892,-0.1331588001322371,-0.00903002971760631,-0.10709521441011301,0.1306498540980755,-0.2456426415800346,-0.1309533661835935,0.14538815944706002,-0.001415109169959291,0.014607534230714427,-0.35549634210037,-0.32631602184455305,0.1975765907460683,-0.22137162543159652,-0.22545745811413295,-0.0027589842486854966,0.00455857013326875,0.05254480643709947,-0.004647129409965306,0.022008211657422706,0.02275957691392348,0.01551280455763004,-0.036806225703497196,-0.07592832749162358,-0.17968101536017841,-0.17660649517575294,-0.19836228022909327,-0.09692994857376562,-0.10897330140621035,0.08353621191897075,0.14294006008877722,-0.21990069631685744,0.010113837358174503,-0.2592620459466744,-0.24079179944785925,0.24544056822385438,0.026593641613367358,0.06705062401073368,-0.2088967528278929,0.1671492525485749,-0.1585485860533972,-0.2070157165674661,-0.3373965927112959,0.004074594737903037,0.1324842776553445,0.010791700882829396,0.03971167664326062,0.06223993991462461,0.011923560169566026,0.008675868308106299,-0.0017652109927201757,-0.11655950107135112,-0.19148263606878346,-0.16588652534858345,0.07853021392406409,0.2931660684271247,0.13325872614185355,0.16843583882905147,-0.1243429946635626,-0.2783988991799097,-0.07956356913576754,-0.1199899133243272,0.10846128216491004,-0.08842826173146176,0.03998692724836758,0.2725896078993895,0.02075555685925155,0.11788409433064642,0.017056932551311025,-0.279143606360236,-0.6526537909430582,-0.15521102094668765,0.016704690934036516,0.057615902099307656,0.03301097107345129,0.06080325499686404,0.008875563054666212,-0.038631783994761956,0.14370346610380874,-0.06177153011487622,-0.06427466311425561,-0.039543692808232146,0.17906466858085826,0.22979247947847828,-0.13090039050040328,0.021673459836467217,-0.5233911926814339,-0.2390577603299325,-0.07628633585923551,0.011134540086493313,-0.34302159198676724,-0.12483151824487049,-0.27030638491331344,-0.08876765675119155,-0.023599133223470674,-0.07365100666139492,0.06133799990809314,-0.18264553820056406,-0.4709684103136644,0.07600114007051222,0.08706965654968675,-0.10347743044284591,0.0790901514874752,0.03234477642883824,-0.05288771676678943,0.02561377445853033,0.0331138938074222,-0.015850671312178224,-0.0024460848470065585,0.11701010801575873,0.30244101111723204,-0.04442774580237947,-0.10604029615891306,-0.22585720022830508,0.11365543239262708,0.0510290315691455,-0.37360439996342165,-0.3305265763530918,0.2930501472871499,-0.06098965695970518,0.1046335388788426,-0.3777512057119809,-0.16246663602953085,-0.06568227364132963,0.1093614151386143,-0.12150714069677652,-0.11700826874700701,-0.000714283669991736,-0.04735211063045878,0.06150886902281062,0.060113946234904465,-0.01788298420282514,0.07227107167827468,0.029732095836363468,-0.01331232219664102,0.0787725600962023,0.0047950668550378,-0.14175741334290817,-0.25129370472160917,-0.392277794718837,-0.2043151854710576,0.010280977533752325,-0.019647398795722044,-0.02159775024610551,-0.1607537056476184,0.2301106384167481,0.49571470663102746,0.1430368814229488,0.022653444759494525,0.15202655350352512,0.20347065660005248,0.08925076725240523,-0.14587360781539038,0.2994961181853357,-0.04410413370028757,0.02565024341340795,-0.04551804923319318,0.08979959848315368,-0.05030733224009535,-0.02401723000334134,0.03477776982998716,-0.06774356267598054,-0.03894769560556924,-0.019838736156136575,-0.21701859798043915,-0.4136508577132649,-0.26626664760394086,-0.18883018129482584,0.2808975712827506,-0.2504478983552952,-0.14177799830016347,0.0664457040347752,0.2559650261383357,0.33798541580802643,0.04824654008803884,-0.13706748649579234,0.03738498525576347,0.1935028444626161,0.11212734988054086,0.10858473763556703,-0.17568161762140036,0.13479507935611412,0.06169216114822608,0.22471462616937948,0.022802413154705974,0.06054499046895388,0.07756109498867553,-0.016242557846009316,-0.0865928865467947,-0.023199232198773328,0.07301893424744053,-0.03524559710836474,-0.14986165481180413,-0.19265736657016608,0.06022612044141764,0.3041537967496809,0.06539004844588335,-0.23840051512141958,-0.16909400654928441,0.08046013251736767,-0.1378159813521128,0.1540485380476367,0.10040950101671585,-0.028016682619452768,0.15869442274061357,-0.01407085890391918,0.17537256970541235,0.2303912654521951,0.00930277116032211,0.15626344158282476,0.21870304605468482,0.06477198405797963,-0.1646166103346923,0.07273448996358907,-0.010819173827559947,0.07044828202657413,0.006272285073302836,-0.06296418597709037,0.15866474265737707,0.037839513590556914,-0.132471228392546,0.011548655237616529,-0.12320702626790622,-0.16033826454542238,-0.04694288722781038,0.24697976872167535,-0.011755509904322656,0.35918785656249236,0.015714660113936962,0.024027932671750008,-0.2241516620996983,-0.19389266609112393,-0.32950419874171566,-0.015287170423558944,0.0638753128777845,0.3126517393450853,-0.006494912350017102,-0.016617408442958607,-0.057183667572386215,-0.2083109979271338,-0.06252794252006112,0.04998297184500116,-0.06038640339295366,0.06750945989430766,-0.002380785367495502,0.0482815164073231,0.0809396702677563,-0.013738854753563415,-0.10006367013980463,-0.05958360176936303,-0.3192657511322157,-0.19549513752843836,0.03911750950995091,-0.09188982637398527,0.01801812020457795,0.029849550336640735,0.08682426869140239,0.16110012793727332,0.06911156863797249,-0.4351168195018254,0.09168343764868911,0.009745245805706109,-0.15791139921134498,0.0050318352894134595,-0.27397128756122285,0.01849370692073185,-0.057179215035525865,-0.0530793611574743,0.0718232319280791,-0.11920670458716197,0.004984693334182756,0.0112935934194127,-0.03135016635519237,-0.04295393998899528,0.013149548976819298,0.06870846561082014,-0.2034596918866064,-0.07384948877866795,-0.40891549623492174,-0.07009293740562453,-0.2927908620805589,0.2450292696456599,0.004926472206787565,-0.0807189962454114,-0.18220811151337407,0.04617742261786077,-0.09521947495366345,-0.11855296715711372,-0.41642972465262995,-0.5175985244187038,-0.031217246055698922,0.12916811295092429,-0.15425830450926206,0.258535698939892,-0.06060303722792438,-0.08347398932811176,0.037149128535180174,0.0010216198522134275,-0.04513070200135817,0.014017897402143759,0.12028714762468101,-0.002037069231030771,0.12991081431621213,0.21875531890540406,-0.09557533551351906,-0.04856699264677286,0.04683386269045865,0.02345524951704609,-0.18457852380215445,0.11105637973685029,0.330447344672051,0.2870389719113301,-0.18934054260892957,0.11794906408939901,-0.17303270461120868,-0.013820106728535238,-0.33104934191972774,-0.024668325082628194,-0.06868338309562269,-0.23724679549949476,-0.3265886794634335,-0.15495161094133547,-0.20031114659107832,-0.021352905535043296,-0.06498244951630534,0.07826095509976141,-0.04583989898234949,0.06312039652149097,0.015477524060598003,-0.10272347685034623,0.0423219715651457,-0.12802893822671338,0.11163697233903638,0.14504095399933337,-0.026491713512200674,0.06018337565363116,-0.1445651546425056,0.3872325922518417,0.311107958608461,0.3995506585733015,-0.34181257078611454,-0.3271935734461575,0.19388056068283807,-0.25694156901893833,-0.5454540503302638,-0.3268162499116408,-0.10971800854097505,-0.27994009703952355,-0.2945964724396737,-0.23918641913725783,-0.13968877203672644,0.049835032431928154,0.004861191654492713,-0.014285931451091775,0.08581339054996819,-0.009646944194977051,-0.03939096813445671,-0.18810050694648103,0.04302976092772693,-0.11288528347632476,0.16833159155179775,0.06620708594106486,0.5413714581922895,0.10041200869033431,0.13529016972127747,0.310606927629374,0.6702956351404538,0.15016513607516938,-0.20403605257641041,0.2314375086408544,-0.3181661855910254,-0.40918557680975787,-0.1270062184551525,-0.10400594062371135,-0.15070448904213585,-0.257814129815772,-0.07018035864589113,-0.31521482060663436,-0.10741572899409467,-0.07918779289320944,-0.10020957562193948,-0.04459927931515937,-0.018273694080486357,0.0011031477239805856,-0.05630847525867445,0.0010992813296935183,0.004148498731855901,-0.060296209383063966,0.0021594662933128923,0.035760042976091734,0.06451866641896098,0.49025312385604897,0.3129880333968314,-0.23292394953350237,0.34564255781390546,-0.5372586971112238,-0.4809828678649482,-0.05914814223734391,-0.38703435406050496,-0.2395846228036267,-0.11577651709884752,-0.2645686670968724,-0.02419905402953046,0.027015627569406796,-0.18011054644009827,-0.25424596839528285,-0.14271951558954962,0.008128927364719395,-0.1380283376170947,0.03659573918408185,0.022094224840708533,0.06474220986148192,0.023986610236722154,-0.05019096450905425,-0.13363656979736624,0.1502176280550777,0.05765639950560073,-0.16215856618187163,-0.18164932458652192,0.10054600859177935,0.2931004947139804,0.48098989303990775,0.1756680076452004,-0.28711178626690753,-0.22986845142083395,-0.5174011363599795,-0.35532560706843813,-0.25138229788622773,-0.08138417102391098,-0.21444010645385783,0.20442575206741873,0.03656867044115712,-0.3359418198269115,-0.1953341480365114,-0.14180487117091187,-0.1466650943455212,0.024835945413855247,-0.02340306449684202,0.03959411232343112,-0.06758607131783097,0.058956275361306765,0.0016450787082214857,0.07957691097736387,-0.08515195830219505,0.10426317428722011,-0.17373667956548994,0.28143267940110916,0.1748984923728237,-0.3552231995537213,-0.051513985869279764,0.21820763408812574,-0.013922949607156874,-0.21854826732253896,-0.013337019135818438,-0.3897650748417429,-0.09117051967479557,-0.019259517495379342,-0.3829851763672172,0.05452797123593394,-0.24213887237852527,-0.29800176824069463,-0.25582065287813677,-0.14828794901607403,-0.020989985801100328,0.062045864374875616,0.05476096737534264,-0.038455124457481026,-0.07979142447532986,0.00544157279186272,0.072535839705373,0.2702287748925263,-0.12041597878993647,-0.11373659886173905,-0.15308169509987862,-0.2753549902910817,0.06257104838552367,-0.05827500104729208,0.5331247557418405,0.2625675487357288,0.19018481116982583,-0.13696717202686223,-0.06770702234145137,-0.22137629757101268,-0.02366290914441173,0.049077115457146575,0.1102278009023121,0.15266117524490846,-0.08249548402558075,0.028765221737576317,-0.08321303441861519,-0.10946883420834684,-0.05374612610138797,-0.08916254485343166,-0.03783291887799442,-0.044318685891658674,0.08622980249798778,-0.05052575587764345,0.14332939531487676,0.4005640385794103,0.09220658560418867,0.04246588133781278,0.18217059572559782,-0.044391153682961274,-0.16946034939109486,0.11033145562610838,0.22699891904583852,0.23621146473781546,0.4633755654924972,0.2529797719896766,-0.10364728235923874,-0.1357268255285892,0.07768651740943558,-0.2085289670213429,0.04354357566567729,0.1223031225438813,0.003364924173490635,-0.029987503364098625,-0.006519616417973265,-0.04408309671635695,0.043088274274356006,-0.04809193259421825,-0.07237380393486981,-0.04198361955838334,-0.004597526413137773,0.02918807214316814,0.1419817547702794,0.37617048245518653,0.1187557470258641,0.019911214444644065,-0.0805551194221178,-0.007331341426891241,-0.19482161396121694,-0.08368971226647652,-0.14669392345075052,0.1491568564295134,0.15325406984833234,0.09853681671056931,0.02069980261012783,-0.29636908537292106,-0.11378109630424289,-0.0939230312562668,0.12309110238178148,-0.0002290126643412529,-0.03256415327453223,0.05549579022103241,0.06394422735996,0.09542273692601907,-0.0863015825516239,0.0712422820618853,-0.004060060754018943,0.0021603489235639596,0.004722872177680603,0.00244775717548788,0.003726039856973458,0.006427479400043462,0.11555332042952361,-0.1871290905938773,-0.04532141187517494,0.33904428619144494,-0.015663975047094648,-0.18235530890922919,-0.0552283708659218,0.05662940978054814,-0.00931376295437946,-0.1279366808364442,-0.019882858139925817,0.060894367359049434,-0.003692200229685149,-0.10103282549188562,0.06925933200580021,0.019087037032591753,-0.07807855527991568,0.026392184381683264,0.02806461762659124,-0.005870874914065304,0.04186320714452509,0.021141184522000384,-0.0012881301853396655,0.025653438026384007,0.03668501490155222,0.012955891809209183,0.01187632481353777,-0.021706874027213437,-0.06782619050082757,-0.04520787991481829,-0.053139376623602956,0.008150179475577756,0.021620898310541745,0.08937726714366957,0.06562049956923627,0.09139044138300309,0.09122298504077608,0.19828920038856132,-0.09188791063789119,0.022800139865962132,-0.047458601153802,0.010983791412764173,0.059722063540084816,-0.04076600991160595,0.0492573502365568,-0.04549536263595327,-0.003682161873549169,-0.10713887805478502,0.037149973559515326,0.07413217351811073,0.0055000968051503235,0.07825162908603817,-0.06039618022861328,0.08999745239711153,-0.057517630133513985,-0.03874763954354522,0.009535344387201638,-0.06857874072722193,0.0058331716224341145,0.07600965172670836,-0.01691092119829216,-0.009943925051668344,0.014542800092551038,-0.03042508644875661,-0.029507878928611325,-0.05705549944199887,-0.034446493164569984,0.016712168100164775,0.017295580692613294,-0.0382324030673972,-0.08452836203394097,-0.06884762274678544,-0.02002840527867722,0.03416660683078752,0.009621218210305931,0.10515377764653454,0.05218997212048367,-0.0640447626596221,-0.015748379242610726
-0.028297915161779853,0.010945320765214738,-0.04964064957772964,-0.007838432880226794,-0.03213548819799262,0.12331819397427206,-0.0033708736777664458,0.015505966796920068,0.03245876586710149,-0.08121313561167456,-0.04992419506931192,0.04980602764800021,0.03490649884736062,0.07577387500112114,0.10317772159537097,-0.009071874395425675,-0.04092469464776721,-0.003752039908787732,0.059968045409380985,0.06763166725066282,-0.006776056788132472,-0.0928138276079526,0.007358966597994921,-0.07695996208753945,-0.061504491809534274,0.003970923068488196,0.0003233725335414043,-0.060171520479810996,-0.01355481898880132,0.0004458437576991402,-0.014189586316716655,0.009057325318380466,0.0467409214622857,0.06017850305050084,-0.011377050945409488,-0.07384757173446545,-0.026927778988333106,-0.01532161264139762,0.02082860323155775,-0.001995220473829905,-0.12399104857645495,-0.1001693007809228,0.0001309343612650432,-0.08537969728252293,-0.0684185547927661,-0.03212869760998714,-0.08281833475968424,0.014701611467102842,-0.005468389840494881,-0.04081051860678131,0.0048535743167706594,0.006480315604995344,0.022003438006406962,-0.03174420760857738,-0.10081356642371114,-0.0623192099702122,-0.10216871314107843,-0.05971765500401565,-0.1232368598940257,-0.010533757978526109,0.07067596743306927,-0.06305273686677193,-0.0016367227552825671,0.0573601271501441,0.0012348232445477116,0.007481138655023058,-0.05881271444584718,0.03160758635384688,0.05609128553095488,0.027034701334188168,0.020649502118760554,0.018022501169537124,0.005215426907321371,0.03680017129440559,0.004729234839648174,-0.0324741932712823,0.04547420752716234,-0.07261906936658324,-0.0712902706231717,0.032855194106790025,0.030706491912113942,0.015908761248402594,-0.06554500432069403,-0.02600875264978093,-0.16386446853427555,0.0014501613865093056,0.03046708835570485,-0.03029952769727908,0.013526467505187656,0.003863297845495619,-0.05428436549440055,0.07440958309500002,-0.011983062763375501,0.022777568252973095,0.067910375958465,-0.09375123233237485,0.00901452894157433,-0.0020704359927108088,0.051791827629126125,0.005264971984676404,0.03629139922877436,-0.01795861505271729,0.024618741604021593,0.09296077663563714,0.015336408210639566,0.01272162506814305,0.006695303618946287,0.049772855500481994,-0.04149971572681493,0.0212860406773321,0.08109952652884127,0.013774401769692374,0.12793516326388918,0.11410633168370168,0.018188803178739197,-0.01612166739236442,0.05616524071848897,0.06231987311737764,-0.03662934930926212,-0.02605962529054724,0.012346068097195635,0.026969012815980156,-0.04683350770271314,0.027318232821268808,0.09325745027625366,0.04840015815900689,-0.06017326535335147,0.007728913292759798,0.020867690410163203,-0.03427024905912152,0.029176900632606043,0.011809622410128279,0.009270534313709024,-0.0038206838607814696,-0.01003271128495247,0.04397980099730001,0.07839051529018744,0.0642538013251029,0.004562663343377807,0.0021420400567571775,-0.024764097734237357,0.005394050383647286,0.04451206638784949,0.03401589221055341,0.03447920963878883,-0.08761862350575224,-0.07275998137985216,-0.017307502319097605,0.010360752676658935,0.009152193149771623,-0.03367030940951921,-0.12563655818334374,0.06508199895776287,0.0302914500251922,0.0316806108334061,-0.047103827594564614,0.06027107764933726,0.03743133439476416,-0.023922488523075134,-0.033166550705656876,-0.009759457711397648,-0.007211197844464217,-0.005461907047162275,-0.01052630247465264,-0.10031791404218432,-0.02163469750001581,-0.04769768813901411,-0.04921114375352187,-0.01759773476190249,0.06055980731435173,-0.0886839971633794,0.009933805740235108,-0.01667200697631495,0.11261240815071695,0.08356052665716589,-0.07452898089341643,-0.033470734476231785,0.015717062861908545,0.06921156093293351,-0.03271696773865725,0.03460648803452975,0.0011662980435651193,0.08422580288062823,0.012080789038768091,-0.009941606415419179,0.016260259800562196,-0.008819642659901025,-0.009037988343008571,-0.019479395520416692,-0.026885577881387034,0.016980382475835408,0.0649977035211013,0.08213368928110729,-0.07093423225515529,-0.00981104890096137,-0.030698277967055387,-0.08979908931183168,0.045669575536936395,0.055846489082973835,0.07097744928488378,0.09018493934159467,-0.021978786422525716,0.010183122691386812,0.053363754325601746,-0.055813882755295065,0.08628115665528086,0.018740342959459356,-0.03020993972280057,-0.04383259788913398,-0.026382827606128645,0.056884008914906185,-0.02851074727483029,-0.015417987689283855,-0.06929115832977116,-0.0398169643334592,-0.014842081893359312,0.058144088927417785,-0.024847453546018115,0.010513960518236538,-0.00438656792733561,-0.028488505688989457,0.03177026844112611,-0.027952332369446716,-0.07035425738633362,-0.020725082320872088,-0.01898454547037173,0.0005705650569492557,0.03622771586564536,0.04246361860743445,-0.13017241076720729,0.035429880850125856,0.02584933683736181,-0.04825820055469913,-0.009585889633900288,-0.04524333850528529,-0.003666760807288687,0.04580368366335983,-0.06029034669903477,0.07618319140612381,-0.022067904177181717,-0.016969772338297422,0.09810760484850976,-0.0061371647069305485,0.07434120167341332,0.028593740511704966,0.008432934106589423,-0.04502838264387146,0.08492746520304834,-0.024048424077395155,0.05803452938015861,0.0051574280790244315,0.020284408623897614,-0.036947803646526556,0.04663637368497734,-0.01991421225617347,0.009947188309861204,-0.03827905359707602,-0.023817028536435355,0.041265891443278774,0.06271475420498361,0.004844518169192363,-0.07359837963440014,0.08594116691645294,-0.0034436678110862954,-0.0857868841850806,0.003973329698010205,-0.03947162853780644,0.02848397410313422,0.0006914861427542785,0.016031409248959752,0.04443902721286789,-0.0012494121684927615,0.04365760352416693,-0.08979981223976569,-0.04286433116816969,0.021878540785954716,0.03525921745125416,0.033514117217853634,-0.047543065497638134,0.035846553949042737,0.0731833930653068,0.03998208395572351,0.01777736526816296,0.07381926436305378,0.015692242894005632,0.025984581998184594,0.07409761767794798,-0.06794431863753701,0.03842981900425257,-0.05360739883532903,-0.03596937408133129,0.0232371716795753,0.021871972472559193,-0.05342736478044312,-0.004045531256314468,0.11637435999687439,-0.050564451302883916,-0.053762655520058086,0.021828639431203244,0.014964405981854252,-0.047717717210479405,0.07810730334894575,-0.0794217363572217,0.0627308137243071,-0.025958513679779572,-0.022375658055521837,-0.026418548568155783,-0.06220471278113286,0.007746800447650707,-0.03134594359606682,0.026115514380937146,-0.029904383857408828,0.010267032320244906,-0.12922024743409485,-0.02546352206106657,0.05158280799807614,0.03125317643097323,0.025454066033017354,0.05009243206606825,-0.01076313609332428,0.09179470705788426,-0.019347852351540257,0.009620128363455716,-0.0016724079975431782,0.06783978274413457,-0.05731779434139955,-0.030432398620053654,-0.0191579966751936,0.019824953308200343,0.009543353873778691,0.026103986939587553,0.08024034102967129,-0.05859717114612375,-0.09832088162158527,0.02855944510316201,0.025631895917572096,0.04740410293817361,-0.0023796391113353427,0.016512095171373215,0.04964756422290423,-0.0028588140507549583,-0.05292152965184804,0.004983975114602813,-0.03227569071827322,0.03766805470768663,0.011022549488346326,-0.02282183762484127,0.017301408666800563,-0.022912578692367003,-0.010517930596597395,0.011950647675473582,-0.020766481079763616,0.014661253745678149,-0.05119132414500413,-0.02255899185371752,0.07188336863547087,0.07228709050527915,-0.0052185275810860896,0.025711381833370087,0.027930218599499627,-0.010883482918045575,-0.07639345698614818,-0.026888419337923523,-0.015152109069771503,-0.005383144249649515,-0.007681403846591389,0.022350137533634375,-0.04341213845374533,0.0629130314351361,-0.029330730509863703,-0.030129532690391456,-0.02683321340780534,0.003983638274834994,0.07258695735056582,0.003887252488139902,0.06513344535969676,-0.025872874159714006,0.004566453889580408,0.01603609830957667,-0.043757872338587446,0.011618433482222522,0.04165581354935493,0.037610779775244504,-0.02987833194426883,0.034851325336912584,-0.050513692025061445,-0.04451328766128107,-0.0029199041420954917,0.008651057927485573,-0.050174720095907364,0.009960137773394197,0.0009293961735254837,0.0654527098845228,-0.08803808551835189,-0.009841107807404048,0.04647810445482273,0.02909884500916238,0.033649171207320624,-0.08277069985550094,-0.013221077820904174,0.011625682905628348,-0.026243271433323393,-0.10578108272458922,-0.009790208015293187,0.024585392439401284,-0.025269755036083995,0.03380628756554113,0.02142746503257579,0.08347028734080311,-0.06981529000812212,-0.008861851556267265,-0.024937670845813446,0.016697209351587344,-0.016402502329603028,-0.006219375320632213,0.02027634843873256,-0.03430165497719635,0.11833916326811493,-0.05915973533359977,-0.02030767396922098,0.02709943541865614,0.03716549369216411,-0.06322525383134567,-0.01607999118243816,0.028072352905005645,-0.05582054682156659,0.07435656900674324,0.05399606117257204,-0.0563342673520357,0.03113017831369664,-0.013189755033522425,0.027230452847030663,-0.030656341087194696,-0.03006151821233061,-0.008658736874416074,-0.03139417171092105,-0.0463028547306133,0.06433144441149115,-0.05756396424461455,0.0004872186741011728,0.039762162692248776,0.0260611335135974,0.013454990806355049,0.040819381977394466,-0.009183791683225487,0.037471172236357785,0.048770317727598045,-0.018385183985285828,0.04165377807972632,-0.019688455277690448,0.061484760792672954,-0.027079397949142377,-0.012631224763039281,-0.0022699625105114716,0.015959866719513834,-0.03047608156028157,0.019247890916107405,-0.05520489337134512,0.03938081923894585,0.015923643205013015,0.009879571570780387,0.025460640652370633,-0.011773007961385307,-0.0011206664267868387,0.006750702056736292,-0.016117169388808434,-0.02959019502111355,0.015997833535221252,0.026357167317952488,0.04621755748788112,-0.10828160581677629,0.02806960870888834,-0.042220449077979276,-0.02104397206192565,-0.029272777728627422,-0.05942764608625063,0.0075573143793682684,0.07688548618571957,-0.006414806791851117,0.004128804545909355,-0.015142299935449518,-0.00982192737264077,-0.0273498774847136,0.05880681102180704,-0.05630678746763602,-0.00815558914334577,-0.006389267632171953,-0.04143442123139888,0.04635206877953542,-0.011644417523561866,0.020215187787987626,0.053557540825008555,0.007890918107369065,-0.04700673722684104,-0.0047475378197420325,-0.06431525869477403,-0.009997207022017287,-0.052519648676391376,0.019739026373115982,0.04230615739600177,0.04451132865511174,-0.007592639536528098,-0.034669030549563155,-0.05074625355083022,0.02851060174353436,0.01340868673251284,0.10057376351936252,0.029559324434231007,0.0728763390279509,-0.026030020278306292,-0.03722445026651924,-0.00359457478098403,-0.004677595549192076,0.06222012954907241,-0.03238032498763469,0.020563239877415936,0.07407629805188774,-0.028700453881656495,0.036873107327328396,-0.04632227048306896,0.050920207686430435,0.028801757395455537,0.03122740327219464,0.023753366716426718,0.0020538877836461444,-0.049326825375804136,0.062321236784252686,-0.10040819849631163,-0.08821196775399517,0.0035531557677403068,0.006653895743883786,0.012737099727044818,0.04029023821762682,0.04199354310619599,0.04815106479684911,-0.009750622578573617,-0.06020782660220036,-0.01754744644292996,0.06053665933792413,0.013221664188601804,0.014748871408480404,-0.02340733279263349,-0.018911153346514335,-0.07293823912153183,0.009180872006576605,-0.02345494370717112,-0.10074916514033723,0.02807724819122618,0.06872109381332225,-0.009278081203923937,-0.029402658687581774,-0.020004302735681028,0.00041668439660748997,0.01693159528877498,0.011464840961238135,0.07177602218683356,-0.06659903371473075,-0.015211620648659026,-0.008448838073836189,-0.02350848031383162,0.041550202226506426,0.04464056242769377,0.01312295326077404,-0.044955697927531624,-0.042751211452863105,-0.006824897168172388,-0.07015096181107659,0.030208959048719133,-0.023509548994848525,-0.020200224507314072,-0.01205213490814484,0.006390141572474351,0.051714339951152564,-0.04719821118413546,0.05042057170218351,-0.04551298311496326,-0.05306284069030773,0.05958373702080563,0.011212081671675558,-0.006571145474280888,-0.036601061824875075,-0.016848447823742767,-0.04416572342814025,-0.04552341594221821,0.06383041347467229,0.0074438135921026756,0.05227645423497595,-0.053779381147296274,-0.01817130065729065,-0.06297534114668157,-0.0287749857526838,-0.009217178302687824,0.05367177974588015,-0.0403105663660839,0.12455349045172996,-0.006286046548192908,-0.022813877217621983,0.02648006915185932,-0.0042821488752598285,-0.018443327677784907,-0.027951128239025434,-0.0019412413958688288,0.04105940320071601,0.009497888877382728,-0.002011134223201739,-0.01709049465165976,-0.012902474042432626,0.02556378653229876,0.027480264668078597,0.06170266543220807,0.04988125809539702,0.0010290110768205996,0.00584830379868342,0.02167431527175905,-0.06206833839790507,0.09761841145477311,-0.08123587616486468,0.0474888249843712,0.07358668534067836,-0.01930736605120126,0.030726084432453418,0.04913812542237932,-0.018910570725305408,-0.017879901555329328,-0.0748549991852347,-0.029722968585110147,-0.07697503604107639,-0.0013926785992751753,-0.018986974798154962,0.05934367951824303,-0.014963634039020849,-0.04262235478707314,0.02785149538880093,0.03656573483863407,0.011058192558611856,0.0246231347993102,0.020544541654477926,0.01318224648384525,-0.020838782802301493,-0.02312212509413598,0.0023088972954856623,0.025301158522615382,0.004003528988631942,0.05855185563126216,0.021102789856215425,0.006775991232290182,0.04937828293288538,-0.020627515735105833,0.054594790745770255,0.015125722653726225,-0.007589136822503179,0.07668987763815112,-0.002580416827113037,-0.02267426969467376,0.06951862875915236,0.022802482859472978,-0.000605156598386426,-0.06673718177592683,0.0396172062935823,-0.03842071821661748,0.004813921872646842,-0.051312051748267265,-0.057822939695362195,-0.018227896509601743,0.0017809336492386322,-0.03371776727309881,-0.03021527834124244,0.0025865010129606496,0.05321884341595044,0.023278493598257753,0.043996022185053385,0.0221018456013721,0.03370499041122069,-0.000774021747813651,-0.0025891032218339346,0.018134287955364415,0.010333064834013639,0.0010038595369618486,0.038259838808177224,-0.02385664075717741,-0.01042242995317553,0.04515176321586613,-0.011118934050133807,-0.00434950621579459,-0.014494477021875708,-0.027833092166977824,0.0050009344574697325,-0.05003271699877496,0.06839997698751714,-0.03337669084013706,-0.05504383410530873,0.011310880796043567,-0.08554627341004006,0.03582945373804186,-0.010773763747618877,-0.0017809885924298628,-0.028252442835026308,0.03537828945719807,0.030219172019976596,0.0858087092261385,-0.051964975242894416,-0.07107399955008697,-0.01720364539780831,-0.01014759606041587,-0.005697835021806282,0.018411253274485655,-0.03432956044847998,-0.015072801093711554,0.04340058266722463,-0.014936953489729106,-0.07310056073011997,0.003799595985154902,0.08990543058081348,-0.026769946371960184,-0.000980064060225724,-0.04861961199668858,0.03998651272494788,-0.050584679960193446,-0.047695112312612996,0.027450764024373717,-0.05966989899816221,-0.0589000963886582,-0.03258730630947338,0.00820528617231528,0.05437187655263747,0.009268971567980799,-0.003796552610152546,-0.041806813378407234,-0.00024238747152280235,0.04620847269123497,0.028654551862349834,0.09884468365366281,0.03082524902430368,0.09802379081593351,-0.004165035194151117,-0.06521551521367787,-0.005111969132950784,-0.013619818508751087,0.05636235287260624,-0.1002356498179994,-0.02373004393992771,-0.022151011113317076,-0.02736141429058771,0.021481356714631795,-0.038659794641100365,-0.014461848715758532,0.08835324785724542,0.04969451279841688,-0.009368613597243579,-0.05552464161413855,0.02833521519219218,-0.04174254585329824,-0.04115287196283019,0.006884464945026427,-0.07459558133433142,0.037676990665294695,0.05647956946857503,-0.08059162097349673,-0.08662477181969055,-0.036312557197218286,0.03870381115175531,0.11372934392650813,0.003900494857506786,0.06637415227908164,0.0981631941932854,-0.01908882500264029,-0.004229734910256668,0.014034310962534909,-0.056286141867307765,0.005154247080652444,0.043202427726215256,0.019671720997239288,-0.03138534165177525,0.00914189823160844,0.0645252350720933,0.0040907644248101725,0.026024013599144892,-0.008783070594656356,0.0015768645310253885,0.0075270762239286835,-0.0649415244555703,-0.07649571865915407,0.017461985436861113,-0.051390855434508595
0.12973147580352584,0.0288760501583236,0.031789775452782595,-0.027872144208447656,-0.0016594870393306005,0.018950358290240242,0.0464542341769491,-0.016662748657525935,-0.02550078247985404,-0.0058566331732763585,-0.034007984380573515,0.05639408245314888,-0.04443302721584672,-0.00384147008783183,0.0371921063029028,0.03707013277939671,0.01764598967083964,-0.028687885332421705,0.08348602992199987,-0.06861578418194228,-0.03686437858293475,-0.026063400428378042,-0.011109901891321772,-0.09919044304354804,-0.006984157027020978,0.008065242552168986,0.05293237848845439,-0.024324881262092337,-0.062391896814848226,-0.053905864719161055,0.05117285975908757,0.07116000858442778,-0.003709580689023912,-0.04143313184341614,-0.017585274283303174,-0.033642599880462885,-0.04535304830548332,0.0353559604992775,-0.02274812291566765,0.0017165238307940097,0.019230269830744943,0.02545166099005218,-0.012517829372297442,0.06564382356166204,-0.08402146382192614,0.014623291038895172,0.013531943693026112,-0.02087638696608272,-0.0030698842762473325,-0.07862129711512549,-0.04846500259034032,-0.04805271871772353,0.021991116712820856,-0.01831311816723344,0.04936162429919598,-0.06497223383306751,0.07625419826550937,0.0010433075788818295,-0.09045529103768513,0.0015874068867090551,0.04778994584837622,-0.03997817849366906,-0.027104701577376912,0.03502606563197911,-0.014280111152516666,-0.0036386194553910877,0.019304595870885153,0.03177685837732211,0.023820573202150346,0.11167662992900879,0.10237429751813626,0.18890072093774612,0.13144009597172637,0.2644090242725912,0.03785180680355051,0.009409010355165639,0.04409589942316376,-0.05107261019457033,-0.08548709248832498,0.03688760261231523,-0.04843629819660417,-0.02289152157445552,-0.08872361527112821,-0.027550362193175054,0.0221101016145194,-0.027469370962572254,0.15829243146988523,-0.0024702541151001927,0.060690523716637364,-0.004631708172365587,0.018331769252490658,0.10790832430380581,0.0008287206240355693,0.13122683871599214,0.003920535300440031,0.02125521860523929,0.06474908299755971,0.274532543813382,0.27942485563375236,0.5905021127579103,0.5923120671160969,0.4034647861791521,0.18451814030824557,0.06574182366467247,0.006790752154711652,0.03648829304469308,-0.03319844960744663,0.006234992573580186,-0.010225773725588274,0.06382366430172483,0.0022543069357705376,0.024983133466820226,0.08182401684443696,-0.06528146174105114,-0.03442859754226295,-0.0023240469224780707,-0.004179676297802825,0.016308376753235505,0.02906721985961103,0.09345804548010947,0.10106683191431162,0.3065608906871682,0.31252792770203347,0.11968883455066595,-0.0004640316786631177,0.12391969277068761,0.2584251251636295,-0.12146377432891306,0.45133866622796537,0.43032069164598596,0.35978927662865706,0.5528782984208074,0.1882330703283627,-0.18332993524394972,-0.35309621439926714,-0.18400358731360902,0.05824407269223659,0.10785614750608263,-0.009891812922888356,0.08242834466012115,-0.009139409104404157,-0.026150112104012344,-0.03244007236965275,-0.0020498235246666718,0.0338530736686439,0.030361401357397455,0.05230111479906686,0.17991961463554068,0.2811554651757392,0.31006844342435685,0.5935785698715846,0.29902514778869954,0.20053402048361574,0.4307041892860384,0.000299204496122541,-0.15888815128552072,-0.10093231748311927,-0.09473711977028738,0.18482908218473834,-0.1269916964156708,0.2942390230463566,0.08519160170539246,-0.15045280742052988,-0.2457214381303498,-0.035081002462013816,0.07384409556850778,-0.024289149730994185,-0.08015237788923822,0.008487553396714507,0.08022389571197053,0.008860956618770979,0.004472846976025756,0.11447587990126033,0.12481130369521418,0.22283890670767642,0.275411078772914,0.3709604106127665,0.3285448174595675,0.42479778340241886,0.3893970295312019,0.08774413936382157,-0.003922218247177549,0.3521099635527966,0.37904355222307856,0.49188769514217845,0.03217742951850715,0.02229480390176875,0.05788701571031849,-0.015283601267173154,-0.09068436413308126,0.06136397062192015,0.13617216775826932,0.17173890117119078,0.05779717092387899,0.024833510582303337,-0.019631579219861403,-0.03635321867969286,0.07577656526212127,-0.05635919289450439,-0.0383910123452963,0.12342333935587231,0.0976247036501123,0.3396828001267605,0.4601328305273569,0.5266074707283951,0.3684574976344054,0.4456383171188754,0.16808454898768252,-0.011961946259766541,0.1948009458688117,-0.11154879534667723,0.3257149866447496,0.6100046336874466,0.14901379858963337,0.2818942456417699,-0.4638067756507738,0.1565440701792436,0.2302315516268458,0.03894880086402753,0.2946260869774951,0.376431699375493,0.049169577289120026,-0.014845939919269161,0.08033466992829279,0.018400049770991616,0.056126361515083906,-0.10237948891982801,0.08090850973588902,0.008641081098488344,0.2041834767371204,0.40294738741362857,0.34726155437891143,0.2442864018195508,0.10406868185419003,0.2785296975978066,0.11128607616893778,0.19462631380626016,0.09458300682121408,-0.23633670278660515,-0.050794111566302695,0.412106589602023,0.08395230685982558,0.25633523538591296,-0.061957762294281696,0.6350772335968177,0.34427049226387446,0.3146540231430729,0.4961385583647743,0.37275238420581497,0.07138858247614156,-0.10082881214886825,0.013632801861422367,0.06282562246795931,0.05253358218804113,-0.015144038701100836,-0.08991510040518975,-0.011164691702326156,0.003619375984676915,0.13994745645964105,-0.012932149353207547,0.06417621195776255,0.23929414843217164,0.5311306596393004,0.2755665974939614,0.1990435351971362,0.05792083097338235,-0.07999037975225375,-0.337556759409886,-0.1400374737337659,0.13582543962096233,-0.11884518782184111,0.6136585424398214,-0.09558962738929956,0.2673645531809707,0.28769676849450654,0.27308081167977416,0.10774128231469335,0.0350182930032898,-0.0122829238377018,0.03009444094448812,0.014809121232610554,0.046832566710441684,0.036224196877431655,0.025095774600068555,0.04195325342366745,0.03640594640336902,0.10933103583141289,0.04978559926828167,0.17873249677152248,0.35004507068490665,0.520349311399214,0.13549017855893447,-0.26279587532996657,0.3093856141211411,-0.35150909225697363,-0.529048658453597,-0.41545061288185864,0.1401040090078023,0.07745679207208314,0.17309034167594328,0.07538760796080653,0.12797825164726168,0.2368664248764838,0.223455190644893,0.13127848509195378,-0.17523443899858543,-0.021469365702430666,0.05662719776701199,0.002364874892353886,0.023926274448666927,-0.04551178967109908,0.03720564439639131,0.01773444685229761,0.04807380969896643,-0.0047024038966502705,0.09417297162263008,0.30260942540028524,0.17491166127002122,0.22735310058189198,0.050723202246049134,0.10420141829421911,0.07080703236695791,-0.48198162363259306,-0.30762461579580624,-0.2541949915701961,-0.21628075037343747,-0.04309336663947026,0.461376600162715,0.5135855898670278,0.23186967072713824,0.17004102456980535,0.06407381660651232,-0.009717149587430907,-0.04817214786873061,0.005096836874800196,0.011921560981990513,0.05446152864988762,0.03710001764153088,0.03884116636429455,-0.014583142516289027,-0.0045276510621881025,-0.0861995817872579,-0.0653819427936696,0.21813144814959817,0.1593869144324692,-0.07548698345909768,0.48582205407668433,0.252394438412099,0.07387858093499756,-0.4563594387951679,-0.3861369995796027,-0.5051927597121788,-0.25287849980609745,-0.035976655021005534,-0.39875878215044697,0.5090187077125342,0.38088960162952584,0.09795272331667787,0.0814777691368926,0.08365996948687604,0.1369983909597314,0.027870930256390494,0.07126216811496613,0.009435000078550701,0.01829653444160055,-0.028756007539501905,-0.03323868250608808,-0.03183813144336225,-0.028844293038680323,0.020713212738111473,-0.003533460528289531,0.20211208148042362,0.06343386832524221,0.21259179936500194,0.3478771111415557,0.19443242496693167,0.09159734778005035,-0.35649443691329824,-0.48098766997560727,0.08002731745970981,-0.10267092444115154,-0.13219222303153944,0.4443692923377077,0.17519688345456916,0.38530099169882287,0.27568068183434,0.1417061981417634,0.0828720743395971,0.0900544225629504,0.09193382162723666,0.009052965327130066,0.03176571053169336,0.00646829251038278,-0.017318194723468815,0.08775525099392166,0.008330378443528868,-0.10303854873667624,-0.022458585453193187,-0.016743239688190248,0.17311127437907683,0.2632215787677277,-0.052939524629731456,0.42153982894214853,0.07360967145500336,0.14610176382017914,-0.028162489513414827,-0.13868116117889326,-0.12656942182902164,-0.45042991903977114,0.03100453709432513,0.08169448982008704,-0.0169188565795016,0.1490044685622026,0.30131656389558725,0.10052342015424241,0.030088130209658157,0.01059795197870544,-0.07580557966745162,-0.022486719590943314,0.02196011832244802,-0.008057735969000399,-0.03205267831541448,-0.04148225214168202,0.022346560224155463,0.04579653001501275,0.017712708167680846,0.07267135166525501,0.15118476215163004,0.19330386938802166,0.26019164085302493,0.35382917645748374,0.020371150776819294,-0.09562674690936183,-0.39790602212418585,-0.25464035777934735,-0.42939184317711254,-0.3777177434845767,0.30116746800195066,0.2071342546364982,0.383406862768158,0.2172713415349751,0.2294724033326453,0.044954365798096356,0.02852132827418086,0.02224856769963288,-0.05910249576271914,0.01717666555656865,-0.0176168842366086,0.022647977203889554,0.07820629776677097,0.0036119291450009694,0.0035214130409993664,0.025051559125905024,0.12404166371922933,0.1870154286055386,0.2468261182778752,0.268546240117743,0.0860491134814848,0.11830045523126981,0.04921994367480853,-0.22007303574912981,-0.049057504245575444,-0.14443051364102674,0.3589132966330876,-0.27049088844137364,0.2955034835715549,0.14311674146913506,0.3505779053200478,0.2701129182029635,0.2175500296356765,0.06745413223289626,0.010117406370799326,0.007139907812212582,0.012904298247277601,-0.006030253028905717,-0.018145868777436545,-0.001966294744523171,0.022069165090355926,-0.047632471266117665,-0.019113959541547966,0.07882908359036654,0.03382859163684712,0.33446148595200065,0.13888913942915174,-0.0989423360510543,0.1741377352743678,0.2376733286181714,0.21531127076431628,-0.17654456806931623,-0.2595919636979971,-0.12604623938817644,0.4680469441639311,0.21196796738741733,0.5152724076723607,0.3334784834035463,0.2997339541727452,0.08739637802870545,0.16455263588263597,0.16385628574038832,0.12066190357714554,-0.011283684320541568,0.02272370146341383,-0.04742847073106703,0.0277220946356031,0.05604196827012693,0.018866845698787757,-0.07602588171526171,0.041667108566169425,0.06945994862528218,0.1075426200249012,0.31121539906593637,0.010971694412014793,-0.06336573161370386,0.23098248271096933,-0.007430629147489802,-0.15186778805210366,-0.2497525926722029,-0.37712030806463626,-0.26968903877618855,0.15942147318660183,0.490259814188368,0.31556327872868095,0.2541446092527267,0.18171780833738133,0.14482613318011625,0.05848777643678179,0.09923538608151088,0.0625327313526197,0.11210502797884463,-0.025520875098792355,-0.004835866352398395,-0.005057667118162137,-0.013411097530950628,-0.034623032196079546,0.04357373973455136,0.08479539830951441,0.04367150156417102,0.24447743782346357,0.1685141611286283,0.2510619910031408,0.0917551118407717,0.20962528626034269,-0.136631666713213,0.041657475132334615,0.09736078638131293,-0.10955187554338185,0.016558499523590814,0.0759594529507295,0.3947893436355976,0.21982790998672988,0.14196277846773725,0.3311099637502845,0.3168705611086557,0.25736214931328044,0.18953534993550097,-0.019127186512817345,0.053291317957132066,0.07533110372214566,-0.056453528690896336,-0.02572987020168932,0.04057327891540872,-0.028606782245620146,-0.0523038825151426,-0.015783995397961,0.06876774613173799,0.29317628205845925,0.15520257158561307,0.2621278774810902,0.216697226734073,0.1758224424014144,-0.08703461600052124,-0.05595021662869418,-0.2600728897519046,-0.0725636224142553,-0.05801182585743803,0.07267999031543346,0.010732590367085999,0.1789415200967558,0.2922172734980104,0.3914055050234281,0.503305596512273,0.22007586849462604,0.15161285275396835,0.07570954023373913,0.1051164105727027,0.09524414698327083,-0.021182634986864225,-0.04908459331875454,-0.052490072459386666,-0.021815372714743535,0.0780722899675533,0.01709332164802704,-0.03935950055087626,-0.021111930133516553,0.04108723689591859,-0.04752244450508659,-0.0826221913815945,0.4545194027396018,-0.09574033656029439,-0.2942162492462581,0.562399291345271,-0.008659691902552755,0.38018534665924403,-0.32235274333723024,-0.18846649379928568,0.3795929965139277,0.34821774733419747,0.48284187608072365,0.5167828145520511,0.17881290202923114,0.003951176877587386,0.06753748514656935,0.031901455508107995,-0.012289588228062075,0.021625771804275752,-0.004959210622397351,-0.03402987180237303,0.12868553989642606,-0.0009306025447671406,-0.028477479600804465,-0.08525086175467753,0.0461938316511875,-0.2381706560177247,-0.4091984523456084,0.02209002366889655,0.18983526936796014,0.23252699983682237,0.3589297268543647,0.44874043215916454,-0.029565371522316607,-0.5151277817462117,0.09128780739754304,-0.2703172630941479,-0.3639268121482632,0.10450968326698763,0.12303547836016888,0.23719052429332865,0.18823150868607433,0.059176259165997856,-0.0025796468016111526,-0.016159350022572874,-0.0038239126066691507,0.05733800962729479,-0.06099524525275079,0.0014538591763304926,0.03853214627107694,0.061779165828663475,0.023774394440832833,-0.05378622670017397,-0.02509599188292068,-0.31941878240055177,-0.3845247189050119,-0.14258314327406282,-0.15944061500758205,-0.5159991570443696,-0.024792400561538506,-0.34417508038587025,-0.06782406429786408,0.33393008954352504,0.07671323774582596,-0.6272646824622754,-0.9088363068035856,-0.13586491041651064,-0.15537972625277194,0.1457383829838432,0.3458588926651982,0.06708632610142234,0.05237817937043048,-0.027670649974226417,-0.04215492431203351,0.001956972030345644,0.0037996566168869866,-0.02029323243748997,-0.02728799498814108,-0.0785685844993114,-0.01577099688962088,0.05886217105355581,0.11424901122582928,-0.0483032357128257,0.17412001030864083,0.5884597072507861,0.47459459391340864,0.22445185130939393,0.1243808403034598,0.45568314489503436,0.32913245831772636,0.23697039811327156,0.37603503776369995,0.2775454611324694,-0.004484406193732767,0.1357464967958554,-0.2526736862606359,0.11034557946489128,0.019555463362158673,0.02076210916638742,0.023863947671307867,0.06881137956466225,-0.061207547042278786,0.009142678602516809,0.015982468800357415,-0.06077491974842609,-0.023835846032872688,-0.04746066654224549,0.014787246357657345,-0.02451793339902183,0.01666544297483417,0.011683511448813855,0.323187895791224,0.23207411122678556,0.24444454496596252,0.557053697703875,0.8764248108223837,0.5516491982613645,0.44956246656279697,0.40365735972417816,0.1673983891551616,0.23042600549411105,0.22222151223704098,0.08401816233750836,-0.05422094577802993,-0.004358824902208273,-0.0017854397455626884,0.015337122921492545,0.012510458184663353,0.01841291513958628,0.005640448363905776,0.013735458769805675,-0.01013806312780788,0.020295603394888676,0.0655644234474643,0.08104714615071248,0.009969896132705066,-0.06993103293626231,0.04702597001621602,-0.015535934122185922,0.11468551048399744,0.09340258743122075,0.02820354579726767,0.24253397756168327,0.4873112514518933,0.5398307046490503,0.07484318779966953,0.0012343848041620645,-0.00902146979553547,0.10890814070544527,0.02631288574918577,0.08907243741018331,0.028127317356236567,0.011746879195224137,-0.005238927741364248,-0.0364161578622978,-0.10935657182779267,-0.0011657489471159702,0.0955709064417466,0.021396566470910473,0.018967773452481077,-0.0750906540991506,0.04525295209667155,0.04611449150880617,-0.027397684296238924,0.029924679357154566,-0.05273114999358626,-0.02188927094990684,0.0390850557446811,0.0015739818508549248,0.0021404064370196137,0.017822967901757754,0.007455564656731159,0.005369613547573135,0.02577774891050197,-0.06293079520664549,0.0029576678763944824,0.010810666739640921,-0.0017862472934413655,0.021956222339429707,0.005764414976457415,-0.05832982493761394,0.031966223900687415,0.028923222672118238,-0.04577438728719669,-0.009535494310370375,-0.06076481345285225,7.291269568039953e-05,-0.03147151567005603
0.05298565916202547,0.12739600225763012,1.7645290321737152e-05,0.020730449604914908,-0.07267411806004129,-0.10342142158871796,-0.1084715258329702,0.09954186796958411,-0.02169215055430637,0.016005490635976886,0.004585203705019429,-0.025137637567188693,-0.03356897747836919,-0.014840717927839819,0.008859753219577547,0.031083531317225483,-0.04595152869949336,-0.0706057116216909,0.011836694983846444,0.025152663310822998,-0.04422619065097274,0.020291927765900435,-0.021973327204439296,0.0836320854540327,-0.046066228044086215,-0.004900759903652599,-0.03443954950513153,0.042130881221607776,-0.0022800818511213372,-0.01026876893449686,-0.041696402770534165,-0.030087369016091377,0.07754392630032857,0.02801030948813029,0.03708635534129839,0.03285574068909548,0.08385759979287033,0.002028201051703366,0.0962614948930941,0.04261584141642632,-0.015825738192306992,0.027338999323208036,-0.029513385592329838,-0.04822620538089578,-0.11786259701071868,0.01431143736504213,0.0027152131867153573,0.041247675831119004,-0.0480857336379494,-0.037090992467283306,-0.04007527677360265,-0.007510210708860871,-0.01675328996322106,0.010507783629521046,0.07687512637325133,-0.018162537774965657,-0.001658379234038713,-0.012269978673959297,-0.040265654349491226,0.029768877162219397,0.035738113656232334,-0.030228783841060175,0.046062073966661746,0.03878393271911497,-0.03287551874327474,-0.005069438619322055,0.002894375775346333,0.0007509315419422855,0.0004469391062956035,0.032554433288958566,-0.07486571469418518,0.010661082370765034,0.056245612778283466,-0.06480071694037974,0.01705599418977027,-0.05202667815323364,-0.02619818889935111,-0.01454038173863041,-0.08696959717358045,-0.0028755197538907714,0.04843044280270518,0.06504926938071438,0.059121041336170035,-0.026048887519363798,0.07015376814188366,-0.037932637467814216,-0.0001552883092034678,-0.033882454652973695,0.08837985794308323,-0.05967406447437709,-0.0016422697840496074,-0.016425637582297304,-0.03869351818848112,-0.054438716903999235,-0.03144153718506707,-0.06404357852336509,0.05482248010297755,-0.04485679259858188,0.0022502841892720732,-0.12040714156942804,-0.06894527727098078,-0.007208125236475531,-0.02602631455931321,-0.17596044923464468,-0.09195131697858505,0.03805089397426869,0.02362169722274936,0.08827198079413938,0.019495250464480512,-0.04194202561675673,-0.032322893971473615,-0.012839125346323222,0.002102251663086657,0.05288045749262043,0.015939013325193874,-0.054152248844322466,-0.04530301591821085,0.022759311089987872,-0.03339630011933375,0.040633238677501515,-0.06553751074030051,0.0042670096516929205,-0.07173973182955519,-0.005628511177082628,-0.04633524040063365,-0.10964634828405137,-0.39301447074425944,-0.29611155336261014,-0.33157978033983093,-0.1500783296868235,-0.19264570441346943,-0.10768667840184,-0.1549613091976638,-0.0028067351828770844,-0.12610348928039608,-0.01816530868269523,-0.05376317819263686,-0.06359439705437599,-0.022958737303278364,-0.036490255040513744,0.02489125451016402,0.054409337349745686,-0.026987916356645218,-0.06558913859206163,-0.019599133007140015,-0.06845594882261596,-0.06267956185786328,-0.06606866905997154,-0.056624456496691254,-0.15874206718707168,-0.18706230123212197,-0.2841927271999705,-0.13366174677066328,-0.05128330361970376,-0.5498912618301295,-0.7291994865262762,-0.8515309595515843,-0.5114707496344665,-0.11228121267100251,0.1244444675740657,-0.09954710771981162,-0.09655562752884203,-0.20946382663865015,-0.08048771392915989,-0.13793209709472545,0.0022085929969566298,-0.004496844540454466,-0.0380621768793544,0.008204896726592472,0.01146335403925951,0.006536455145960867,-0.030593062868230957,-0.08125283607189224,-0.3983008562013047,-0.42344797235176185,-0.35388193462753836,-0.2253073412189889,-0.1643011667283465,-0.3472867834203509,0.2423395621523594,0.48033332925215405,0.0668941128198301,-0.07496416773627385,0.5623373157675023,0.2738890775873973,0.3497422098232377,0.1970616074342575,0.30772651158026504,-0.38611447278012356,-0.0999953484346834,-0.5374996779652491,-0.186540066536797,-0.16370520687458734,-0.14911300041024478,-0.05347081058894428,-0.0034732475640461566,0.08009486291076724,-0.010396022083615683,-0.09142824767060938,0.0007353648523098479,-0.1373109276466997,-0.3980234743313109,-0.4673030661677489,-0.5552401631482401,0.06904033389516508,-0.47721966893005957,0.04686134016943605,0.06090107521654721,0.20088842105594598,0.539979290651034,0.4489730303951105,1.0188989179165127,0.4715351367401916,0.04233897801482726,0.09737357067681628,0.04985442160476508,0.03436951341244035,0.189225339142432,-0.37504246552380394,-0.5640962735564055,-0.3281489744789743,-0.4140212667866106,-0.16218304123001268,-0.005480961422998622,0.11785930452807479,0.060343450409814134,-0.10075583976855557,0.014519541676271787,-0.0962653334110377,-0.39057385287672985,-0.22591791222134097,-0.2859075224336704,-0.26504118087163275,0.17654837172183604,-0.45066961460702715,-0.5179484958801418,0.17863824327941563,-0.19597185728489103,0.012559864413727877,0.30297943130014715,-0.03170555260343033,-0.04973994604177257,-0.18124492243410636,-0.04210771808949572,-0.17150574292561824,-0.1187402121386067,-0.34126469673282717,-0.22069902829838023,-0.5052474621146162,-0.4135941279769664,-0.2195898333365253,0.08325164623461451,-0.0020220977510094808,-0.030865121540942834,0.01410046885958979,-0.04046528170674087,-0.14891650814240556,-0.13737346402756562,-0.0222604155338541,-0.060607395671678346,0.20407687932901364,0.3073233570684431,0.06419524695701799,-0.1490833903682702,0.21175548357306806,0.4397104326429523,0.16496930862061657,0.13729792590308626,-0.31618067518783377,-0.06079159783014726,-0.16936396258036557,-0.4126107630781869,0.05679012513015341,-0.13252452973434292,-0.6140000762092976,-0.2654972726908913,-0.2066983008442108,-0.2586776236514409,0.0013497449511549648,-0.07217529003774957,0.05304992749679926,-0.016246909869848086,0.05126775851525394,-0.012760449597331082,-0.07746202563934314,0.1682450464261748,0.08152160182002606,-0.17332571299970387,-0.11050968424823751,0.1331116976253326,0.08024768537457794,0.10579525132399477,0.04742563902257034,-0.061811519768100405,0.3591824876019528,-0.5664328240942332,-0.1995518782998828,-0.30204378424710726,0.24579458045572286,0.18030757644344889,-0.16193497900554615,-0.17675603541261983,0.09692866971732425,-0.040156516658100605,-0.05493963852991044,-0.04828914874938593,0.058919624155734186,-0.05806669396397902,0.002989470627818523,0.05175014769113375,-0.00847530634378356,-0.004044357769520507,-0.08353087874846185,0.11406205493713405,0.4166810798820958,0.3041070183246892,-0.20167303101256623,0.30255590037407215,0.06896786238894999,-0.05378217539586535,-0.20308394495528323,-0.3604165372267055,-0.14986179032425598,-0.12294807607437322,0.4106100075129553,0.15675092228411408,0.04603954481362475,0.27222348129221136,0.39355426612847944,0.5128290061134894,0.08849021259683414,-0.021815343637682356,-0.1040220108804792,-0.0971011185375974,-0.015584814942345804,-0.01652695331210574,-0.07051034453868081,-0.05944710106696695,-0.08304925010982717,-0.1478484935615193,0.08326504244529526,0.18151405293565884,0.34902327804362554,-0.12059306451350674,0.20715742462260656,0.13724144156039025,-0.02548573157783499,0.24097405074768036,-0.02299078783520427,0.13443547143078552,0.14130631206056862,-0.27229983238380445,0.047995193233919396,0.2034823459351058,0.169202941119483,0.14267703251638436,0.21881540988718173,0.44887369997295207,0.020805832384642866,-0.16539354576370485,-0.07950275145948774,0.003567177347676237,0.09353394016294668,0.01653662910377303,0.0772818825525462,0.06688638561264884,-0.15246115896118886,0.018642138918058482,-0.23995727060514976,-0.10563957493344313,0.003069189512085894,0.3278970102055772,0.15617633426999794,0.5380495582044675,0.05513428986017674,-0.05027029279771281,0.0830287508903714,0.33289647825348095,0.47719446007415334,0.05640964574751521,0.08505912005758645,-0.4102521425180708,0.24738072288554563,-0.07554952666136512,0.05397010937785893,0.3397864337633778,-0.06783444824075577,-0.06387943388919122,0.06617637876599358,0.07552807285919738,-0.022566605630310252,0.028827029367769565,0.036915531466529546,-0.03470582227428181,-0.07799755869634827,-0.000281607149807297,-0.14386157114224646,-0.261570568903281,-0.19327801740350503,0.11163526436171486,-0.30808693378948887,0.08604453254350107,0.06373488776554741,0.21259824997203158,-0.04718398490213383,0.05258271574424458,0.36233476186920843,0.5885215391979653,0.03824194423337197,0.07413082277478075,-0.2968793443303437,-0.00393214268462849,0.2684964236477105,0.04540111230168876,0.12313843299151199,-0.1736075347517102,-0.08868259333220978,-0.013686840635272491,-0.006598830344915711,0.07299878676555611,0.07771527035023028,-0.085584997073456,-0.010286725248755603,0.08213625184269781,0.08617397458062104,-0.0652295256484837,0.034092830531881536,0.07867590124627434,-0.15881390841190896,-0.15787511914065355,0.15538532646585224,-0.14991749176002392,-0.10793941843288851,0.0034313986586401776,-0.12735236801796754,-0.07786688092988589,0.3697199907230505,0.14395225278625615,0.07391330324545858,-0.43950920134397203,-0.23493989422239903,-0.047336036818909286,-0.20411270172561957,-0.3613483280755184,-0.06191408451979908,0.010364491636986441,0.046659794641816646,-0.008161442665138966,-0.02408354017923016,0.012175575546013255,0.0343396521813045,-0.0031380730651263075,-0.006651616494035223,-0.34823856411765675,-0.13693072283715163,-0.08290166713214658,-0.08295442828319127,0.14174837275974633,0.3986814824470524,0.3264485672980376,0.11995104219302964,-0.03692384123581651,-0.16016896858385304,0.03209869050974665,-0.19717134206343925,0.3533727375023233,-0.3017008348328306,-0.24179446331038462,-0.6787100441536775,-0.31106532147303734,-0.28348135792386775,-0.18139663481374976,-0.31939160814983,-0.11592666676927282,0.035391456546871224,0.020875166205280335,-0.032298250981312164,-0.012803437826259258,-0.02752050143282999,0.07729859562563245,-0.13978890178579817,-0.07650469452184319,-0.24357077827569457,0.09513817231384623,0.09008406319580715,0.1795764988465374,-0.08378376676652709,-0.1613177952084024,-0.1832292432412882,0.2852159230489155,0.036018470314975085,0.436035882363049,0.1520422759326353,-0.3110262509667437,0.12865990572426272,0.16222921799159656,-0.26260842154231695,-0.35274226170398415,-0.24470481086253906,-0.09308708355840213,-0.18834774600707266,-0.05714269423809081,-0.014002466376618648,-0.01703689942047129,0.005769443591750599,0.011224454990575387,-0.0898915338194608,-0.14221286185459728,-0.17581714478695656,-0.3555308172054294,-0.4796589497298992,-0.037533822689656084,0.043685491525802776,0.21072434194527867,0.08316738662582158,0.5366393879237688,-0.024797556688858264,-0.0512317110905882,-0.3414382488322923,-0.07315973804622876,0.04275287895272348,0.1438455878156314,0.13503870997915562,0.26847222400384946,-0.21232440983045628,-0.29937892037582675,-0.24497957269769388,-0.28155790802833414,-0.0749383818377591,-0.04450851672001526,0.022821304134765644,-0.0019000506126630877,-0.06540498411974291,0.08246407700056582,0.0012776452829984105,-0.02718568867467479,-0.2467083471748734,-0.33420584390052915,-0.4572258149979267,-0.3706184866975219,-0.16180514685158465,-0.29594830520922455,-0.09473236238254162,-0.04343611421509261,-0.5262918219322498,-0.13979855822737725,-0.08043920835573681,-0.5200008537234916,-0.3542903837341388,0.19350314470145336,-0.24839182688276548,0.02014385661298464,-0.3187260750068711,-0.11719346117496761,-0.17900221959016444,-0.1316650283120976,0.024522178730138875,-0.04725994382498742,-0.005874336299280173,-0.0434789707679301,0.04206892573772493,-0.05304603664708664,-0.10045843500026022,0.11544278322690775,-0.06708079790083624,-0.16386944113542368,-0.11026264604109674,-0.21837990967641796,-0.5065992640095824,-0.8007914512974018,-0.526310008112872,-0.2263692943607673,-0.013409531832319726,-0.06307887273735056,-0.1256161345459326,-0.12507389371227806,-0.17401659755866558,-0.7100204516627007,-0.3536435417621389,0.2963829195624862,-0.3514561792624816,-0.32718149259137447,-0.1501534645351369,0.08740463901725913,0.054393881783448554,0.07583078642613099,0.026884349339673957,-0.03060015390987776,-0.06005004914476872,-0.013570765533235602,0.041130149238067036,0.026235018933882064,-0.08943466461494186,-0.03190886483688049,-0.16951673370667,-0.3636263361288137,-0.43014539445590055,-0.3219644809015972,-0.14569236251690265,-0.7120453845891875,0.14176854811267592,-0.22713496747552883,-0.14623659197173366,-0.19103049876868594,-0.27380999974394593,-0.16136827172858442,-0.4820921686842087,-0.44476664548536227,-0.1047793154097445,-0.13646265177399036,-0.2743344358004526,0.06323381911083896,0.1545010329289291,0.009532179755915042,-0.02300493086731805,0.05884029995942651,0.036490183625929595,-0.024168804090212763,-0.0441964038576943,-0.008131240418575566,-0.034538324640793046,-0.08033306963083048,-0.2069109873026567,-0.32798656508748897,-0.13379946877043353,-0.10938451884592992,-0.2710766504333731,0.08454650688372371,-0.18776150023996543,-0.26433967899313693,-0.1613642050451544,-0.40040106422232447,-0.15702764955262613,-0.3555513826846005,-0.14866182416911272,-0.4296217076039743,0.1680971139739275,0.06718824782355634,-0.1689689231111773,-0.003990720544371265,-0.026946704072245305,-0.04237345691920706,-0.02815488631597135,0.09378296565667002,-0.057415309080719706,-0.03176937433898104,-0.02110958183690065,-0.06350311898519304,-0.008038516452374514,-0.007941602234099204,-0.22928678417638929,-0.3273991417078935,-0.23596927395416795,-0.019360999096311265,-0.4618699246373702,-0.11963952725303097,-0.21379139774879732,-0.21824254513815625,-0.225138263304123,-0.47092684407247476,0.06409385625232816,-0.34522064541743763,0.2744803681503844,0.11784503215803631,0.05151296194858133,0.38816224222643025,0.09830171895058638,-0.03455094102373288,-0.019572184624413267,-0.08999202742109184,-0.023014179287509543,-0.017044560274658737,0.01990827380253407,-0.03172026418365282,-0.016240843640274748,-0.00783416653135429,-0.060974296019414995,-0.0071234781198504455,-0.265007517597932,-0.05474139262572002,0.08648023899789557,0.11072624298244846,-0.42479740505346975,-0.5639135329494059,-0.3719239153255006,-0.4421913077957685,-0.5090841036685533,-0.33046198598312804,-0.1017452384225037,-0.05287494238315432,-0.23413120663688522,0.020088544032910962,0.07234637492828425,0.20092016167015198,0.27089791879984004,0.19323910010590462,0.0069938130481126334,-0.08967426992627991,-0.05943131773755627,-0.0035046157351948212,0.010929614070327385,-0.03529813180534338,0.04060009129645186,0.011763108195539692,-0.1936000182120804,-0.059160103028824594,0.24069859241872482,-0.021334689404117188,0.0930550434575653,-0.006083255215744044,0.03506910549303015,-0.22181959345110494,0.378523034695391,0.21810632818099934,0.2589699782517782,0.3076749877852465,0.2053596423874666,0.5367193780225962,0.6757491907322879,0.1722557920872037,0.059876828951249,0.18311224613608135,0.2217043034635818,0.05598868454561932,0.05207846367714129,-0.010466396171763408,0.013831467250597534,0.0362414669456039,0.03687063884649035,-0.04746956368148842,0.021096805124145825,0.08704876728065165,0.23689971590060196,0.12916251187741445,0.1396801075886797,0.13539358809696247,0.3773553263614641,0.32628073999969737,0.1878750252509083,0.22874060633830381,0.3577167551679521,0.3657684707634047,0.5969213783251809,0.2956681654200117,-0.08421379951054091,0.45817565531721705,0.30728398223691494,0.14288805644533453,0.36241275788934757,-0.009395213805375615,-0.0031522311067899342,-0.00750017315309983,-0.02288622798843444,0.013552930388018462,-0.08343390162347203,0.09129112777502134,0.0916671253681578,0.015149517479358283,-0.01955799584976969,0.04282283889427925,-0.009488369024466545,-0.042197965999622125,-0.04070155420302399,0.0239033915388661,0.00847730373741597,-0.08251132662299511,0.05234200342517592,0.03478298191432198,-0.12184923174892101,0.03126411545075329,0.19962857796263794,0.07663516229047043,-0.06720889286892598,-0.012128371306822087,0.13797774158069795,0.046302641255405466,-0.015231905773758079,-0.06812160799917108,-0.05751375065506716,-0.009024478775175588,0.0018205612467570916,-0.03723359069504857,-0.026898661989229387,-0.07712150101110311
0.01530485356977886,-0.02858068311565773,0.020363661036327113,-0.005642344068427669,0.05419720449225769,0.07430237241556102,-0.05090316067086765,0.03762527341698048,-0.003890527414203724,0.0762081409799296,0.032825860566510295,-0.04973276663204556,0.0748908654283124,-0.039956596636121965,0.00788524772483062,-0.029602558077418028,0.028146769980157492,0.009987810179044466,0.06679097448950506,-0.07116611507702984,0.0666455892356746,-0.0507914549612272,-0.032317481783622336,-0.06650338612808121,0.033872467209489235,0.03950700215505642,0.006464964838574496,0.0005422582199857862,-0.02375407072303119,-0.0430123175792483,0.057527077652190076,-0.10554011359929026,-0.012672735043063649,0.022046011169853344,-0.008096993495412163,0.009053816725553984,-0.021366655759728338,0.06681468828241506,-0.08052958188328492,0.0502742541239683,-0.1143790155350383,0.05259052129402096,-0.006032962591676249,-0.0206068329499307,-0.017167009333471272,0.04058312962037285,0.008399794552779017,0.054872220212396204,-0.039718494059587016,0.02185063790425495,-0.030360174327016543,-0.00850921154369555,-0.003926165195280608,0.004060191924127455,-0.03187395108172706,-0.059861085505581314,0.07621324710887759,0.06873512981678973,-0.007770397566412811,0.05067852048115072,0.02216766384735634,-0.005396741583377272,0.00481567851625205,-0.030492066492981248,-0.019506695391268626,0.034011391684272294,0.08920875024342466,-0.03899970149719231,0.08912963203685373,-0.022609438422226635,-0.0009542909267397871,-0.041294534417293034,-0.021175450082324916,-0.024204365462257287,0.05117344908204607,0.05122200736876492,-0.08410973307347652,0.05159365036795749,0.0010474903540487943,0.017443226626159367,0.04899823722483491,0.00957253122231807,-0.04325196114915956,-0.027592911741936097,-0.011480880916237474,0.01706896715853605,-0.017017839635987346,-0.02859484765038336,-0.06478591887651125,0.02966643518044171,0.00915936858279952,-0.042812259852352694,0.00018672572210445658,0.031083886289903415,-0.07453208411154046,-0.022836078504427402,0.02424489717719629,-0.045523284526225685,-0.04251767267686397,0.025864726532686136,-0.13353199982054742,0.015935117843574462,-0.10564668186688668,-0.03907898794139678,0.05802245840603018,0.0219646013389095,-0.029072007857737413,0.02270492828367579,-0.09178869654239727,0.022904720766491957,-0.031665038458701146,-0.03325976432362497,-0.0415800542618312,-0.007817012541285206,-0.12284497804202765,0.08104092518621847,0.04086357445808428,0.0834165850617334,-0.028858987475921253,-0.04690700773724434,-0.016998245375771753,0.010587473354844864,0.03225639887616768,-0.0007500311101643031,-0.006536185087935903,0.0410181224689014,-0.06166492283367475,0.048482528803011155,0.04979357640183119,-0.014157062474919144,0.03995025779296569,-0.008235190734125517,0.022252677606608734,0.03098885880084517,0.0642795972162978,0.029002696763065123,-0.0177995602312884,0.02167603783055445,-0.04597794403290893,0.03340226441610027,0.07480231720530965,0.010831876434782952,0.08986819280695979,0.028708739680732856,-0.06427179979808781,-0.03766569121576628,0.04696929718836838,0.02228595299063995,-0.09149699058239844,0.009742186859258253,0.023138265853951692,-0.101042692465595,-0.03414677470584857,0.04029314073988779,0.013390251900019395,-0.00995722617037375,-0.030670792697200577,-0.0049318231757886554,-0.046362611296796495,0.009260924017780435,0.048116302668778206,-0.014357013038784991,0.01692585882838426,0.02093118924979882,0.025657819564019524,0.10728305799322647,0.01634965139063553,0.07855877552613441,-0.023203836425541066,-0.06072068947450261,-0.05903842621053729,-0.05733634887090424,0.06261329595502754,0.035430694426444746,0.09450320728003367,-0.03694885767005836,0.0298434203091993,-0.031358910666784985,0.04208628919390448,0.004124289312857968,-0.00016183833449591394,0.0313418892349389,-0.015022024707532448,-0.0065486804524186185,-0.014538363036149703,0.012461253716785031,0.07906571213939144,-0.050523373391123554,0.0270017325873561,-0.01725462248719419,-0.07227717111795065,-0.008303229866226678,-0.02666301145079319,0.0717753366968309,0.08350162042792214,0.008061793668516783,-0.067918273227594,-0.04546301742857961,-0.009698472043118404,0.049810935678719526,-0.01663480312896527,-0.0029048051170171415,0.011812261028432887,-0.004959647822174734,-0.03443726657568089,-0.0188081439588095,-0.01862105396253803,0.03130307509276397,-0.04590169015995453,-0.002599566771328719,-0.02450435055504788,-0.07311830261531582,0.027928250122944205,-0.011555626079624582,-0.007804876989105181,-0.03957149911950001,0.05381865694591716,-0.0337777590180674,0.054591573516485206,0.04697006169974412,-0.07368372396524626,-0.08230458382974072,0.08585893594906756,0.012265260822037482,0.014277050157204731,-0.033445741177008124,0.020908884941530866,-0.035417201087791964,-0.021388387843837793,0.004499440982965025,0.01195781944483538,-0.03176241221422056,0.016365261127901008,0.010354360778168674,-0.03228330578524467,-0.027350988415004454,0.0350398060263698,-0.01618024523018899,0.05308013873981599,0.005637433858273527,-0.034984557539320525,0.010006944459693348,-0.009194033232609807,-0.0469431990020916,-0.016938648948638623,-0.0650183160317039,-0.019761316917893235,0.018237763579813264,0.0771860094198326,-0.019514507166433402,0.05239579616050298,0.023105039237485168,0.13247491477722045,0.018818382431910252,0.09323963710259323,0.07408006223839228,-0.023322351183570747,0.07692247685272997,-0.01772197179939078,-0.015161800648206863,0.08238531234010328,-0.04412995929363323,0.022402363070395153,0.006848162231307001,-0.023200347432804153,0.015584066733046334,-0.010706632583544156,0.02855334316312986,-0.042056509632237206,-0.004249634647735863,-0.030840301585002047,0.07738733242023692,-0.033716435481996994,0.06021335021524562,0.015203222910817556,-0.0259423409796458,-0.0734920510165308,0.07641077769113228,-0.023680913505752153,-0.03999037175423706,0.011854661298581001,-0.05909797965006366,-0.053952399616929186,-0.042535766930014866,0.06728489269981085,-0.03604712701270004,0.026840841221819033,0.04659242914792074,0.026582566005008,-0.06364133646243231,0.07881503209584527,0.03113595711204765,-0.012925886703110975,-0.0456726444991117,-0.024299528154272006,0.040293356389914325,-0.03551069839085407,-0.00040798180227879296,-0.017567669876788403,-0.09613374433340151,0.052883418212597746,-0.043210716625233264,-0.04395749267081339,0.03611315798550805,-0.025948042336318453,0.022374848999541598,0.042703177576235915,0.01730224418617159,0.018437961933685132,-0.030541059561407655,-0.05837993811215855,-0.010701389039298136,-0.03786792088067309,-0.024024756247256873,-0.017698669506783872,-0.08299274190625122,0.08593792940920371,0.016632831454244417,-0.04328122060002995,0.019697024458172438,0.025988027349027987,0.04835671075184769,-0.014401464201912264,0.007635309559279698,0.020358333077279314,0.004551398740810786,0.03629940594705717,0.016463861443198374,-0.060678768219632716,-0.0040579184963639445,-0.08137931846466594,-0.0042423812588399615,0.05507348040599654,0.0007571586447321526,-0.019661959016050858,-0.10560300899823141,0.028962118523856713,0.017723290419460917,0.07307849090362058,0.013296705800542983,-0.028301079495596737,0.049362215300273384,0.024535698637332064,0.01654555906096776,-0.0008629267022142816,-0.02240060710637304,0.03737754200290298,-0.012403667409294173,-0.061990891916258284,-0.02597636359587951,-0.03671741492854643,0.06422559925712347,0.0028894955731689534,0.003803845714219978,0.0019086100956880968,-0.0330430322499222,0.0012201251228897095,0.05595948178141678,0.06412699334371268,0.002064752695647608,-0.009717982511176126,0.03675356122121503,-0.02844318369539772,0.0019915590262524416,-0.07118663841628937,0.05661105312907168,-0.057980399517144746,0.014106329680110191,0.07874448656379893,-0.0011188799848290663,0.08678211916100975,0.008192066130499068,0.020535350209920884,-0.020749080591995782,0.026682771142187315,-0.01287247399847767,0.00876736409515211,-0.0005817167556874231,0.027004914956073035,-0.045752992037092585,-0.014562034408660468,-0.03728522460201636,0.04330470620047701,0.03659331597659746,-0.045823269908886896,-0.02277059532640698,-0.001173542161512135,-0.005128605351291797,0.010535415554203766,-0.06572491664559109,-0.034922249479997794,-0.01242404209591773,0.10017033415442628,0.061396886327853874,-0.05860723779139808,-0.04598188152828905,0.0396333785902421,0.012656314875652218,0.029068840489523913,0.017533078038484733,-0.03527421346766053,-0.03313835596573401,0.0198366404107539,0.009297186653497498,0.06993194208960789,-0.04661216520339774,0.06088516787853603,-0.022261950578086876,0.04460993953628296,-0.06008118558502713,-0.034760452675837515,0.018688372539406136,-0.03183464106967581,0.06694833723257561,-0.0008886156754807028,-0.015110561687148251,0.036906162429664185,-0.016744747818056006,0.03053572520692595,0.004323397830373264,0.02294342608861456,-0.06624086315722755,-0.05677354022151767,0.010337023858148907,-0.03795561345560517,-0.02757576827637861,-0.015681740954503153,-0.000642913690375465,0.10056483887742923,0.022629422468333757,0.010968266635097174,0.007429095429925072,-0.062432231158363036,0.022000139785026216,-0.00736251307279651,0.004099933741914343,0.05584947641178146,-0.0227776334845019,0.09971681756454467,0.011659143412852997,-0.040406124685168694,0.014132573550705413,-0.06965621044338896,0.05603805867479413,-0.013796108690711361,-0.04115241323636929,-0.0004573103831174949,-0.009320294106034565,-0.042580640401572376,0.0007142979167551023,0.03726377420966308,-0.0028184435605438647,0.05558997323577552,0.016917231554785184,-0.10408895435558947,0.017391411653545557,0.005407767810868775,0.023307839372248007,-0.019453423427631032,-0.01672244672645736,0.04617001352149217,-0.012261097542390744,0.011923637312585509,0.06826836660391074,0.03170843174570177,0.036366817758941475,-0.04331780124605604,-0.04285958157236382,0.025821447480112426,0.0010758562269492149,0.04803538480982428,-0.023023668641286413,-0.04815223837341333,-0.01686875039893233,-0.08083606975103468,-0.0585946621621738,-0.025504396151450916,-0.05507312642713651,0.05478762391613357,-0.016267128879256302,-0.008834959905772214,0.06378006893397771,0.004610618752794621,-0.08575662738235271,0.07984907860517242,0.0002317782980237791,0.02064359088056828,0.030629156954387098,-0.0573484429997051,-0.005136571964109496,0.0024823608213974144,-0.08483936864411555,0.07326626724598827,-0.07440117210996099,-0.015475034707229093,-0.02646530881217823,-0.03989540432916169,-0.02156465645474597,0.0038656155630763934,-0.0003886843947558013,0.023959881454302074,0.06151958205462331,-0.00985026792192528,-0.10110460140342066,-0.07945150691179788,0.007733373131390525,0.09282593393664323,0.046964571474630235,0.02553989568231968,-0.01674747302837906,0.015321949864163527,0.03567477904200274,0.007717009845252913,-0.0373558961020748,-0.023016247707875696,0.026828451495803287,0.030762832141157,0.007411377930367075,4.829375442115897e-06,0.01777577380676909,-0.01250535549494581,-0.07539040541527424,0.05822152766076074,0.032144286241558524,0.07640715419632073,0.049070934430404146,-0.06008906510393124,-0.026887017786362457,-0.03411312648364258,-0.06044240414071466,-0.037425845849745634,-0.005845972179233809,-0.011557612266008314,0.03143203849427602,0.030920731785365873,-0.04379883958258128,0.02739569072899066,0.058059333655049054,0.015881378293345703,-0.03831102682234767,-0.008271643978858156,-0.0440346699734805,-0.007960571356938548,-0.0006428200985748093,0.007337922600776307,0.00853704865194278,-0.015255159448475105,-0.003960426568698301,-0.009222123582990006,0.08569492298420034,0.015841196755996573,-0.0898557352792249,0.041594626405151845,0.026106359981368524,0.04609708461617994,0.02782769572047141,-0.023782486846732637,0.11092136129088735,-0.06833490163975076,-0.027854299002797206,0.0096291436791893,-0.04849452463046203,-0.001890665478988228,0.04498437065399835,-0.004839801216939652,-0.026124540308586863,0.05048102491722655,5.649155199687777e-05,0.06693996447963033,0.03642266296986624,0.010617755518257567,0.035828529464933395,0.029194232814231617,-5.204827304114229e-05,-0.00799853663866908,-0.03511812502663533,-0.024114768565808086,-0.0445917264069235,-0.06094944243686083,-0.002405144063955323,-0.03818485123233793,-0.04747658176905219,0.056971005446462296,-0.04695282957736603,-0.09190616635033542,0.008137811860266471,0.016002588918549603,0.04238936364538844,0.015751011638002025,-0.08997008953398017,0.044792391414618674,0.07198798421027178,-0.01871779976512331,-0.03120883513237173,-0.05249813671424587,-0.06601350167032556,0.005808278982403326,0.04043851447762001,-0.057962560576827374,-0.06704917952339536,0.02814623313558336,0.015052306145405273,0.029616852184810662,0.05631282151207403,0.03537223760854608,-0.05733830271449756,0.08143637799464998,0.028200641370152518,-0.023696486169710197,0.005055123897147181,-0.006133482515207387,-0.026734249679455445,0.06315742610972729,-0.00030955744480557607,-0.003615681415802324,-0.009823252356257247,-0.056819165602296745,-4.293593119549245e-05,0.0720833606079437,0.011322354312788795,0.05545157658586843,0.02514125714059628,-0.012075627343918677,0.09330993131442364,-0.04047514948953074,0.04392036685866263,-0.034617199432231203,0.0419905746491159,0.03817651529948185,-0.03850356031165535,-0.04219735740107654,-0.014089837164436474,0.021014767123792005,-0.09265693710833979,0.018548364563287633,0.050255563273288145,-0.031310924855333634,0.01138260783238162,0.01858055667253927,0.020022850411306893,0.02954105926760845,0.04960703825155237,0.03268512892475219,0.02176530903273105,-0.08086450883291524,-0.0027725616623646304,-0.004094592290983571,-0.011406790688364523,-0.021498582969662314,-0.03847131106067354,0.017590844322169903,0.012213050572446246,-0.03276507751360897,0.001535821962886637,0.026775412727189,0.002335221643862644,-0.02238734766892463,0.00891828048504697,0.0841583001233355,-0.013053603424217955,-0.024091187898047324,-0.009482275052078002,-0.005924169175975304,-0.01394606568188964,0.05463772484152999,-0.017033900099150207,0.06823367207616328,-0.05647856764210657,0.0031899638966698023,-0.004233731223247497,-0.009423095547269673,-0.03750856036205727,-0.003041463648034943,-0.05641198108463792,0.05699350884896754,0.034846541301239695,0.0019546875606282284,-0.05838007305141876,-0.018333073344935343,-0.027853536289687033,0.020694041979840084,0.06300421800798499,0.008889233555483322,-0.00857703511816979,0.029750427468977183,0.029589457090197106,-0.03875545346173989,0.001544306330061847,0.0584061667698877,0.03940741627257077,-0.026357005158386723,-0.01985148374712787,0.018595485623769736,-0.054417443212784765,-0.07935994343534905,-0.06710598577360818,0.013512920525561134,-0.02763202618987327,-0.025748738078170078,0.015545651689475203,-0.003621843620814259,-0.04311031477755833,0.07854655701378144,-0.051249963005084206,0.0657491651719515,0.0552286058729391,-0.008736132195304112,-0.011948019848831282,0.013155337552985162,0.005035868527922993,-0.038066317509854314,-0.05376557421627746,-0.02327301101673919,-0.004842759891198106,0.06853743572195814,-0.06188131800360874,0.04836640923610671,0.011659589682051217,0.005216188854475025,-0.018735825602216084,0.01352894292825934,0.029456719427462596,-0.028323493422434235,0.01566700204931551,-0.015353573298074621,0.005382248888074795,0.05569872649732589,0.07691337295352979,0.01933091244740583,0.01051303320351479,0.011268974280928667,0.05937987243320862,0.009903774397725837,-0.023102634474597143,-0.03190119093552507,-0.02520772336063645,-0.0035132909487323644,0.007711554403249628,0.05158516744311385,0.0664528541063863,0.003578190346624453,-0.02314863983926589,-0.00896291094324697,0.013486725957704889,-0.06573509132992068,0.0211737636675194,-0.051949925964693076,-0.04630458135461646,-0.003786713904813242,0.07272219899697487,-0.10604559921782745,-0.09373220314210848,0.03131305349722693,0.03007303533537907,0.0650672784724831,-0.01668452741076846,-0.06442440453807752,-0.009290207109266136,-0.01634282871846285,-0.051123112001804104,-0.02036274764099684,-0.07507018087462523,0.0030045284702829318,-0.036413591310646094,-0.0007121344787241068,-0.048612403440232634,0.049643722825268355,0.03082296913747331,0.01807497534328583,0.03352736912452283,-0.09025526481371718,-0.02530560998886328,0.04371589802672357,-0.032101990581309,-0.06321467523453742,0.06543709846052455,-0.04277437851667504,-0.05735444824980157,-0.09389917533099393,0.04350872728778197,0.0009162053456325328,0.0515225505771824,0.0463485572566916,-0.032468992308879896
0.07891438591719464,-0.012791907550072585,-0.0677641886594231,-0.00047545216990372885,-0.010051075928950461,0.04236419512656215,0.06619705238835208,-0.018856035970740117,0.03977227577500421,-0.041932779143101825,0.013071445897439275,0.008813501642281158,0.0019051538404948366,-0.07928221226498117,-0.06018868824611071,0.006999655295481492,0.004523696277989823,-0.054443532355732176,0.05620628715423241,-0.06660414697463449,-0.07185014720442778,0.03223385216468693,-0.0013572040646372737,0.01654069015254645,-0.052054230747662585,0.03958384042056832,0.02560429581187017,0.0395850968797752,-0.013795198595061635,0.01256528206263181,0.005126437224742529,0.11534258015729376,-0.040126876782768044,0.010263334324045923,0.026450085465475195,0.015349868757043814,-0.12606227387413207,0.01462137363681335,0.011872427039757714,0.0018015746039000092,0.05858804585953002,0.10578954329020321,-0.05417790115224467,0.04791245405313427,0.009391351866233555,0.021121417433987696,0.1064534896501897,-0.024014607487396405,-0.05475344961864464,0.09665652156562753,0.007133482679122284,-0.04654695539304345,0.00439316559778385,0.03727991853233085,0.04176913291603263,-0.06704108843077344,-0.013095513443347312,0.006485368137307806,0.05610692013530413,-0.06243930970446434,-0.03564251727023027,0.06034634198467229,0.04481442151461328,-0.013152359468437628,0.08184824012556,-0.04706722045514022,-0.08096807605631007,-0.0675701019988624,0.03827636404874541,0.011079014079032704,-0.11112565795674106,0.11862363930068383,-0.02614927475099822,-0.02919247206171131,0.03388375921777289,-0.1114150160259941,-0.05301378851754482,-0.030115044911373887,0.10443035517402671,-0.09782396507503441,-0.027749768511214093,-0.051966801022574616,0.08827868015743215,0.011566570124912872,-0.05235351493815694,0.06153830342720442,0.012954079027865882,0.008024618849169092,-0.010371751068060273,-0.019369072293650834,0.052888076348441976,-0.005262357475973703,0.00939889500323838,0.0029263178007385565,-0.0610917634360368,-0.07596237378294171,0.0010621313404250811,-0.07239135176620096,0.0046023790405668695,-0.002959629507904699,-0.05750180218823514,0.015872975896921,0.05758926591894697,-0.025596621956761333,0.0038853132065737057,0.019683272236641545,-0.010589448331772312,-0.0023235083972310867,-0.08258719889364419,0.01317708156842072,-0.09794082274659666,-0.06905920271457179,0.03581471632427922,0.017059563449423984,-0.07732760980963292,-0.014593499003917817,-0.04809090431889702,-0.014403045539639288,0.027822696413652093,0.09335478112166246,0.02306516649585098,0.0014250174027752437,-0.07043831480985567,-0.031460925815578134,0.028619823168274043,0.027235059354419104,-0.050320992421483884,-0.07922784643259959,0.03298728152749102,-0.013121088018542804,-0.007822509601105485,0.015726392870907588,0.07554427546241695,0.08773547160073747,0.02016486127532666,0.014496180793739412,0.04206120644412013,0.007593771065544711,-0.032936459185189275,-0.009508833733750973,-0.02852787094122504,-0.05147071635384764,-0.03391438244953255,-0.02885504891077941,0.0698488385044436,-0.03383684486676682,0.00302227735568088,-0.02712820037368008,0.02521169683632081,-0.06930167697593448,-0.006678995973198599,-0.007913215086526357,0.02840936429122132,0.016808356863181242,0.09585988583330318,0.038102005703764597,-0.04711108502539438,0.01627757914209182,-0.06491241639974321,0.011851833510900554,-0.04160059950082637,-0.04329271666374536,0.009305973599938911,0.0503169198027794,-0.03731228057986751,0.05080721484972924,-0.01886140314160984,0.02024241845818894,0.08649175132998374,0.07114651371307558,-0.018666667284616207,-0.07802806187013374,-0.03722805552792817,-0.0692084372901264,-0.000784398879275107,-0.07196963361585271,0.10813978478759413,0.017739695905138304,0.015566518993315398,-0.06606109661679561,-0.04382646693083014,-0.037712257990553895,-0.049039254795622204,0.005347278208221745,0.047541345823678194,-0.021255014544745102,0.009970121338799534,-0.009475774900741672,-0.033404546852296914,-0.008441337815447618,0.0037284440760422008,-0.0837895444353121,-0.012158475944559686,0.025132486575491542,-0.058408246833006675,-0.013500409151617425,0.006476969883358331,-0.007673425809925869,0.051164469763292475,-0.013197549923600282,-0.06616134616348943,-0.011140653339541997,0.03525188725282709,-0.01968290575459038,-0.010619549928735535,0.03810503838254896,-0.03693911602987562,-0.03022276176647782,-0.05216174487787264,0.02487812439335971,0.003467602577930788,-0.031427547816451455,0.012843776731032958,-0.011743542381654292,-0.06035278301759279,0.021018323680771316,0.017088294880648988,0.007772536504211217,0.043641884937167655,-0.007445778038712285,0.04133878263402665,-0.07023108096686444,0.08878908490857988,0.0019010748335015074,0.035229376240477187,-0.05526971404224727,0.02813342887354236,-0.0626736482199198,0.03945521690536084,0.06922175812242398,-0.06157145526658713,0.006517127167067954,0.08896532091389867,-0.09695810758542726,0.05203219139419761,-0.013108122349897638,0.04743817636492863,-0.03845944604963795,0.07967582355378691,-0.029318972499497838,-0.0328165055127793,-0.014430109568342928,0.010174748593000221,-0.006128632069097221,-0.08728456465585896,0.006875765299091051,-0.013335826001505492,0.04302437322056476,-0.02855023668005254,0.020846542220151542,0.06049601330024535,0.007052792673216101,-0.01659110554874686,-0.08802900060872051,0.024602455633537895,-0.003237451926492811,-0.017737965453777375,-0.004450644703986783,-0.10685317366361004,0.01815722628762802,-0.03744572828426924,0.002096225150940076,0.05399834752945952,-0.015517218549346401,-0.033983792755542246,-0.05249899827887939,-0.006552099417771224,0.02531784949757534,0.0290100324222173,-0.08570651719037321,0.05287701938804297,0.014092904455729917,0.05641461752694062,-0.010265959662449607,-0.00041916662189718306,-0.029393779194742033,-0.0715236869334116,0.03465156279496833,0.0028720330896894815,-0.02497475813229202,-0.0015148645912174306,-0.08327270981156139,-0.004411205125839514,-0.05996349705569269,-0.04445813204019069,0.003508409554221393,-0.05996933293222011,-0.02097210059648691,0.04302041249704163,-0.022213869329032444,0.02130593534746892,0.008711827319412465,-0.0009880354686782119,-0.0576650198087268,-0.051048474312068944,-0.005963979001598414,0.04515273388921432,0.04153708823779946,-0.0013344531222493645,-0.03783408112772197,0.010419847622195801,0.05881495755490661,0.0660232042100869,-0.01443203800482037,-0.00924969093673288,-0.08330769944655109,-0.06927937660796228,0.03372345308384268,-0.04872029978126384,0.025108460140910574,0.010323507510040283,0.09966532968388198,0.02490890327470259,0.032067590775430366,-0.017757829669764046,-0.02041994023698174,-0.02643920342373739,-0.04296603099276082,-0.011240219624860728,0.015173521367686245,0.05764126684332583,0.07059952752753663,-0.03708478340414881,0.014807626112771127,0.01608190814628187,0.008764493546130514,-0.008951058225175322,0.015393258587980158,0.02683779056070178,-0.05996933563614989,0.015439954920597408,0.013599833959601005,-0.022196882305766125,0.04369543275044576,-0.1022290535748593,0.07316317884034053,-0.056531152264352916,-0.05373842471406146,0.025611189316096655,0.052650039319656616,-0.028740293844845045,0.07216591072228988,0.03371899177539406,0.022299897354962767,-0.024892372237445316,0.06803475932734017,-0.03045704400620702,-0.029346924606006543,-0.0046368517602543985,-0.035404971758191725,0.08487522231429054,0.031660219494922676,-0.029513640570740473,-0.06574308422969842,0.07031601721832362,-0.007454939821718367,0.010304803771933444,-0.0009523289162624419,0.029163308886861097,0.041841062296215245,0.006336225029454593,0.011512583493197472,0.02216448069223183,-0.00013120091150659692,-0.07327086293727059,0.03801572030887116,-0.056694277498794285,-0.013892803918837793,0.0177391461932015,0.008571529668269308,-0.04947012909787736,0.02863457533194133,0.04726293672074409,0.007220523691682875,-0.015506107452878582,0.06158559046782994,-0.09816814216162785,0.015557845727121036,-0.059826851530780954,-0.010553045706919669,0.03950568526551914,0.07174124966406203,-0.059457612422351175,-0.05225059185316208,-0.007374775576686761,0.004864792211407316,-0.007390040537721522,0.023595195857918982,0.017956549334058106,0.00820966186658899,0.050862505973650454,-0.04079513992605738,-0.09480524801021396,-0.01053129910052503,-0.0025285922282570596,-0.03636525093915039,-0.010028281600874482,-0.0018494519141690783,-0.064280259193173,-0.03494945530687268,-0.021167141465852395,0.024237863463254745,0.04383602545984151,0.028232141997138287,0.021239553981313844,-0.0002397133207436084,-0.048362796403873295,0.019850569858836042,0.0008396451381302673,-0.010200146494501695,-0.0020362173387503692,0.024386896121506713,0.08065559155692527,0.029372455907334602,-0.002853872087483814,0.06793019947260809,-0.0047529861563108235,0.08088841585755555,-0.07728994432524944,-0.0017062496471319303,0.04434792707318,-0.041807875113662095,-0.02110606638061191,0.030410483940258526,0.06986302719987098,0.10924348257319506,0.05448913724842201,0.028317972823769806,-0.010660745126222393,-0.03682299657373903,-0.05155737136207358,0.04929263156028972,-0.0850403647644274,0.05234659829485962,-0.03579398916453381,0.051417799076960695,-0.026361435124380495,-0.04754556114194228,0.08428052324624528,0.0026588801022212234,-0.005352355263715806,-0.0009096515148692303,-0.1076999266962689,0.012849381670810832,-0.019017598773167936,0.06414650510038578,0.04605314097268524,0.0024657255593582904,0.001761369916029913,0.01830322594911603,0.038341935164085066,-0.06292737726325204,0.03362448900844383,-0.025339379707125305,-0.015714708746643748,-0.0524631118403571,-0.02844508522457403,0.010752912843461497,0.03984949020280512,-0.03273762385481702,0.026974353894463923,-0.043939706041269795,0.07192280345987835,-0.001654963243737825,0.03416154167784802,0.07169822100860686,-0.019389074048981714,-0.07318452619335555,0.05323490080713241,0.002540958373082347,0.07834768850951837,0.08406426048608777,-0.043421395204073523,-0.10127120883617656,0.005447013857725962,0.019051320745827292,0.016531661377428262,-0.053433914160764255,-0.0665738417745709,-0.06620443264870943,-0.005030499970620259,-0.0673034135579244,0.008266905477892167,0.01830325433751389,-0.02013386901477818,0.006351135811158641,-0.02700991171850024,0.01728505581717842,0.07425476808000687,-0.01974783760050447,0.008005940243319047,-0.05525645290851435,0.008540070738246582,-0.004012575311463095,0.0009332749599752329,0.04808635232362531,0.026170069654101256,-0.03307144978656933,0.07965230365820725,0.0368309057075563,-0.025799600028506935,-9.610057347299781e-05,-0.08263387784243666,0.024603983301201674,-0.020260408637063732,0.009462705552936266,0.05134585221642621,0.0660122340892418,-0.007624628161327866,-0.009845714123078874,0.053900894524197746,-0.030090986545833018,-0.0006904411337767755,0.026135260899229202,-0.06826386715346029,-0.04351511637260107,0.06220683822649857,-0.03827857379561441,0.02973353833704623,-0.03528252678988532,-0.0062923355975980505,0.05548638916263585,-0.09272968169931242,0.08231972482274168,0.05086184950123246,-0.03454340780785898,-0.058806972156143514,-0.02761308610105057,-0.045443973979842824,-0.009779442007000134,0.031673061897646466,-0.020279073241895505,0.06905498752329534,0.0915497035178851,0.0395721174791419,0.008041981770402933,-0.035890256920225086,-0.037976032407765314,-0.058171576413439535,0.0008324491466383265,-0.021483295181051024,0.018756887112519386,0.029958807735410944,0.036535719554201804,0.058201016390560655,0.0017290861771807272,-0.014770786994363107,-0.02519822316693427,0.002794132263464775,0.05797408280710334,-0.03707445050126637,-0.056917213560892264,0.04767396549346055,-0.06769612386452961,-0.018649224456918124,0.009333328343116285,0.051819858478444024,0.01818968878462866,-0.04185895008773644,0.008937755931877121,-0.024463721832149777,-0.002772576416906338,0.015589815324323244,-0.06405213897910346,-0.018598073962656187,-0.003231043360333147,-0.03341474333658765,0.02427049181934612,-0.01853729961102034,0.03346964957974617,0.00857510084915895,-0.0917724933607437,-0.014782307535872015,-0.024654855356636866,-0.03128359097917814,0.03206397875258975,-0.1087447888319643,0.038875849660026794,-0.042462155845248595,-0.03310746919208334,0.07574381373248341,0.0404111615115504,0.00812981108210599,-0.06202857795245588,-0.014459575490488747,0.04036005461664101,0.015917900394573706,-0.05676282242314461,-0.03824052862678268,0.04587283395484661,0.06237337967931717,0.028611709655151488,-0.057582841087395066,0.005335304082946596,0.024068822235535112,0.08183464064588661,-0.007412961441331025,0.025170417939951076,0.025569760220672737,0.070097551004155,-0.006087843919422577,0.08063841730586088,0.0053476124929147184,0.007417315522309472,0.03244019082777928,-0.012534806142314227,0.029096526441747376,-0.09306353148678133,-0.05083617264854944,-0.015104969030939419,0.01852335795795029,-0.06271667473469351,-0.04370070735912212,0.009289396386515925,0.029057739781508024,-0.00889936171414766,0.05921523264712526,0.045687479147532156,0.020268781129124915,0.04179063257214589,0.05440854473223523,-0.05754126992620709,0.051888725600744874,-0.012276521281582043,-0.021432161306460928,0.008032426196128255,-0.014159781610239227,0.011016119709796062,0.04841922833060563,-0.043921162661299085,0.0033322602320013956,0.0002618300578391947,-0.04962176208137872,-0.025404769419369904,0.06954599800326433,0.025890490515037425,-0.019903179027417832,0.046674939149503006,-0.07207971451664277,0.01656696934417498,0.07057770685366566,0.07647675163400397,0.08911364713980219,-0.017742366979141267,0.06082578216281409,-0.07610943194975281,0.11972427505066155,-0.004517693872308295,-0.0009280021530046205,-0.04627354533836662,0.02202242131128282,0.022313830443633723,0.07784243980733958,-0.05808026261042295,-0.012317392554465262,0.031452440934578656,0.032815412787300303,-0.023827776973374442,0.020829422094354996,-0.007830691104770176,0.025217788948552134,-0.02918337435035866,-0.0328942242286696,-0.011755306229506256,-0.00600308223270216,-0.011632221227566256,-0.029527025016786904,0.06560859793633,0.03542697368270316,-0.07090169174974717,-0.07094095349177292,0.004337709589935785,0.038681299443224786,0.013811990125269485,0.0732653047883038,-0.08996308085517923,-0.07877263827685152,0.09479291571483112,-0.0703561789981362,0.03288153883411403,-0.007786526555218183,0.02906904901806991,0.012191634048269548,-0.09992027714691469,0.019417222834280677,0.013596611837296787,0.04481854562052023,0.01145253172409507,0.023177083248295413,0.04968312785772173,-0.005639223841014636,0.0561234396330047,-0.0007557569249313092,0.07877505412760412,0.028338093041805526,0.07492303102426381,-0.005598243464114549,-0.035429566193091795,0.04572519836426588,0.051332814169747575,-0.07444600035717867,-0.057429544410903505,-0.027030300968749536,-0.04052272619976594,0.02977035112478282,0.07641089327424924,0.007625790078400919,-0.12984555046973797,0.0647843399501376,0.0032452766818223252,0.0438040893877349,0.006997666200044253,0.06094202699225405,0.003282770331585096,0.03133617612032209,0.03325632614939621,0.005995230315307555,-0.05944610324504824,-0.012942408902744604,-0.05982941355359214,-0.024319220983055754,-0.053406263916944086,-0.019969008188202523,0.01607071973684968,0.04100586970866368,-0.0849482901180023,-0.043498497392995675,-0.004565169577984119,0.04061460578121955,-0.04235314865387031,0.07429054432566891,-0.051703828325096395,0.006812793806782384,0.012426073276308004,0.04154831571302297,0.04922502263585623,0.030824946237781328,-0.03539412679711167,-0.06971341976396823,-0.0048939657772526,0.020015695350931846,-0.033642112636279135,-0.0636518151457629,-0.01884580510864768,0.03761417814184542,-0.0809857629006959,-0.018993090983395675,-0.008743424497143996,0.08549798764959597,-0.0768146164675359,-0.003988272864466572,-0.06036336479697568,-0.03154675912728246,-0.0349167637014091,-0.08463439353541251,-0.059644642941413126,0.05433102703139562,-0.012624249899893423,-0.03079979452453458,0.022841684959778584,0.045269739304436216,-0.04503035269511329,-0.08008926030856268,-0.055509807804760634,0.005797185557972116,0.05608090108787627,-0.05136135038187893,0.0033863351938317773,-0.0011349805671892511,-0.00578655707580813,0.016246753695599657,0.02315870122458008,-0.03961073297296093,0.07123063713343858,-0.025620286993502422,-0.04193623017948136,-0.024468027873648893,-0.08133905096807166,-0.04377132770868692,-0.007096942916731814,0.0006061104756658461,-0.0513340190869818,-0.005118666855019109,-0.04521299134285495
-0.04935619027910235,0.05394410527656758,0.007024192407233819,-0.0066339378312788196,-0.010696969739298663,-0.0469897344270482,-0.04694145810678612,-0.014855280614878995,-0.031636891247734666,-0.02544086226155067,0.013943976219911582,0.004223073610232194,0.013716610215693417,0.03886494176361722,-0.01392389733410234,-0.0694229706399129,-0.005786935817901941,-0.01463289874258246,-0.05173085755368195,0.002385665499629106,0.09895647913341547,0.03677258310611089,-0.002624198802936027,0.053411790300500625,0.011587985757290399,-0.013410026448982376,-0.047403885383432286,0.0074531649852304874,0.006443231734061142,0.020237692705758467,0.0021282293321303663,-0.04285536501850735,0.022373987351537027,-0.013805624089801714,-0.052204459862589474,-0.0035730738036471353,-0.06220663749654107,-0.01305411666878088,-0.053356863172042704,0.06548862975151767,0.0017635288390800013,0.030229468444678782,-0.005453279319420349,0.08199256566799878,-0.04221588481321223,0.018739792588425515,0.0017795189392882057,0.045382066272802765,0.04168745919492966,0.03570527069481451,0.04961854097716447,0.0325551758869258,-0.03223729304624288,-0.14933113577518936,-0.07545975511051323,-0.07041591311078577,0.01037963491905396,0.04826562352784199,0.011520008308955046,0.03599333866366479,-0.0670236886981923,-0.05193204268965437,-0.037444732750959414,0.03067114097272073,-0.05308959220428413,-0.031583115774941925,-0.09136683911283158,-0.02645862291536405,-0.06549875030849801,-0.11372781216695593,-0.06193780770591168,-0.057457837567994996,-0.006528367016304535,-0.0459973387118007,-0.058533479709532266,0.023014691249362573,0.04868436394933426,-0.04748645160781871,0.045979807905315126,-0.009762098992661722,-0.062075271402358224,0.03931009621149047,-0.02095882401810894,0.061577193316062456,-0.04394227398045378,0.003949370147477759,-0.08268968754144941,0.02584311022171649,0.022079311993106848,-0.050311903368530614,0.11698854913958404,-0.012905732417026056,-0.007637310999907544,-0.0170985181847604,-0.09761534397022444,-0.047358698144556524,-0.21568858964171744,-0.21298373505088686,-0.21516553351870293,-0.19622173849441124,-0.1444721827702561,-0.11861046807362807,-0.24861039908667054,-0.3015419852870772,-0.1331101205603578,-0.06616946586526051,-0.13184971221004474,-0.011040041929261576,-0.02916335098600768,0.10701649177679294,-0.0196819095160871,-0.06016783270193672,0.030798249052199647,-0.013134973300116296,0.017074442186749757,0.060864258378934936,-0.057479236633960824,-0.028289276914391186,0.03842542215769811,0.11253713364338963,0.07566437706237258,0.08585018433861727,-0.23407295041181414,-0.27581848761470346,-0.14495702300542282,-0.057113111181778205,0.0017162388549689458,-0.21725056176940294,-0.03049942809432851,-0.16330130664297612,-0.03270094459200915,0.03735508350085865,-0.03405366397896795,0.03879768998685628,2.6611381930470845e-05,-0.019876942756751066,0.05458227409241201,0.04983753279177041,0.12434972675229679,0.003410133953595782,-0.020914876706065552,0.009453121379990022,0.0262646322609295,0.003527989256125234,0.012844582665890888,-0.16133637257343078,-0.13002489518524601,-0.2119701145271154,-0.23985308786713466,-0.21706513619023793,-0.1032395603362617,0.08446292674949818,-0.01528725756424038,-0.14120239633037066,0.10342191945297015,0.0003117001945094971,-0.042042358302740356,0.059966981011688306,-0.13844373741722835,-0.040009904256328735,0.021683957845318604,0.062041761058417244,-0.07297080338769263,0.09693752114508067,-0.14098302163131018,-0.12174936194658115,-0.03355296260913539,0.0444832083442378,-0.02215533575209299,0.04980286688634075,0.07209801857532326,0.06645434304757607,-0.08834679148175688,-0.1674601649684438,-0.10344396710955746,-0.20986019155179683,-0.02794274936296593,-0.24834405999635295,-0.15814462824351425,0.14932452128203344,-0.020465969091624205,-0.09982650743967234,-0.11356250626082047,0.2227683363322851,-0.14900270095651255,0.05750927117113279,0.027941873143771466,0.2287277463935574,-0.004865667891147637,-0.03654814414568785,0.042244585699952715,0.1529859272228463,-0.2546387937706581,0.03873618087200528,-0.006179351691824921,0.042620531701920414,-0.0002555296965226515,0.031854902168108476,-0.024294317649141306,0.01912127164288849,0.028050485518592537,0.006541962492132835,0.009917697437114922,0.019156297664502834,0.2972201655336361,-0.09577515792228643,-0.08306780094259736,-0.09855712674003031,-0.14910489407373786,-0.09475682435026075,0.09590199713395858,-0.16349867700540674,0.04251276275326342,0.08872073925081529,-0.12688739086408343,0.055785124843465206,0.030393527563058426,0.1294711485127109,-0.07969013382145877,-0.04117098996648109,-0.04171603372200519,-0.13217383730537896,0.030166675141176227,-0.009756451199434793,-0.053082872642208026,-0.01838312707927046,0.033853550789530604,-0.0431389520578645,-0.14008724642538944,-0.12273518749310103,0.020333188669974796,0.1430390747670785,0.008050840447470177,0.058975620599649586,-0.09859683578765197,0.15940887638642587,-0.32754061722507677,-0.17337251876825358,0.05083693687578473,0.10478578942545395,-0.1617580461995955,0.05292886593596768,0.05229217726290005,-0.08018490921344383,0.09117655706212936,-0.09365376254461591,0.1216940699628875,-0.16184902396193052,-0.06110779161717729,-0.07304045129730041,-0.09468638521393845,0.06357259637015059,0.006130915121657177,-0.02913941879173726,-0.032590562021046994,0.020579242268152904,0.012101981433700507,0.10228600282323233,0.012957607277949786,0.007257640775090397,0.09841114512195955,0.1566472453809955,0.02016697717782228,0.16115013798688974,0.05869501237533374,0.011716460203715043,-0.10430274820974705,-0.10459141390937449,-0.272878152598519,0.1468609178022772,-0.0034147328211505115,-0.08803122261264966,-0.14790364429239264,0.1955957566809201,0.04267271610869572,0.05898371624288189,0.06326496249568601,-0.06870530347269546,-0.007932316759511188,-0.05647886912247942,0.019393547616737193,0.069339098124543,-0.14453824267535692,-0.023689701123305745,0.11385539472093846,0.16373769359052429,0.17437770932801339,-0.01295849141060868,0.027269015773313456,0.13231517265137815,0.42035021315680204,-0.01716149275422012,0.029559637121209337,0.11428406341090969,-0.29851290301237765,0.25442846174521505,0.1575567765566789,0.05333352409886748,0.03429864690276039,0.2712202386234802,0.2719461092671117,0.2877397945611437,0.08735039959883824,0.01134988168137899,0.029699468337679336,0.0177861765596336,0.030089766327595885,-0.010295117831399667,0.012218642944715332,-0.02977104710710256,-0.04621101881680308,-0.19260485097826238,0.016703070651073914,0.14730702972541923,0.089249881478022,0.14209134523864236,0.13588580393679858,0.14317333717166963,0.32135659014667145,0.24540498805507827,0.13812310424459193,0.1466616661316852,0.30953759191855934,-0.05640141139081766,0.18825520426544853,0.2492948501151648,0.15103961360582424,0.17563599257277335,0.05547169843525563,0.22725231831543397,0.011335346241488948,-0.13254581946952698,0.07742126813836951,0.16784670710118968,0.03586121343990896,-0.012875058578341422,-0.04755770221980504,0.021589518871299743,-0.020223630096400443,-0.04171977533465026,0.14719713926324457,0.04860147160060149,0.11561698627918317,0.17215263157286195,-0.09372078703016751,0.12299690828818907,-0.009161028738477633,0.22303378604109428,-0.04561487611545958,0.11635212070719081,0.10503071168600371,0.0705497357838557,0.14919773424277316,-0.051092257475773006,0.32125497775381356,0.14266416431215934,0.12881219689383244,0.1306122559440284,0.0166522037504561,0.006688193245214824,0.15174802233118906,0.08415490186467282,0.10733018695786599,-0.03174995895491598,-0.08179212931397647,0.06342480787916023,0.06917064132110218,0.022114447274856765,-0.09833390116152912,-0.08399081939913791,0.1604099176263511,0.26014550469899894,0.15996632188410134,-0.0465190519408703,-0.20491708199190975,0.0664872641117934,-0.02199449731469151,0.2092289332953996,0.10063149174005741,0.1248528300245192,0.1837129802475481,0.012030988990569546,0.23088219763133125,0.1670558018772914,0.09610015326903873,-0.07405016773179131,-0.3084585837830532,-0.18420458910647883,-0.08834106260865913,-0.06127827297919646,0.016553898523656834,-0.02667280611314518,-0.03888686627397607,0.0023615901683206736,-0.09079699189862202,0.0035676138004810645,-0.09376025541325696,-0.2250653045821018,-0.09317654495509532,0.2651080396775566,0.10834376705518027,0.014921786261048823,0.1423388440268632,0.06702917279202612,0.0351751647755801,0.09883064633855476,0.28082453422721515,0.3121153765116024,-0.05067977643788975,0.023040524587979703,0.24519042707746586,0.08772169326982958,-0.0003905447134232731,-0.31791190161360827,-0.1924619456495694,-0.033845372595796834,-0.10531725749789533,-0.11811899218637463,0.028657214161974223,-0.0017453710650289988,-0.04118472105141293,0.019833489604081295,0.051531212405066036,-0.002149359417428597,0.0004096639841292929,-0.08974390890628157,-0.0644919176983237,0.0475050658449452,-0.03567958065189304,-0.01835091275219083,0.0006800656792570339,-0.02955308336523349,0.16925409318172527,0.011608291276341652,0.1928373000251925,0.1324298604997067,0.24222615905072178,-0.06211297970578429,0.11190971011742122,-0.1594477933330009,-0.2242906620644639,-0.274727853242405,-0.17360562195294676,-0.013555813395447053,0.11703877278023656,-0.11924810904480587,0.005317183544439625,-0.013735445553368607,0.05221283586047812,0.004038024329415201,-0.02339457578309752,0.011846135987640614,0.09257976031826123,-0.08443494350180906,0.011115179407319526,0.052108610491610786,0.11941007322887782,-0.05492997228118156,0.06424170509211315,0.14150718352796524,-0.08303668108678355,0.230253592968869,0.02497296841956509,0.18569255166927845,0.22660357315788815,0.2553343400037362,-0.2158952539622883,-0.09282714884423132,-0.06553615560029023,0.03014185907419942,-0.1782820338056811,0.06641849933978712,-0.011778401094764432,-0.12165133209152737,0.024706476455653815,-0.026148143182878215,0.05573544561355345,0.012303572001313871,-0.012679471152954131,0.04465699909455618,0.01985455589611648,-0.024844902193108358,0.02983673166812846,0.05481740209399622,-0.08839054008356599,0.014450186516852644,-0.037852672092640156,-0.043626567647405294,0.05728716132853356,0.03333611561576677,0.03622547048232796,0.08010805015795446,0.17707434319099127,-0.08463751522000328,0.060132532968125506,-0.15800296723554771,-0.13471610554039604,-0.05373088729151445,0.0341780515739405,0.22072012569451532,-0.06888699625533184,-0.18829389444760444,0.11324844747081511,-0.060185393372290584,0.04361633818750141,0.05927422972995282,-0.006451520740773051,0.02966155989006535,-0.11545552804285493,0.060278367517478865,0.14151714954701625,0.009152843959634893,-0.06428665868138345,0.05986672415206676,-0.07200672509474379,-0.15124147131232307,0.2684759343952691,0.2588250267899317,0.11511118761990405,-0.006214732144476591,-0.059802262049072685,-0.3018295955277988,-0.17525882355941205,-0.02234830126069164,-0.020605766616019545,-0.1443321979649204,0.08693486637963997,0.059392108720345116,-0.12925223632713034,-0.08389407383106928,0.020701805999736485,-0.039997703476625776,0.04817612706288317,-0.010572559633654152,-0.0701974094538768,-0.043916295480276146,-0.12836096512692102,-0.10199612176417382,-0.10961213488907369,-0.07211057942902863,-0.07422973679462738,-0.2315725606904449,-0.2131681835306692,-0.21633706505708492,-0.15816298290851413,0.0643657181979035,-0.0742442480180453,-0.1779470568255662,-0.22602425022047754,-0.22130924090112292,-0.20836971290444714,-0.2505512753012479,-0.15309731707021307,-0.06536069834931851,-0.12110746322096073,0.0071621587461716055,-0.21911708050668802,-0.11707611628435415,-0.01674733261843241,0.029129142853205205,-0.003050618628439631,-0.022607367462351653,0.01919480473881677,-0.04020119986263648,-0.12740038710442964,-0.27936292046479394,-0.2297353773616356,-0.1174765354693046,-0.11611881354038285,-0.335710716088607,-0.06634459547152778,-0.12351920611331825,0.043218308824773316,-0.1511884139528311,-0.30132727463904324,-0.4095894424548438,-0.4455012228022799,-0.22921248955415807,-0.04635010725902002,-0.11085636982454514,-0.06419992464738988,-0.050027552982609406,-0.10529943591941048,0.015495595242874376,-0.07306173976778971,-0.03799819621031776,-0.035132864157665984,-0.001094787716146694,-0.06746597427168657,-0.05553407271528218,-0.02501395236461455,0.013863163419068873,-0.140764376285873,-0.30200996864571505,-0.4030345922215137,-0.13923803961466505,-0.10703962291392426,-0.001446277655010806,0.052739241281892765,-0.07057751504218882,-0.21796180972286291,-0.12320485344903723,-0.03532638997346614,-0.05258553223997057,-0.2335103911277797,-0.027948257322673326,-0.31574612507221445,-0.026728149554877987,-0.017684749795096405,-0.12381846362688807,-0.09622392930369145,-0.02554074447439488,-0.058359463117647836,0.00014981923869744626,0.0031179234114183025,-0.024709735709413767,-0.0064380164925926416,0.021212904865765426,0.06169004631055122,-0.01704800703201262,-0.22170973426777843,-0.15362335297972637,-0.14006037238813168,-0.1924054540482491,-0.20093666766742868,-0.052097917424979864,-0.1627796854362392,-0.02581175089555147,-0.053174302945673886,-0.18857189947077835,-0.1825235713383076,-0.005250674946010549,0.10551174704569305,-0.25512677979016435,0.06821635631420565,-0.10117398304556738,-0.20127434746156578,-0.031031657570135693,-0.01021713693400538,0.018380974814054655,0.07431948882902263,-0.027787232825957384,0.015042282061426425,0.054994895367238616,-0.046632921156736146,0.005222137113104143,-0.0012769360491646999,-0.015302875387201693,-0.18291690361946233,-0.27474148663707004,-0.051462777482486746,-0.1460128406585073,-0.06043067748834637,-0.05977161506726547,-0.12334717558253126,-0.04064759003627631,0.03640543692792841,0.0020302014262987117,-0.151494787332065,-0.054927172179504234,-0.15971953571312886,-0.07580924606233334,-0.0913422864183875,0.08550725493955816,-0.07130811413702352,-0.004002355291759368,-0.06049175101086642,0.07466822856599103,-0.05466233166715997,-0.06614285359892046,-0.003758757193643187,-0.026601208382512176,0.03628568876491162,-0.0665479830600505,0.028467844907841034,-0.04314347057815592,-0.04036194109663271,-0.11694055165330886,0.13961917134795837,-0.021548909610460028,-0.027177254545253833,-0.13115421816163644,-0.23410863523500813,-0.15549686009176616,-0.20012778970587408,-0.23865122454084628,-0.06856076280407439,-0.20803646098758258,-0.08579507578869734,-0.13200851420350782,0.07714044992004121,-0.016926967927838425,-0.0005402698043995487,-0.1425776867639688,-0.14410870656311686,-0.11204651081643836,0.009589541310715086,0.029291825969806767,-0.020033165200157695,0.020811197406028353,0.026507993472416096,-0.01485999850172413,0.021664275043056243,0.028202547170686636,0.041184590670920916,-0.019118167840881273,-0.029487085117992258,0.05964988911151506,-0.06530991655039517,0.0023099271066833703,0.11474502389526386,-0.1476996751046516,-0.10644092261430439,-0.1137159053764883,0.030617724343832548,0.08334575719645125,0.027918300464437336,0.09685220282077002,0.003962329360303703,0.012886062883718968,-0.12749784989125829,-0.11715555156761519,-0.0210959676338024,0.016441170059815817,-0.026188472165152035,0.004349912295626166,0.01786204058087446,0.014338901360526794,-0.11300344696512461,0.01052597984877552,0.024838415287089882,0.05530763862354895,0.036079826951605685,0.05328516518907181,0.0027666840091687545,-0.1002989838796395,-0.054695482768684016,-0.004292641813048221,0.0322208090318728,-0.018787611070707946,0.10637726567840416,0.2554362455544038,0.23511236481733483,0.09897546431875022,0.08635645661358923,0.018502756536887124,0.012418203214601159,-0.09069734464193101,-0.15469877313750893,-0.15169091456977066,-0.12425324436618318,-0.0025749512735507812,0.020835999486209712,-0.008156304133814152,0.013930768947089407,0.04704429326872466,0.02049641376152034,-0.019113433338549892,0.05071877566041732,0.010171914038645015,0.03102520378136939,0.06868499697873118,0.009455340234553432,0.0451940549755842,0.01060906814695134,0.051771146447823733,0.09341207304108012,-0.04721489905751876,-0.0066266530156171115,0.0194282128252787,-0.1183741510089865,0.05504378062050188,-0.02538228029133374,-0.03227069988763964,0.027638091474522824,0.003244311439444313,-0.0335632704839502,0.04102868212356898,-0.0015059614213702643,0.04093392739037741,-0.01658928730097539,0.05146675339263146,0.02919939163733539,-0.024300684640523602
0.048754028895667774,0.0026933607627462985,0.08104765636522655,-0.016117138484209467,-0.03252440467497788,0.03282876976513163,0.027234065205497218,0.0042374371428103704,-0.062086567080374834,0.035522919497118055,0.06648599494235398,0.039833996893361104,0.011660214900430028,-0.05997576824411812,-0.016673708067451727,-0.012749787134131458,-0.03943604083290247,-0.03745586073464976,-0.010144714115852757,0.0050048162639554795,0.0298647804142096,0.052193013400756785,-0.0028669925162400525,0.02511114288742947,0.03810754016080418,-0.033392303151571226,0.06050708213069641,-0.058829901941330566,0.026373849195390164,0.00026870419439935456,0.11670176117024986,0.0016223209885962155,-0.018185577073390313,0.012822253028433627,-0.07839598656661555,-0.004629037853007451,-0.0039142437049783756,0.0260723680408645,-0.04688710681865403,-0.045904940550729835,0.015881688862583287,-0.0048916544738557746,-0.0060129643938978085,0.02885827496506821,0.010133926713478578,-0.07469589640064077,-0.05160794347821801,-0.005615059024583073,-0.04092322034420653,0.044750095024315074,0.04941319462547137,-0.06317256518951815,-0.046638102633131104,-0.0036513344848907543,-0.03918155278537706,-0.009667955027703639,0.03986347352764519,0.04626025436096669,-0.036288436201835174,0.048126431165839686,-0.007854745077744292,-0.0792810179326863,-0.06490613920569349,0.037934476169165364,-0.031668311843665774,-0.08732357734598765,-0.038961149577471585,-0.020196744140209617,0.04745596093654009,0.027613329688865273,0.05328280864023144,-0.04356349180087405,-0.05588604751333039,0.017608479998033697,0.020350038102086816,0.009772921341175321,-0.008714912643597014,0.0473370792564136,0.015724165952908792,0.015693032792381427,-0.04139368425865289,0.03926453421688157,0.01274651215885949,-0.013177046951352826,-0.004586789793590233,-0.008368437842764672,-0.02192154718562621,-0.015021794587343375,0.006326476908457271,0.03718875761669036,-0.006552240218291931,-0.05570189621203816,-0.11799599072676444,-0.05898007528827997,0.042748183096717525,-0.009099359685298665,-0.03434191970784028,0.059038382336845635,-0.07590714435916487,0.0364712120207147,0.0458676458660145,0.01883745692043774,0.02866717673579557,0.01398077369316981,-0.007494941732433236,-0.02151269505441064,0.014979999962853667,0.05514842442500886,-0.10761064938870878,0.021586044173369727,-0.017294392902660646,-0.005600606538676483,-0.00429322233228502,0.04225678985981217,0.03828353979064417,0.025492519319837065,0.005972022925744045,-0.021462227962374937,0.052615637307620144,-0.005697743499866588,-0.050435495764020295,0.01016050781071124,0.06443852591526453,-0.04260411915245694,-0.02135011662387341,-0.012493888947599318,0.06995636416059485,-0.02274063283848901,0.039657948422281965,-0.043905254254522456,-0.0432958650840845,-0.004132645936794331,-0.03875048240079686,-0.053981675052722417,0.037670130654328435,-0.0014210477050152384,0.03570009615379576,-0.012608602020809002,0.004877358818182277,-0.05536921247694018,0.08746873869545611,-0.12688548359339377,0.00503461969836513,-0.05746681570751973,-0.10759433208030893,-0.01004843165951325,-0.03434751057643937,0.03982073374887938,-0.0529723607972027,0.02097292130449252,-0.04093591674462661,0.04822716308572677,0.10387864373971804,-0.0491809846221435,-0.05312282589373518,0.028820336173245746,-0.04543343412938839,-0.04192346614503633,0.012461035956431062,0.03948659808652306,-0.029952869789373875,0.025942445628357583,-0.0581464510002565,0.03901689135152918,0.09845910776866508,0.05960564049306583,0.01277534087312202,0.03373493331085027,-0.003924696799756424,0.014145188103601797,0.04021832870611107,0.01568791581508276,0.03743189676127854,-0.040798552137726596,0.007448937784363855,-0.018062439303129667,0.04045271345435825,0.04464507153931679,0.014943008195674271,-0.042900748816114304,-0.03363992056687441,-0.016502605444813395,0.04754661429540786,0.01811952333593208,-0.009419473907574308,-0.00016728251640643068,0.045186289622166496,-0.03734963002702657,0.037991079159041534,-0.009375385923704552,-0.048185132584118016,-0.01856358557357133,0.021985672350114404,-0.0213219823096868,-0.03707080251564681,-0.04165723112131535,-0.023528880820182875,0.00099969451992784,0.025513191207865188,0.042826513943046624,0.052131380234551,0.017890104483153133,-0.08002260097009331,0.049048641500553915,-0.0384147287016223,-0.052552860139002656,-0.040293320287856475,0.07658765552490747,0.0894496077089934,-0.026018685213270422,0.05188371845897727,-0.021865324469765895,0.009460895621029695,0.081774122857873,0.043783805591027146,-0.00842318234530799,-0.01545519662999952,-0.025311068217012848,-0.08547187273069354,0.07532493411247446,-0.012933949712350292,0.05279381137945724,-0.05127172109752932,0.006237103392467588,-0.02858418715525851,0.17510663038956203,-0.06755693976418874,-0.06187576281634864,-0.06204184592507684,-0.0027824624839392176,0.014355581596675382,-0.0011467094604410426,-0.039561209513187055,-0.025884842761172658,0.0737687484093377,0.02089669136392283,-0.023861116594622447,0.03094655641548899,-0.031223400366201932,0.038956493655856024,-0.03904212852258973,-0.002297577583090853,-0.07325066566420703,0.08271433842451748,-0.04414069491272266,0.041863231039030856,0.03972067249851569,-0.09308150305149923,-0.011827196000468118,0.09543224172077357,-0.030960829599465875,-0.025062592434146398,0.014342486288243441,0.049801874279258404,0.05586814258611001,0.07355136501932692,-0.0036201497167580843,0.07623408679512679,-0.02148981895141805,0.01788524387206684,0.019647604768019102,0.03935752979478539,-0.049929627920558016,0.0049889959364412,-0.0034807359399323195,0.02584746996586427,-0.0003640009844853269,0.04913150769674887,-0.05702542337427656,0.06724013119969759,-0.019126066091843044,0.012033139013692726,-0.0010391280324886234,0.009465705283717355,-0.017605148333775744,-0.004665998886786885,0.047841088291246316,-0.01826779727607786,0.05028820074642751,-0.0026818580462381397,0.043656838672646886,0.06344442951685454,-0.09994307642674584,-0.01892089885602268,0.024548449125677736,-0.01809786981910973,0.12864423703054506,-0.11788747309115047,-0.010356686617990135,-0.0008219604685327705,-0.04455386841029684,-0.03595281862289494,9.146174371442553e-05,0.02979227799181193,0.005730059023436718,-0.026299344637975366,0.011225167721260013,0.0004901966311447992,-0.045080858358026075,0.051497003520777684,-0.04780119615673586,0.0013991878019740211,0.02205938487623346,0.02062715038922214,0.006648841768062742,-0.11571944321348246,0.04712349084198039,0.03169718315696145,0.031172324462349292,0.0650202241458866,-0.0822130204246569,0.05209337341748602,-0.02808563096287816,0.007128466014070163,-0.024056603691535207,0.009854760840622014,-0.0540669854607831,-0.0006027781881639358,0.02228516939594368,-0.014146548651388868,-0.08173889283672478,-0.03495588755920574,0.015962726344761556,-0.027901488354723794,-0.058207820944768285,0.007066011530761232,0.06568894517545026,-0.03873286740901984,0.042499830192101754,0.040778178132740005,-0.06721733014487385,0.024973517204526757,0.04160783807753802,-0.03448838248515986,0.01161725082934204,-0.04963123918620342,0.060477348114448014,-0.006202575323327676,-0.0371543062530281,0.005939469363863675,0.017611959840538476,0.08350653171333478,0.07781068366914123,-0.04836289043638634,-0.028543537262439436,0.020704138176878113,0.00730669766987926,0.028965219227969335,0.06000148107177691,0.04570379319171004,-0.0281448987414072,-0.02620886224244306,-0.022616849201862157,0.04351446662372674,0.0006005382802807787,-0.04663588797054577,0.031731815122391364,-0.0186590890200584,-0.01343872731557621,-0.028063972170362328,0.05967595957289621,-0.0011515217239409486,0.10042359822148138,0.011324334096156368,0.012514459960258404,-0.03959031483106109,0.007889042174937003,0.03659968086061389,-0.010391078605351373,0.018425822464314234,0.02252903295931092,0.04118677322918401,-0.07682818168542681,0.008914580205937729,-0.030321530254518912,-0.0036988568893311117,-0.011550909545980106,0.04158209073887847,0.04333901123128364,0.04598999499437111,-0.014218371961555587,-0.02782290405342807,0.04060253129230984,-0.00848873924951601,-0.019535682507110106,-0.04007851284570509,0.07501387963362406,0.03934445886156364,0.04682878070053533,-0.06029674062387226,-0.01083021078024987,0.08397070614048574,-0.05036798465835399,0.02863753297374556,-0.0009281247924719537,0.023129001241115145,-0.08272806392126704,-0.04386712873089182,-0.02377553504530511,0.0952029783457732,-0.0028209303925292722,0.0205218288289534,-0.04405696617706503,0.02127315700582301,-0.08281227174056469,-0.030169334798612054,-0.012561495804983662,-0.05495218523056643,0.05259864125072395,-0.06356378819441248,0.023034293366032365,-0.03840481155062206,0.03189321895516419,-0.007719783076251149,0.02840859632258952,-0.05433889689944527,-0.009862806354256114,-0.029186017491159094,0.006010676784436729,0.038254783529815976,-0.0027741748896584133,0.05038327253828096,-0.014438437113485171,-0.027008093639565255,-0.01291972816387807,-0.04199480157367003,-0.0076913871226834095,-0.10194500203943503,-0.0030127134489058897,0.02744067521551139,0.005971255998601453,0.06336064658222214,-0.007402979052249108,-0.013216574790351286,-0.009445737754290253,0.0063811994662566545,-0.04234148699925817,-0.06011097050979573,-0.02890379678840867,-0.03573975506181299,-0.028678371767524448,-0.06184349578635779,0.015383015650239387,-0.0414954960130215,0.010702675703810371,0.07503775936422155,-0.07963587301645375,-0.05787081006853895,-0.04352592843962123,0.009461122573992798,0.010597231052512266,-0.017486052991758236,-0.019198981418903596,-0.01415861340578405,0.019631547373975287,-0.0691896541463648,0.006913910893381666,0.014001025009615461,-0.08437658137102287,-0.013955067925797572,0.05401576077323746,0.019349514938103947,-0.04774232556303366,0.02284747480493169,-0.02500705511843141,0.02793509941351751,-0.005498310021797013,0.03307698246399514,-0.08067408053241361,-0.08848869568769134,-0.0320267519524889,-0.011411667797954645,0.12445835437205657,0.0033807219681414777,0.06364165938693654,0.04396111891131226,0.015154631780778744,0.02564487377503131,0.012185122489430142,0.02487523677077591,0.020396887407215996,0.03326579145288861,-0.0161408550535603,0.009667554061780548,-0.024168577901416122,-0.0019271435748451312,0.022991493650753363,0.014645804940613108,-0.014252424833249289,-0.02444421721027543,-0.038384388576349765,-0.009937522470420113,0.02528451709330225,-0.023323855770159822,-0.014366922715468801,0.03013782802713738,0.015652018792774055,0.0011442178491283329,0.0027969197767774095,-2.732117438235744e-05,-0.06903736330244854,0.0036931504613723636,-0.0514862252861346,-0.010887242696349669,-0.06727602616190136,-0.05215676884436994,-0.03723985958902576,-0.06954294089703099,-0.025121250865653005,0.04717188635464814,0.00850722840881956,0.0640915131133812,-0.0026657448631149847,0.047926626669072964,-0.020353242671368954,-0.008845255423368009,0.012461989889738392,0.037750372661321786,0.041602321714295065,-0.026325813809922587,-0.0935756709212536,-0.007619914996534479,0.013340675031311098,-0.001047044736457513,-0.012434617093482812,-0.057687262311993684,0.00972129035753162,-0.05405261663634663,0.02846711035499129,0.030889724472339074,0.011487496657383202,-0.03836029043720691,0.005603119664353037,0.0014325486738098639,-0.09293122190581646,0.04309638558631232,0.03947796899134439,0.045468809280284704,-0.0005131637167064047,-0.02609375367388531,-0.008946397277340761,-0.015631384049234538,0.02325767243861658,0.005274187650737349,-0.029591934046166116,0.027846165984637607,0.053900652710265416,0.03620758999908344,0.023854547886866712,0.01749109037621957,0.042524422036230566,0.04453543636742583,-0.014299282767083909,-0.035625231301818876,0.009486693085698134,-0.01386370783159576,0.05447253260591411,-0.01561420802979458,-0.002270717290338933,0.06054460247350725,0.036849852990343934,0.0013061891532431804,0.07609431488304635,0.03226956385473366,0.04968081994382424,0.03910889411112401,-0.010642952136672927,0.08417867861819842,-0.045894950184413585,0.050106670208912484,-0.030501963148129543,-0.08452530313999676,0.05060333209942723,-0.0467297404752432,0.04506283051452689,0.036106259189216804,0.024505615326768704,0.0018426883471096816,-0.027653974836660846,0.02430788683572398,-0.012801807121440483,-0.012856737913636812,-0.06100700420563717,-0.02467974667520298,0.09029238465332046,-0.026833246464788713,-0.11076877157802055,0.04851542717013941,-0.05990594063251353,-0.029193962870017867,-0.013132667847106247,-0.11530385863016822,-0.041119570359614575,-0.027699700112469736,0.03298210435508984,0.0030375591132955964,-0.010446044901495286,-0.005858881366707634,0.03934394527015293,-0.052375016403995646,-0.011150313418703312,0.0005694410496045768,-0.021506509553489664,-0.020982252838292456,-0.001213291526686856,0.08747711227498746,0.0008231483614015304,0.045547307405938646,0.1613024757834123,-0.07418655500185803,0.01767689406869355,0.07313154201303755,0.04455477341209609,-0.018162203369068538,-0.047099578286239584,-0.049503113291883075,0.0026286659780559193,-0.06028039860525323,-0.05709735122472707,0.022346478335387943,0.08760887530215937,0.0006479257624899893,0.049522029051634574,-0.04770136065687979,0.011021582540157046,-0.000727439101115047,-0.031184830667683686,0.04560733974473156,-0.022166976084944785,-0.05438286396536929,0.027599839444961003,0.0018806942549995395,0.018550429106004594,-0.027941476770283556,0.01887919241230324,-0.054184432741581585,0.019616288273250588,-0.06795678145261684,0.006131935587790176,0.08578131820527772,-0.051135619891110026,0.03681822983475792,-0.01665976317976039,0.002521842969523307,-0.05884011297875142,-0.11879169564737127,-0.1045344767202575,-0.005515995204299594,-0.027288334475174682,-0.047090288568239366,-0.10115188764493122,-0.00831450557282926,0.002865530789314401,0.027339715101048566,-0.020889625649187397,-0.0029756749047454394,-0.03586519275829658,0.05077319920676038,-0.08149791173749316,0.009578233584112274,0.031222359218837974,0.06555747132197753,-0.02286826546594269,0.05706749227136128,0.0330398677410325,0.0428445294217061,0.045926738948234146,-0.020708618413898247,-0.012746964295452898,-0.0034389525669964297,-0.05932086998936054,-0.00022363887383391578,0.07336303036678246,-0.0014771579757349882,-0.007278823701588019,0.040911884412857855,0.07797314349138157,-0.030852602347302357,0.0525958932335514,0.06281407481722928,-0.03295936244105263,-0.02158761680615943,-0.024819845889531317,0.04660664820421121,-0.033229445022602756,0.03241617896179507,-0.027238616648920348,-0.053291011257671245,-0.05993653667368617,-0.006662342309084427,0.0032505542034299284,-0.041823320456463704,0.020040988859312228,-0.06061269724932883,0.02060781611225134,-0.041682796462173384,0.028708318566738188,-0.0001686137161386397,-0.06259731856715918,0.030822944768953073,-0.06490262456093832,-0.0392577292216736,-0.014317433847419358,-0.022423120566051162,0.018097353344320607,-0.02377899417625485,-0.029867620344063654,0.033049251967142194,0.12067939086522006,0.04698029016121353,-0.07068797089443137,-0.04157231589790551,-0.014846995439798696,-0.007039827761417112,-0.02150682238258609,0.035363124396598805,0.03898797993204618,-0.013033804959553117,0.08230291581093932,-0.05252290767754311,-0.04953524713085066,-0.04110997340681095,-0.008886471471214267,0.09949226155749555,-0.06683635900216803,-0.014807036383661923,-0.02320656583718154,0.09218241034203807,-0.008305526454821367,0.019224765007652547,-0.03836412320516965,0.007716379418132832,0.0390752931679492,0.0590927316340094,0.00812807200175956,0.06937944208284721,-0.025478514095782223,0.015742824062218976,-0.012117161043216888,0.02905821866068502,-0.005809128878234316,0.06645920054372607,0.03558201597251392,0.04008767249800175,-0.07292979905135967,0.026097924599390684,0.053920073947026324,-0.06419101199813022,0.0684154615867602,0.014783326301588075,-0.06219421786338581,0.04194371817474534,0.10480929779537618,0.06553921890943151,0.07310339399493905,0.04672408611256645,0.02163170438777569,0.05220593981151115,0.040941232111653715,0.065324248313181,-0.04840740224279277,0.005906959099874267,0.014610554954353303,-0.07467291522506207,-0.02719226950667762,0.01840113218511944,0.036926578612711876,-0.01611404339922298,-0.027373520455371423,-0.05830929990267708,0.02492351302317228,-0.03517448623302411,0.027764775934280006,0.0881314564439343,-0.01905768801196963,-0.012158389850748217,-0.04251770608716778,0.007336883592413035,-0.042034359101203206,-0.023514088534918653,0.024001456542021248,0.016119438108856212,0.018385967887005663,-0.023558342552227874
0.023065396738656877,0.07136519816477425,-0.010405280037670914,0.11357373407297484,0.03688862982651659,0.02555897791442114,-0.02175312907997562,-0.029581259107356806,0.07196088361590952,-0.01935003442957911,0.024211058030953178,-0.00964221281052419,0.013545531139606316,-0.019496153796771134,-0.05730071275098999,-0.05108674368556799,-0.04662493660693339,-0.032080187033940756,-0.00829708795386601,-0.014248767409997278,-0.08289427835943254,-0.035492638927308744,0.03088153288349556,-0.045366488254943625,0.044315023677083745,-0.07346460802873114,-0.039548295311018285,-0.01594276870939211,0.019053832575669474,-0.05776602227494302,0.030258364721149157,-0.07715865144177035,0.04290223935903749,0.006559239165246661,0.05752058467336436,0.04027865642109237,-0.04435814306282898,-0.054556298272457886,0.037747709933359685,-0.025100446772188548,-0.062738911738434,-0.0742432153751516,0.054682474584364725,0.05350289824925401,0.004200064222989893,-0.034958323699967556,-0.014644705220617593,0.02806904091035641,0.004835255895184989,0.004808227778256054,0.04102506855912911,-0.09535614971826688,0.11934033525865197,-0.08667476203286438,-0.053847955439441784,-0.0019433123447362502,0.03034145614846015,0.14957597752538185,-0.09041711948891053,0.013836939155729436,0.07936979356515089,-0.061920620070348535,0.05161388797921428,0.0889813517280113,0.0057595847808091915,-0.005936838325829828,-0.003245209524755669,0.04809565199795885,0.0004860764859301249,-0.0018462477526396174,0.014421913765208906,-0.004450835855657713,0.04124625000324627,-0.07113496503531062,-0.05035164093350796,0.023829583196449785,-0.03946351468617531,0.01461866558408304,0.051701638562923875,0.03921093645656624,0.007762208174780285,0.0072971206172831,0.06332725075860984,-0.024805975027921198,0.018427668536271168,0.0396522547915333,0.07694442484753919,0.05280666793019149,0.025514386898365448,-0.03689206996331659,0.02539200582781483,0.06049753394441255,-0.11150162807060503,0.0018670700670326027,0.031219736959081583,-0.028227319223747518,0.017383786581751874,-0.020791732352000325,0.00019038258472102055,0.04178629543107204,0.007136066725597551,-0.06737046172356831,-0.039937907563119386,-0.014662227421335954,0.0668368489452646,-0.038506942579282166,0.012993690955629711,0.09817239314537353,-0.004994906663508488,-0.03843658523576786,0.003325730960003024,0.0630774163595168,0.018996407834560143,-0.10436248081943987,0.05296295134936923,0.06590193119054112,-0.007783617757089233,0.024404222490641173,-0.02840572489877549,-0.043007426378611914,-0.042850201989575815,0.02273328317770755,0.04540156866295231,0.007599940921738635,0.027886674919974968,-0.018369692185567398,0.016556597191716396,0.007511971754393204,-0.019260559707371568,0.012021692734914402,-0.04754089550039136,-0.08195039853370507,0.05072840791875354,-0.03665645459927967,0.053150675413743895,0.10783942120654604,0.07088173456892856,0.05063391529065191,-0.019040257239249566,0.002398560681651523,0.010880584755647687,0.0034159394749744875,0.025540119355932617,0.025919633317880778,-0.004237113812972472,-0.03907617356975418,0.006799996762515913,-0.07561092244404331,0.004207801236947127,-0.009740663295834008,-0.015991244754469742,-0.04999023105866344,0.05020204451663873,0.0021686137667160377,0.0075484779757466185,0.05113812814680706,0.005734555816451326,-0.028906205435690963,0.013519854764059449,0.008248048226205867,0.04528568026239286,-0.005783600282868343,-0.03587128845106162,0.010432725512392228,-0.01658568734746721,0.011899826633298782,-0.02805544858271768,-0.011209734432869612,0.055556101121663086,0.013960316120191165,-0.020678078496041283,0.10017677290582963,0.040772136385835656,-0.027315034246486875,-0.017106698528666336,0.03835513247831385,-0.004019953434062357,0.03175015803181367,-0.03774531868729157,0.005734269108373664,-0.03065554637269373,0.016615487965172697,-0.05953328926750951,-0.049868787688327657,0.015072826032747639,0.0888229350903978,-0.047152580134600545,0.043649216462119264,0.027574434475312555,0.0060859118294490176,0.021793970870073533,0.004681730325118562,0.023072583031234356,-0.08113958138378996,0.02629016253400698,-0.03645016461683866,0.01025060808025081,0.08179871084267616,-0.05057141667678478,0.02678145630161328,-0.032668023111015645,-0.057292099709774585,-0.011022448780441257,0.029256117175666195,-0.06274870845260522,-0.0340293332485927,0.028059916589779445,-0.03704897844733385,-0.037353435541346,0.04257008745224881,0.10189776943041787,0.05600078571803109,-0.004395056658551451,-0.01724960271899422,0.008212621126876053,-0.05068953246937798,-0.030313518789274463,-0.0682667137591945,-0.04984698157376841,0.058310844240068584,-0.0010540303371221766,0.013280467708363861,-0.02674574392716786,0.06432477830938281,0.004001438199697974,-0.044039133484209736,0.00933251615141605,-0.009961267051420145,0.026894512021534325,-0.03568397361723804,-0.04883437965270533,0.025633699663293007,-0.04060147060516634,0.08748503440042418,0.026488494965258003,-0.026702692277620184,-0.04760901170340704,0.008877939934934412,-0.04057340535915864,-0.05316253434371819,-0.04883404642586508,-0.00906971351970875,0.05101583022953324,0.030969865127684463,0.05935243919334323,0.015370646335476872,0.003283184178186544,-0.06370505964195493,0.02487994325936898,-0.013204365429304499,-0.021742286749536963,0.025814547378384713,0.04677740422013011,-0.006853447140805074,-0.09755039877747713,-0.008016917319121934,-0.05316216680840497,0.052019706002175786,0.07209414826813293,0.024023982326973534,-0.040161187562089806,-0.0013388404762460894,0.0563969674006524,-0.01994596881237975,0.04362133735476964,-0.05049321105465034,0.04793525084715299,0.0016081807105344592,0.02716827955044152,0.008694028820218459,-0.05654072949389612,-0.04617817471296698,0.004747463243403287,0.020309087084153847,-0.09559211850889045,0.009733457378634531,-0.05736166270809946,-0.06913298548937506,0.03023142500185937,0.05750964899184039,-0.022122468245728995,0.014536371488517547,-0.028022593380722792,0.04343635770413553,0.07905009823022807,0.04404190421139648,-0.009497077130359471,0.037621544238877355,-0.03502486709884757,0.01756911390915289,-0.0023428864090306416,0.001399272750469091,-0.0007725675811610905,0.0022436648267740596,0.024694398069368313,-0.024965663520533414,0.09144247839951644,0.0032380674214525077,0.017299857527820168,-0.043154813213564985,0.0016491550541259292,0.015676680783519976,-0.0519303933103067,0.13415812563169996,-0.020316680658569092,-0.09297696194333421,0.013130406076007612,0.03093977470334907,0.08624218631910757,0.004794095763802246,-0.0028131778329972988,-0.01893622308509381,0.0016809220735396915,-0.06633486465292489,0.016205727859521055,-0.005995001430225297,0.04351541204333487,-0.06539824877009316,0.021519355193414955,-0.017709705605896436,-0.04234095321171354,0.0085145326274009,0.008143745551144744,-0.049931243249055866,-0.05764556726653049,-0.005965979780472306,0.07868908297888998,-0.013276921356204873,0.04962948054353277,0.017249604962698194,0.025326371131458164,-0.04002431840783102,0.045646670312191016,0.017613242822490223,-0.02555450163955726,-0.03654163304811233,-0.012520087542773624,-0.06497170889028475,-0.009852947078726866,-0.06621468349871096,0.059813808659969596,0.020870219805625225,0.0689150181751633,-0.07778768935299976,0.030688900718041083,0.006367484263429321,0.027484509769248863,-0.0017505355866146931,0.0050072481553237866,0.0019333640867896288,-0.01634599921497123,-0.02034840463709066,0.036918443334762394,-0.04441514957512604,0.00027816712411630784,-0.030607060272265688,-0.044836058580201156,-0.011525430102389015,-0.009346278696828993,0.0019502533901419395,-0.11214255731932112,0.07934710769241869,-0.027626928673605496,0.006310698027274883,0.07080217596246786,-0.0006024152916645404,0.09067709353743873,0.07750555173655724,-0.011209234613292202,0.054450662447773475,-0.01226958955040466,-0.014074215898989044,-0.011211694338813265,-0.026794199864986573,0.0170776050523309,-0.026136186398094733,0.01650757393819559,0.006917701173457865,0.10425086424405146,-0.003911183323743507,-0.04656271695648356,0.015682478710732868,-0.021196776001362966,0.020109836517043133,-0.05373254885658636,0.04102991604099594,-0.015224327968771115,-0.05775342412365771,0.002395693025862154,-0.02212604799756459,0.02007783208229029,0.046539270406927645,-0.011886373368496411,0.045748807803700484,0.03591891555223688,-0.004084252266075119,0.05296359323987352,0.009454087851587724,0.04884904445775319,0.032574176204225314,0.013423714327433774,0.05291433474961988,0.011806236462535327,0.05826800918148654,-0.038064823554660364,0.0221302674618702,-0.014569558561775997,-0.0784156349264137,0.06604869812190677,-0.03309782842817674,-0.016602294936612076,0.0004986114456175542,0.052661569812729604,-0.03821662022166257,0.02010347847234256,0.005974409461140402,-0.044092246834999356,0.05730205829514951,0.023931271094320184,0.09675945859971828,0.0748841481439599,-0.03889038039693405,0.05773833052143271,-0.05007620978721458,0.02724915957696946,-0.06915974005123011,-0.031296578932359764,0.06624352942861207,-0.07063494949541618,-0.006028954640029192,-0.023401803493693755,0.031787481082599274,0.007297334311118111,0.04658993892607349,-0.013514426162993646,-0.011488953236637896,0.003929524563805618,0.038865951132914925,0.008796655910834849,0.044231372829723524,-0.010590375492513912,-0.017965253479549376,0.015124031605688709,0.0853310169350261,0.05474612652919008,-0.00044069098846710183,-0.07872672056637768,0.003811744593906281,-0.021946467013215773,-0.034983984157800414,0.08590785073057254,0.06084812978753523,-0.03717686916003984,-0.02699557768095442,0.004252101801821365,-0.01818443047837582,0.0446718320588017,0.030730086948026807,0.00905866330046801,-0.03592290999836886,-0.00016236940132895793,0.06011770356572847,-0.03233923081955755,-0.014801362875289468,0.008593268727528141,0.0022467160660236915,0.0034008297650730598,-0.06007718424701784,-0.0007270672842387688,-0.06539838526004306,-0.04235553721065317,-0.06148273136017322,1.417011345450346e-05,0.012012260371894712,0.05026394426013743,-0.008850430683752658,-0.03778836996699185,0.031173143775401393,0.10582370570697112,-0.020735138392728433,0.021933709887200815,-0.012584126754927706,0.043578222081521185,0.03643147907987006,-0.022055216795739747,-0.05160631528370782,0.002255511022473595,-0.046269427981759974,-0.04715849048338497,0.06181028272611098,-0.013515186509653648,0.04526996889215841,0.023013948554837675,-0.007866427663901717,-0.0456650606678177,0.06605133350299472,-0.023980897776110642,0.013425301066085476,0.04846782345580394,-0.03509299886770444,0.0073966629528243585,-0.021175258861217253,0.04988438616508888,-0.026985331722298604,0.08523419921238483,-0.07522514680634443,0.04242927691916129,-0.10516387443539703,0.030890657480069774,-0.02865685226624339,-0.010637492479994112,0.044261186434222,0.026097189219462535,0.01385659531671007,0.013885531718497213,0.0011457060620613934,0.016047244208371975,-0.001423646342569141,0.048849664650873245,-0.07666904537960678,-0.007099125609083098,0.0033114207348057833,-0.011606221868417246,0.0033188364927030298,0.006752456917651151,-0.02778953655955729,-0.021548013367642446,0.005450614780159365,0.0558142534554459,-0.009967534480110533,-0.001100206170565825,-0.010328010884757662,-0.02752715794604695,-0.0163209701877614,0.031058782229572583,0.10633405441572047,-0.028135265920842294,0.007278654214895306,-0.01618413592222548,-0.015910859197434717,0.008519402256405618,0.011896048458377256,-0.0021450637994027827,-0.012456882826397883,0.024385576365700268,-0.04697559258168401,0.00957044661612271,0.03492650336249309,-0.015884942333657132,0.07570971731321559,-0.07738138111273218,0.016732717978832745,-0.025820661733595575,0.037475535557939935,0.014768576545757762,0.034414857843529524,0.05558062209439936,-0.028297546797547958,-0.14928988684697048,0.003925461933454913,-0.04870811427758558,0.054761754353651784,0.024629002972818972,0.08879307219829606,-0.004131046150201523,0.08864293936121619,0.005810879396196604,0.0633171955047861,-0.011747615354859641,-0.0955859216468679,0.04361376492049534,-0.04666262123448125,0.03196713264708072,-0.024844257308184674,0.004079543974791742,-0.020235532225659242,0.002049666539008836,0.02067088428828597,-0.017436474322747322,-0.0009250275920614537,-0.039231857259741355,-0.07805646804321864,-0.0037156213482606314,0.04360090797069393,-0.0918463213958774,-0.033600843740803105,0.03731841717598862,0.01844108934329018,-0.05374189300018413,0.012395682961276645,0.028917279678018243,0.0016331840439549165,0.12069710852459402,-0.036143685811768266,0.029660162414973056,-0.06061291847255751,0.020150622770186748,0.038039688150087556,0.01306596567347368,0.05127464425704119,-0.06232290482660392,0.07805971469535539,-0.011535245397396728,-0.008180600159452444,-0.09741104211428164,-0.034983438030900114,0.1157459912580385,0.028984706806228056,-0.03317022208869339,0.06434585429246326,-0.0065312957217797275,0.05302623666412293,0.06809183713989185,0.0009425518743992809,-0.04056856231854788,-0.016001336224903594,0.06942379530520831,-0.015044722520536232,-0.05075285113711412,0.026591741026996334,0.000232351608085421,-0.01976953831177105,-0.033690645482156806,-0.010727873939574514,0.027253989168565113,-0.014213891050659557,0.047411263877797996,-0.07741788457105847,-0.022312409928157185,-0.03964278811823149,-5.360061947492863e-06,0.04155009585084452,0.03935355739147301,-0.02445273270960047,-0.014019478199103921,2.2583670337291782e-05,0.0016514070579173997,0.02880673566512104,-0.022899199442564407,-0.04114964287783565,0.04797665564478309,-0.06172868395964761,-0.021675642175498,-0.05246546842302441,0.0884838478241747,-0.06885628544822887,-0.0773629376530496,0.009517723218878548,-0.12116970799709205,-0.029389553840002025,-0.0026921903237260123,0.041436683602799146,0.03265392470881735,-0.07915496888212568,0.007634218722843226,-0.05347081690370219,0.02036175088218904,0.053048514569211676,-0.0315753065598869,0.008276023258477651,-0.013955473817970219,0.022909416579727466,0.00881242197342521,-0.1532672803594537,0.007075265012002131,0.06662301486621053,-0.06740497382382712,0.02598933784798734,-0.012662356207522076,-0.05600906537942401,-0.06175375505759174,0.0631875766135654,-0.07078367916906085,0.004956009570018998,0.009889134337890688,0.06231861576309099,-0.0016727480921242982,0.008971884065557174,0.028610776178341332,0.005998439573311724,0.03611168415403982,0.03216260999449662,-0.016497900869772004,0.028696869296834248,-0.0396290328067946,-0.02674552150345601,-0.07700170059788104,0.05511225937704597,-0.0905502617481436,-0.046062945712903536,0.029813020770658127,0.00490402613415557,0.00533934026035639,0.015734080135876505,-0.024365084974755043,0.0071626240469121645,0.04066188818775057,-0.05534543891224956,-0.04334069513706426,0.023275345712452582,-0.026140851212695396,-0.05336817504485996,-0.01948484809089728,-0.010525469599207058,0.04869129164503004,0.012142013724376236,-0.07807026480982102,-0.042038080163309725,-0.03981278352623569,-0.025213010649861783,0.002236458510433269,0.007130754811418063,-0.002982309422721514,0.0006801661543962761,-0.02599700983542196,0.016579851902292445,0.03004302202019967,0.05921860349804512,-0.018692691015684357,0.03343632875975596,0.023086047759201093,0.027083387486250245,-0.022942779419588246,0.03539544751489848,-0.029469077294970378,0.039329185597470805,0.02000078755634752,-0.060688005620108926,0.14938874430057011,-0.028061530975768655,0.0070184309485050245,-0.04104011170276224,-0.009579401054668603,0.08459692644875194,-0.01779242191647751,-0.054397215088480916,0.13168455687588282,0.08894582792690946,-0.02193859502514712,0.07342496625936848,-0.004110046701554447,-0.021252381094594354,-0.0019607621195275077,0.02873500076784264,0.02219850867828575,-0.00837747088887899,0.012141633866144403,-0.007213798812656433,0.03154161868147199,-0.12388686103774402,0.02837390480065169,-0.09092433523482073,-0.02682362509940666,-0.10171518975988561,-0.000482957256811899,0.00969996342488864,0.01023076892058615,-0.012246005906196298,-0.04402428557612774,-0.0467655220755932,0.005294512626944077,0.030626613202876286,0.010254357386641728,-0.017733066966154166,-0.046148403462311166,0.02463597234482007,0.029446649341638827,0.004136490676589549,-0.05700484088515716,0.012584187566253348,0.06565423281529414,-0.04169799668128453,0.056557554392583115,-0.0770783097295999,0.0534460020618405,-0.02272123073574645,0.0227009345220626,-0.017459853439499393,-0.0129973813628439,-0.008599438226860441,-0.052287917157951044,-0.01773587958389678,-0.06889765506990095,0.044940272781828015
0.004789856806093447,0.1007266570035586,-0.03942679736759881,0.010088863816034915,-0.09705018119008149,-0.002558089855388637,-0.025247944721107293,0.0010635980533421098,-0.08824260325088526,-0.05305088846059448,-0.046763002665307925,0.031257739562581884,0.08032447805672181,0.00515655073823838,0.04456700353044726,0.0004990594811972337,0.08809947542401182,0.0024165483529900366,0.018956979679919075,-0.04882847865564342,0.05072093017978095,0.006803184766414219,-0.0488153876113147,0.01722459495744488,0.017280105317219824,0.011711258194791886,-0.09942451009924215,0.10310225843233141,0.006745073573164255,-0.01963323688381706,-0.05567610572100249,-0.07127503146119518,-0.053425819455776354,-0.07230419944538743,0.011630961751634286,0.07841283417620881,-0.012589144462957282,0.0060416821699138005,-0.06445195391246711,0.0009259103579015716,0.07262518715714615,-0.07653119623718715,0.006602233364028825,-0.00030380460776594187,0.020363152862493995,-0.029334095893397222,0.02558562246833827,0.0255289009588639,0.040369095531474546,-0.012601262503836638,-0.05137155688850994,-0.007282955091912121,-0.06784509822400406,-0.013727893210342972,0.055374201497238276,0.03973560219438664,-0.042876373671693314,-0.06559660883564272,-0.037874017420878155,-0.05578374939807628,0.018030919903576192,0.023893524115484607,0.0816750009443652,0.013646216616324354,-0.038268899548701996,-0.023891561244146407,-0.018473058227994017,-0.033531929339642226,0.04387406787101248,-0.02481175927288617,0.02147462929941017,0.04639750257198256,0.05259687922953698,-0.04700455634638979,-0.021097335391407155,-0.035769442884272286,-0.009650064346977573,0.1155352404768233,-0.02304923658814698,-0.060293463441133295,0.05664122807567873,0.0005749256175573586,0.040827486444245255,-0.038295781354853196,0.01629750234855271,0.07499757950225358,0.06363940750093376,-0.08497491728143405,0.020703823751564533,0.011587540917702366,-0.032509572167990684,-0.05631353227838727,-0.00040735430118112926,0.00508706254176039,-0.03605184415973776,0.0458409500323741,0.12792133691345256,0.03726100845233165,0.05997307152730557,0.05643519542790531,0.03233655093499078,-0.002232979848953597,0.01246706649702214,0.05361313807313476,0.031896892326979,-0.024463721799011254,-0.04726596343333095,-0.041839424686664926,0.03948183832678295,-0.1014362237581966,-0.03074332897247927,0.006512164150889907,-0.03778112901161363,0.1148265443826264,0.09033715914923822,-0.09808638681362278,0.04483172922453669,0.08135730344242242,-0.08267618805297203,0.006206225583692868,0.039937757068546575,-0.017596081854752192,-0.016984739954855044,0.05356670434756856,-0.035929502413581046,0.03166553931854399,0.012368807903868259,0.011166946095054043,0.07722759429230937,0.07961110176956981,-0.003831233651357939,0.003674246396717572,-0.0028204727934093756,0.010306747071020347,-0.02222923885874312,-0.011372396594477195,0.04521134431886216,0.11238375424054113,0.050160487010505524,0.00526726925703634,0.022311567012894593,-0.05886740764223686,0.01790360548511836,0.09060110997677906,-0.030233042147109836,-0.025026353799055757,-0.08854629332456845,0.04609270095772324,-0.027165289891331098,-0.046069785938764374,0.033613122937484294,-0.012634626048366028,0.02384010845869747,-0.06103997767900186,0.05623670752928308,-0.03948879803032621,0.03171078176036394,-0.0302672895850973,-0.017267303909850016,-0.021644737396532023,0.06256919395155203,0.032132604564995525,-0.09769223704121634,-0.04604335352761655,0.10311158010655508,0.02558851729518057,-0.039588970276871596,-0.015250372094850811,0.018107694083867934,0.014437149672342279,0.01993840749553493,-0.03069795449628541,0.045978518279372174,0.01741175259014558,-0.04922536742366823,-0.053742180541402784,0.10012296714540939,-0.056955565991020946,-0.0866451520252275,0.0028508858713278476,0.027884907949855223,0.026589935041304632,0.03606310740631485,-0.04633556758085164,-0.008182593221586428,0.0962551215961933,-0.0457351826277043,0.05320033700509208,-0.01418934869459811,-0.010020599973857782,0.004513426495279916,0.042139217379999316,-0.01794318240987208,-0.06045042788270827,0.024374186222096854,0.028979997559884247,-0.07545787364677077,-0.016810946907361395,-0.04006089422435777,-0.06377386028511116,0.06401440058656532,0.04918261028518489,-0.07377566033239892,-0.008520782420681569,0.03207049822726353,-0.02030984453793863,-0.04427263933037783,0.01527784325094853,-0.043004167101824385,0.014002930393481553,-0.012413869045473307,0.028605333276947406,0.024908157686447774,-0.01966423529621318,0.005466687660053086,-0.027170825922133896,-0.06131054846278022,0.0170041579203226,-0.00027895284575414056,-0.045164775148840104,0.03153943140621882,0.0410761325838585,-0.04472307866614465,-0.0057182778347532335,0.05084756145386152,0.02517027835023659,0.05130056256485487,-0.034315132889758494,0.036035894438558355,0.03427776401585838,0.0006017275239309069,0.005534787474368444,-0.04765406316924833,0.04943256555987337,-0.03715439883871395,-0.01658082478105462,-0.045020728817799685,0.04165707581917091,0.03420924291106626,-0.010999965623049092,-0.012296277290315459,0.0403268178207158,-0.06782341499255376,0.08485736316327439,0.04293740332454257,0.04859789399225896,-0.027400322344320497,0.023487578649217654,0.012657131363921824,0.013746999601984193,0.06629424456282469,0.004885641856469638,0.005536462158778776,0.018544022655390957,-0.12525722288166208,-0.05653624378934437,-0.02863726028099099,0.04219580005676903,0.07402987335104387,-0.03702745781493784,0.004194073489557106,-0.01397401874590645,-0.0030121185740033113,-0.04444325643218501,-0.04798462033642562,0.040138460108732336,-0.03737656458824467,-0.013324160121804915,0.0472207348984124,-0.013159147463294071,-0.026890405251119857,-0.027546664940602057,-0.023747578655104094,0.013385123189550959,-0.026092152187441948,0.013079352796393903,-0.006707568512161298,-0.008444256850235532,0.0004710326764911521,0.0035266759400261255,0.0006408756946114691,0.041364314081126875,0.04298751907210815,0.04449091408621781,-0.005627891115353186,-0.09660184167337649,0.002212161738864379,-0.006503421373573523,0.03734909134467909,0.023080782331969408,0.06242994381487102,-0.014904011732090173,0.09890357710785055,0.0015548710606971934,0.04388609302921614,-0.018721990081153324,0.03146698048564238,0.024872252313679063,-0.008469040988659773,0.04653395039521874,-0.04162479823535363,0.009364085738255477,-0.06763131050693247,-0.0010239759205380907,0.04004429576218789,0.03711946573779703,-0.009864030356097026,-0.008193091128181342,0.024880743897802853,0.028120806994182915,0.02603202213216834,-0.004355418338057224,-0.010808871378317734,-0.03089191606432097,0.17164284470038066,-0.056342906082336934,0.03432034884809434,-0.011246427410747195,-0.04518623738330856,-0.006524856759393128,-0.061221305255065535,-0.024232047937089704,-0.05840602848003288,0.06670609285627652,-0.025019818601606257,0.07076647525240672,0.0034656413090491884,-0.00124293623933151,0.04738846764767633,0.01686639134607677,0.07111587396404265,0.0646636840201754,0.00991327808362457,0.05296009253209508,0.09306630848026375,0.07505747121534725,0.018843334958660772,0.1182680947032423,0.06021226145187586,-0.015823760739852432,-0.06753829546887287,0.11976185411230432,-0.028977804888838003,-0.03529337190574522,-0.09482352261669254,0.031204551013143057,-0.020374516993463723,-0.00858457732265268,0.030014300829950654,0.007751403191841504,0.01382488016127039,0.020425246383225383,-0.0029197691494102524,-0.01583306461577383,0.04026622428079504,0.05038779937564901,0.0742918854769595,0.03419710852253206,0.038436665376561006,0.0312338713963348,0.005766841918011061,-0.051388309918494905,-0.07136377149977122,-0.002376254071038723,-0.027906883594475445,0.003793569804093858,-0.0280426489157644,-0.059905413877253566,-0.12425858906500288,0.03162357206228348,-0.021213038453164697,0.07917731426421602,0.08734272713822437,0.029624066511709377,-0.02318683893490576,-0.054641842602698096,-0.02542988587527064,0.03975251154232728,0.05868104156264737,-0.03382918764120462,-0.03417694023498369,-0.042132453664473796,0.041990977620750776,-0.024414574222961293,0.07650885305807098,-0.09866350386745072,-0.046340210685569906,-0.0033449506796530094,0.030608690554369464,-0.03290273509355307,0.000103870479336275,0.02053271302982359,0.015296769022011323,0.07438213047849566,0.0920212977266047,0.005706390270139747,0.009897137582164714,-0.07362208911188971,-0.06192778199463377,-0.03629732719209772,-0.09436360847363859,0.009168377010233751,-0.05164459994754652,0.09681850565296912,-0.019372251387401288,-0.001201042546525976,0.011350956773470361,-0.030733010247690574,0.02013757015684916,-0.015343759711512797,-0.05412536599258686,-0.05146478691240099,-0.05546803620659472,0.020327461364825286,0.006354105055151843,-0.026641654550468692,-0.025806811126129637,-0.019220494268840333,-0.03169773133742455,-0.06578494416633408,0.022681258984339123,-0.06617338133658646,0.020435328551711374,0.009121542221072941,0.04561004934271791,-0.010091134709226214,0.04061198858039137,0.01662483886914665,0.01792370952403173,0.009384375499593528,-0.005919585285650372,0.014849784603756971,-0.06262557227311281,-0.05535072706740227,0.04141931647823028,-0.03622495932403912,-0.032157178676485446,0.04817122452604266,-0.053932235948631016,0.09191689075807116,-0.017132588967664262,-0.017724013085335843,0.07334385632315925,0.07599192878573059,-0.027760732234731442,-0.10178912553311091,0.026924443364319522,0.02426120503167526,0.08970670161042057,0.004689645986878533,0.03604381554976785,0.05158609085758123,-0.007420011226861557,0.05049817277240316,-0.08715357463807248,0.09041103821703549,0.08606884295081525,-0.09206764655970034,-0.0019868386603765884,0.028063087090996194,0.036674880272605626,0.027014210280732344,-0.0818232697792632,0.059486133786333405,0.007729677857358202,-0.00628829844449268,-0.03877744497883846,0.018538008522451122,0.005172356424823458,-0.06300653381296815,-0.07568492427828974,0.041491993308576995,-0.010499956999422157,-0.015552448809414483,-0.08443170607298481,0.0019572502233906964,-0.01725011155758986,0.05018740070414233,0.04958418333940261,-0.0017477549754545266,0.03438363404648747,-0.02560831416259057,-0.016840478275149732,-0.02591827871330145,0.01821604580358974,-0.003108103627834604,0.03644967608424691,-0.028466385238891893,-0.06879465260449522,-0.006652966746288368,0.03875997993277934,-0.06011631038010023,0.07764522593603296,-0.025435996994273628,-0.005597079341297703,-0.03460109440027094,-0.031205027007133804,0.09231472350586858,-0.0157720119516577,0.05866747430134259,0.013143191834645964,-0.0472312349768631,-0.05796071360967384,-0.011587787575322089,0.061009370426250334,0.017034410345567436,-0.0539150431965114,0.002100724458734043,0.03449458746277727,0.01382185580692115,0.10055205823728278,-0.05232714347783893,-0.025864214633065492,0.06845003226750676,-0.014028055594366899,-0.051334404451247116,0.0012540598228453455,0.08115744104297051,-0.027276363994355932,-0.06451993825850715,0.020860305973166373,-0.02094295503774665,0.03091642469578924,-0.045524561465195484,0.046522276131271696,-0.08751550943988069,0.0011408874727861314,0.0031156504967071352,-0.06950468727333464,0.07419324669220367,0.02928018684359969,0.049578254142000705,0.00786327017024732,-0.014397697681751285,0.1530171722833874,0.046076377764527304,0.016126476280723848,0.062381444478159555,0.028650045414959285,0.01707065349220852,-0.03455048545349855,-0.07291305279410899,0.04743717072068258,0.04721653206362696,-0.039389919885208305,0.05108328990924588,-0.03882516371705035,0.03915530921284072,-0.06420304518188924,0.06399798802151246,-0.05569863304586861,0.019941220174645197,0.01080860980672248,0.062116834960751544,0.030968285694797378,0.03165083535569982,-0.04099478140065828,0.004683014072316735,-0.015369596270232138,0.03844805919791239,0.06285598119230482,0.06850104159709243,0.008155907530662473,-0.07010923226395475,-0.025065902512516638,-0.020037459251667864,-0.09279343520648653,-0.026106778278684437,0.03521144996873182,-0.04128560287081457,-0.025899065382544117,-0.008181693990586632,0.013892691661918215,0.0331620009199785,-0.0395898815311558,-0.020457896443251612,0.011522175978951847,-0.010487121595027566,0.07582341679043753,0.03480773580422457,0.06348034206153545,0.009969819816722679,0.007770993715500731,0.053629678098757176,-0.007195224224995059,-0.05512239994544043,0.011389494929994751,-0.028973566344584225,0.03906712376540182,-0.012079706714997213,-0.014575413252235193,-0.033650092571555365,0.0036803228601989184,0.017824715911917734,0.10478777934288705,-0.04282319272728107,-0.017466335199150126,0.08420163237189714,-0.012530815845819181,-0.019926866048308244,0.011869116627316413,-0.03778459609409099,0.07668201074918655,0.011971162697466084,-0.03820575780763419,-0.00355929514716659,-0.12637959850035185,-0.037378497952904044,-0.07756123326163022,0.04977442096226954,0.022807696613074083,-0.024981956239156018,0.028929123349236422,-0.023292815142358116,-0.062009713776539785,-0.0721357787079845,0.10340553522864822,0.09401933182843124,0.12211679308506163,0.11527790855872144,0.010801543902568388,0.07122269969905716,-0.05400666782898772,0.0003314491944681233,-0.01890055296842851,-0.03466959866205479,0.000772704044874683,-0.022806700508526137,0.006206378877962094,-0.07456783746435326,0.05011363346145835,0.025117995468901966,-0.029577779081864573,-0.0014287012293637833,0.11995714316174666,0.07039552510597079,-0.008390940371254263,-0.010141962300971762,0.0325068832811246,-0.008848063227371366,-0.12045375012431615,-0.016175917271721643,-0.027272859091953996,0.018190377666876447,0.07364129279072329,0.02442454486284092,-0.01654023297913444,-0.0366162977862516,-0.07722362977874063,-0.044557843539314544,-0.026387310767307545,0.006377943443602136,-0.015787263838683813,0.02009794312765066,0.0239578364029044,-0.02638104636547661,-0.06359567627485617,0.08014534992433392,-0.036775188654300746,-0.022987794502371074,0.09179124399026314,0.029296605684411694,-0.027945759601725347,-0.05619569496332909,0.0008076511434903731,0.056821178272594135,-0.1293447697427317,-0.04330304254445423,-0.018102816483018914,0.06756297710017352,-0.07348508107050909,0.019109342386222753,0.03632988006434427,-0.0016861716346412954,-0.022135489786329243,0.053797645721599,0.07120672427906242,-0.0537397539227297,-0.018726594803427914,0.03980344958971792,-0.03938275844845141,0.05497211896072379,-0.003907293238668231,0.0492441771893612,0.0725106659512526,-0.024755635177999866,0.010037068997762676,-0.010107979208189441,0.026494139956875246,0.014538835852062412,-0.03247931453894457,-0.02127086939289864,-0.07079232808003579,-0.07647985060740754,-0.09148510587806544,-0.0005277884073577526,-0.023117263951150557,-0.008056029398679276,-0.012792401129513612,-0.12256768326383521,-0.10287613331345798,0.03298359858703747,0.03453181338054484,-0.03943691018114935,-0.1132710242579949,0.012745891429502821,-0.07353141600283493,-0.024938714045569473,-0.022699036704989368,-0.02560939423205557,-0.024582397164395014,-0.07069255703970159,-0.05586654848529982,0.024148379026110972,-0.009843238592129665,0.06996261520165217,0.009340249011287114,0.11432893070581211,0.006568026288322568,0.005953945535477712,-0.02596692244767642,-0.02604605810163718,0.009407029723042543,0.13158510313243868,0.0006781796928469099,-0.03555078390608812,0.017063034909451075,0.011046773214542213,-0.013707167414488585,0.05965777422845928,0.003141326789975781,0.009156508586433977,0.011415551453882797,0.06406885785618291,-0.0773737320605336,-0.08553941552885018,-0.04161699526563489,-0.00527494343693219,-0.03350760515418264,-0.026669252200996498,-0.011832228757478518,-0.004583295398997498,-0.06594134404626274,-0.07871591410486894,-0.017521913641935918,-0.14984560122304857,0.055918160709454066,0.027897803371656742,-0.04795423310168718,-0.05989045010284045,-0.030883431260313635,0.005433087968827057,-0.013627546008328282,0.06750073841509839,0.010805113469016199,-0.03915091748348168,-0.068604038098795,0.014552426661232815,0.0232949932707747,-0.030275462884814874,0.014773343178739705,0.07822624228463704,0.02801570120850765,-0.04874072188596444,0.028009540607361865,-0.007302407073117672,-0.012416325434446754,0.05967847016451367,0.06479725174909136,-0.09198440419488221,-0.023632925230244323,-0.03232688587394974,0.043527364363188034,-0.06728902553782065,-0.1373567999092449,-0.019741979620834123,-0.026384578833791594,0.08874955487869156,-0.07082800849920472,0.02847165751785869,-0.022798596424400453,0.06851265179667707,-0.014187476928112102,-0.04023543491333544
-0.0018060302552274723,0.03054296814008427,-0.04711862783529876,0.04223071917701272,-0.037823202501249584,0.0207223156533592,0.01020505804181542,0.02410938159157575,0.02504848609884568,-0.12058949865506165,0.03817050045927034,0.004669409863503973,-0.03571691084169198,0.0732020949400212,0.0016485409014107045,-0.0666091196709186,-0.012292908426368794,0.03372422530989177,0.035644153441961327,0.06795538117971503,-0.005869662409879125,-0.0034719520797497215,-0.034920080576135736,0.06803795620746794,0.038165358919512664,-0.005845990654210702,0.006179251396581358,-0.04629380302775188,-0.04360815139147396,-0.03178030036587377,-0.030517951158560576,0.053541684898976864,-0.004860639056514463,0.04107797279331542,-0.035312309558997,-0.04388972597358868,0.040437419645649404,0.06638095222364544,-0.021375966863484527,-0.019922249729091374,-0.03958674021573388,0.0015217684036725905,-0.03278811334135134,-0.09478874849715123,0.06812452838215312,0.017641752829915827,0.0002440556457587031,-0.05238303305122543,0.05977742958531083,0.00811992812825827,0.009252513173466249,-0.023100259922536486,0.014766569067751364,0.03708046629972408,-0.03142196933546292,0.030421154325174983,0.06829343977723132,-0.009961724085055771,0.014403679088487288,0.010925625613782398,0.026285163660493875,0.008255324865158092,-0.018848093573902384,-0.043502862577755264,-0.0017114250879011288,0.027982576259586105,-0.013021681250754086,-0.06124919070671252,0.018741802264892325,-0.0688735890048659,0.04200211062294382,0.02074049170276791,0.0060491533902591755,-0.01442687497905558,-0.037776224704492635,-0.04907516204555361,0.07316157880313028,-0.04804931228156593,0.03621518702734613,0.06109346998602283,-0.004108728294551729,-0.011533442784383875,-0.07632710396413944,0.04854019287581252,0.012638346022725441,-0.008917321398432761,-0.011697552505173828,-0.03069832226474863,0.06355049382522417,-0.016678180472067636,-0.10525921271854101,-0.07725266322682725,0.0451899518711637,0.027640464961346183,0.01960005789239039,0.019255541814385678,-0.08261449352500466,0.024396722418938498,-0.016438760525142433,0.06074348954610077,-0.09535091533725626,-0.011034606382734156,0.012292597625935812,-0.046003408512467536,-0.08956262051151162,0.038809460395221825,-0.042734397779188395,-0.047323020989307095,0.016922234006779332,0.13021112739001853,-0.03823839460431109,0.002586799929119357,0.05617610927583865,0.020716566938215383,-0.09074401852377983,-0.0026776017358819204,-0.027104375651811233,0.004043081095452814,-0.08920695379358475,0.01165767308050802,0.04314502676469656,0.066780850776092,-0.052524762606738294,-0.020268944225011694,0.07699584304322689,0.021084324581730273,0.03297785651277594,-0.028067570770037548,-0.03151067811514212,0.0014556209596926178,0.02070271843816683,0.05814980787705408,-0.0595258213774479,0.010027265549285893,0.0433289410493211,-0.011484301092975982,0.06529399551820472,-0.002348047853638697,-0.1046456738311514,0.07699914134895909,0.11060827731881212,0.031851907003186,-0.007689475699628086,0.05624627519216499,-0.0177350677841002,-0.020527623926358818,-0.04189461752472821,-0.054913454294445774,-0.04018887055887982,-0.01763407804422149,0.04487138235034819,0.028930201974611876,-0.04839535965410821,0.01163880502705324,-0.06726472145204548,0.051893561694898116,-0.07083379319571323,0.05669151362955979,-0.08107387383808828,-0.012941565493869926,0.0010033431699517916,0.011846714241457808,0.04238465735994895,0.03624666970139335,-0.026909015540098672,0.041332525554769566,0.029611199295693825,0.05713437792514007,-0.017246290895759745,-0.0007219800438267993,-0.005706132743562549,0.033115109504859463,-0.005666332946654348,-0.05546218325234471,0.05385730443682718,-0.02215054867190344,0.08085533154757531,-0.008393920667835257,-0.028334227926755832,0.05338228729968319,0.014435085659843446,0.03389003965772853,-0.035433314236193975,0.009982929854716592,-0.010218468440486322,0.037355332046242286,0.0061196579985336305,-0.007566612860023978,-0.029252740609037497,0.018754396431578543,-0.04493788632909544,-0.01021803632382154,0.0032352940415734527,0.08044442424405392,0.039555261746614306,0.004562254513543935,-0.002168557090046069,-0.12688209466562142,-0.027875632240326305,0.01082878462439546,-0.003545779601545117,0.03672347763132084,0.028830743739712134,-0.04436524948210779,-0.01964816289074247,0.03829564793803183,-0.039026528083276356,-0.06458767071149882,-0.09905377289028348,0.03574657790700009,0.048288457083029895,0.0066857441573152125,9.373627016498406e-05,-0.06462507613986428,0.03850729582192272,-0.026743728287761562,0.034967410145298014,0.016337534723000705,-0.006715149524837738,0.07425655066793019,0.018973426737024804,-0.04652348447744204,-0.06786869234463166,0.01707467270519957,0.01848222907473795,-0.024467626909882186,-0.0026461664624093926,-0.02904844590927169,0.07735520560862565,-0.010068881055194615,0.02429225943862595,0.024456232390660512,-0.02179739920004038,-0.011123829273443608,0.05656973614238789,0.0029119049615411586,-0.03199553976346633,-0.0046865074669464905,-0.00932515685981905,0.0750201244650052,-0.04411807872178371,-0.01696006092560804,-0.007963540934963957,0.004699539793444213,-0.009378199710037482,-0.011551407074320317,0.0039419343949780705,-0.011902875961758447,-0.028669968920285296,-0.0034638510379662616,-0.08129856081837854,0.022001372199710014,0.059935341716917695,0.07352961965847672,-0.028636667610893365,0.043695181250740296,-0.008729937729224332,-0.005353786117346533,-0.024988805099944417,-0.04397769042429545,0.02800883195600984,-0.08627222700888507,0.04279365235118605,0.011661586537670514,-0.04077318011073248,0.043875317861924175,-0.03898960116511608,-0.03766983184560359,0.03579421986560875,-0.07996651035372462,-0.0009679676699716086,0.011276283951182358,-0.04518087722660971,0.004848694573016816,0.023109772612735183,-0.07711720502637474,-0.12197974944885202,-0.024815362146941328,-0.06333290827793019,0.09863437992992337,0.049769136247278335,-0.03536682329926333,-0.029926592327237093,-0.012908789539679373,-0.027152550967766417,0.03936891203349449,0.01894102420381296,-0.01795852051469385,0.0017158770088574835,0.0038501346309389884,0.005506956975314723,0.037963631907636755,-0.026323645331164984,0.02437721697690748,-0.03547673436923279,-0.07176272642111542,0.03332683602526531,0.04370856412049134,-0.006829315345868249,0.029814410050912815,-0.030855124651814364,-0.02198174653064333,-0.009622639664849318,0.0037412565290163386,0.004307183769705308,0.041203391698693304,0.012764409653512518,-0.06286022695257876,0.03271814160836041,-0.0034891350317950345,-0.03627328330794187,-0.002139972461286421,0.05527916491669993,0.09534481995052228,0.07660358476625692,-0.057510467976819045,0.0478833906201509,-0.0146134281783464,0.032710247812061076,-0.004874461854067404,-0.023357348057144078,0.04150578850539475,-0.007566156338079786,0.06838697619598397,-0.027327580043432734,-0.044794019824812396,-0.0061066705007375216,-0.038138598089133946,0.06226788601851095,0.06062625961417864,-0.00580208611930364,0.04042983856424156,-0.0012099367239302296,0.011644763452314452,0.07365591983780699,0.021616174829288966,-0.07962946065705385,-0.0480776228282038,-0.07907497650121097,0.04522786026441137,-0.1138906539469866,-0.07247828541653123,-0.04911397192201202,-0.05997352581204413,-0.01473067973369132,0.019672362113361513,0.03167407649215289,-0.06793807826561811,0.004169227290503407,0.019535009915850027,-0.01865986927912608,0.05252217620158741,0.01877433705035035,0.05053693909593317,0.0328726586037466,0.004340542702852097,0.003867708845479311,-0.02787841738063856,-0.03500692697023284,-0.04037314124843624,0.005623627857043714,0.05001533509427459,-0.008615013997977023,0.003527994077494655,0.007815515620564251,-0.01730833346094265,0.005479495502341872,-0.006946374992752771,-0.026656774663898666,0.002852537414454253,0.026152385402132314,0.01506602447036191,-0.009005490800351233,-0.05604395056263295,-0.01501663030110053,0.03890123274544472,-0.01820459264079145,-0.018443704523089827,0.013135682714992518,0.03179622300701542,-0.020761366335217593,-0.040045376321249986,0.010147825392422578,-0.013059335220378308,0.05371466868968128,-0.10115563759503984,0.04522455492026559,0.019496121820305957,0.004988400517391771,0.030039257296019004,0.03494915312862035,-0.002040252229281471,-0.0016876800470525526,-0.03834431303994303,0.06439673236675619,0.009743514696081465,-0.018228694799888017,0.03317200450337682,-0.05697563620287871,0.00562885657753113,0.013336636034186776,0.0021796043599059743,0.03410423050898724,-0.009892558076266482,-0.021174544624774253,0.023065362872494163,-0.048320348929742185,-0.007760134659147563,0.034010121978363506,-0.008955404055747292,-0.04986376628522332,-0.015451427377078228,0.11019931405049996,0.02853397508731434,0.012893929132608128,0.03737648099103527,0.0027519724824838967,-0.08057833976287442,-0.01213716811709023,-0.005035883799256176,0.00012083968564104405,0.021571497729168346,0.05495277767726334,0.09340243825620438,0.03134705198796858,0.07568361578631878,-0.05110947866519546,0.036866461730783916,-0.07244956168388329,0.018162627163484643,-0.06882222605508974,0.0027489608056717094,0.06331904007732035,-0.03191608123851763,0.03883634602105425,-0.012043336897819702,0.07062678510150354,-0.03801600452987935,0.01735281666353579,0.0046295461582408605,-0.028752494599805146,-0.048649514874908754,-0.06806418852620368,-0.008237520692870905,-0.02128661967959987,-0.03925073498245618,-0.01496844864898011,0.037461307329801886,0.01882101161277227,0.01501421630451674,-0.09476748347601996,-0.03881498504353988,-0.024331409907356525,-0.023003959449457052,0.014048125360218293,0.009330999533566984,0.02482984763145325,0.023604186240592382,-0.04093977702393794,0.05290528193921663,-0.01751057718663528,-0.02225870391488433,-0.127120683508117,0.021773247913637654,-0.005392977519179631,-0.04961773861343442,0.03321596480384801,-0.055936660967285425,0.021822928033320383,-0.0292910528317075,-0.045626112151546126,-0.05776644867424632,0.1039770519478401,-0.005720392595065706,-0.10847429848993223,0.05619341634914466,-0.05426994054144615,0.0496245916287367,0.02038194000075922,-0.023258738787893328,0.08691507194468943,-0.05333768731928141,0.024591696528987985,-0.00895842546990645,0.005971456131786573,0.02976736140695269,-0.01794144464740464,-0.035776645624395954,0.054098614150470944,0.06479208014700719,-0.0084531564116588,-0.08784497102195404,0.06318389803773587,0.05904833591058617,-0.0936787420713049,0.00519100604432702,0.03716278350893521,0.06115927543349444,0.008010083064824421,-0.016874833675419608,0.05311723696447712,-0.013112704130791688,-0.10716828684795189,-0.017270264776293363,-0.004453844870889472,-0.07754810207000212,0.004325086638327428,0.01600736597320032,0.007678010496985808,-0.014550707348606882,-0.04940701036577499,-0.04618677086859127,-0.07132057831946788,0.03524374122195902,0.008613000395761553,0.030259708273734257,0.02130420674301477,0.021036290684754596,0.03945185998039165,0.05420424897821554,-0.07383913574409802,0.022181601931644798,-0.0020495972847592372,-0.020293371290717017,0.016888903286480815,-0.04932070826704521,0.015058881010764042,0.06526551334332327,0.010473928880544348,-0.07886000325269878,0.03134312624667718,0.0828409735353217,-0.042202025615500405,-0.03134791375222406,0.06083056787872684,0.017082083228361866,0.023965754486922064,-0.048888132090573175,0.0727643013220168,0.025172163356509108,0.005157328991283388,0.058637718514389155,-0.026553332297957196,-0.07122724043249883,-0.019120206636108212,0.010340413753849483,0.040459776565995205,-0.008547195941470449,-0.037277293004603446,0.044810030142723604,0.026325013557307094,0.006214454639166066,-0.03992379413636324,0.04643534338143776,0.0268914959091354,0.028441933994067952,0.015166686696639675,0.00804453062741338,-0.04012260292882306,0.09554803005451228,0.03803981371984488,-0.03666556038159123,0.028841162069767168,0.051571792920259374,-0.07523407849057007,-0.013648014731164086,-0.018512760814999262,-0.007554802841989485,-0.0025151631047329193,-0.024105893897059718,0.004538353391222611,0.06672877397375002,0.04008239182143435,-0.02595002107620277,0.013708383837248272,0.06532232398835808,-0.011135824949329576,0.029498520586668422,-0.00033882897297101637,0.050942622785283415,-0.005851566657915691,-0.017271685822675457,0.04631514278754394,-0.04331133429934378,-0.021945973308018202,-0.0031137001999080064,-0.09497174980872061,-0.027198278298052946,-0.11226164022623883,-0.020089030288449748,-0.0445359331035115,0.01058805230645587,-0.07239163640578469,0.0338495888218326,0.06615257363120106,-0.05892646370962665,0.06687240322432365,-0.05992335472400136,-0.007214836053628952,0.0020308966182586495,0.03946618062337587,-0.03734807216374994,-0.04829389017193114,0.01856477870179923,-0.007387770354370105,0.004662883644326422,-0.06474045578632132,0.03857905830978753,-0.10606005580199503,0.018337722786439255,0.08092265511738747,0.00714269101581013,-0.02757895234149602,0.006752155992268615,0.0003633098215469883,-0.060253368578694635,0.10808032915289684,0.026980750558665147,-0.017665309927742165,0.12048398895273119,-0.018897436106439507,-0.050262599633222174,-0.02100064111020127,-0.043240572444765125,0.042820426562135985,-0.027739226813466394,0.04032357828531635,-0.04727669965507509,0.01990075454611441,0.0065965974690348015,0.012070222216171815,0.053840490259663906,-0.04966720608426745,-0.03848252614087446,0.047400923609368296,0.015756291301326487,-0.08084833269488455,-0.004365258229794858,0.05181482760550136,-0.05908916053453673,-0.051710946675705916,-0.054631600486816714,-0.01433488300189825,-0.015980544346626987,-0.018907322798082875,0.05008756957784083,0.011091521255555266,-0.012569584524790244,0.021002169957120013,-0.01016246552301364,-0.08108822713341131,-0.01953919303957171,0.03952052841108338,-0.04151215933789136,0.0124882112287425,-0.06631327791116241,0.11026546119017115,-0.020731111612688004,0.021962177945954335,0.05645740627395483,-0.014051493426619054,0.008287908741598616,-0.006575233390904391,-0.0470899928628114,0.060429402420589154,-0.08878330509108319,0.07734633965190159,-0.036375061526247275,-0.04000726559124639,-0.00745107372195236,0.04728748434111602,-0.045496070099948244,0.02891076714845708,-0.01134270119660803,-0.10096291741392331,0.04071599140377263,0.06866153611946187,-0.031520578364694775,0.03668178278112745,0.04428849076308933,-0.017932100597260373,0.07674493527473795,0.032817042514747985,-0.0074352356638330485,0.04657449070109891,-0.009414028643314703,-0.04655833070406675,0.08816812039688716,0.014020915718416335,-0.028698800274764222,0.08265816417338438,-0.04094180274516006,-0.003409789263740999,0.007114980933572253,-0.15483872810777893,-0.04957092229772086,-0.022111104270486046,0.0032127535254543077,-0.02630626625586144,-0.023045742287315228,-0.04763539896479897,-0.0217766952126957,-0.016534039487472018,-0.00019732581378256855,-0.05018179112616839,0.014342566319004565,0.03019642929967632,0.05543198192526933,-0.04850141405070229,0.018896262079455533,0.06382397857647841,0.020347025706159434,-0.006162707358909588,0.05081987502959944,-0.031246255053781775,0.04507471369337615,0.14007134751357544,0.0957140529813167,0.04169113090408505,-0.03339439063190701,-0.09294636850591535,-0.08712986114278311,-0.0848359386382616,-0.07713702781923218,-0.12119539106017893,-0.010307625771042753,-0.004870639628432222,-0.005810032479017857,-0.0670229256158452,0.10793263288170325,-0.034864824575840885,0.05104843509860785,-0.019718647525582597,0.11153650436183966,0.02827837703186895,0.03867085185952068,-0.01717979391001672,-0.0955934122961738,0.023450624087285883,0.009951524920045352,-0.03464057424990482,-0.03910502646488034,-0.053216320078923074,0.009465867320843781,-0.03735628112331685,0.026258634759908462,0.0003154633371350032,0.01206118929577454,0.04625141964106289,0.02490034978855732,0.01250090570483586,-0.06546896600790321,-0.033495669737968775,0.06436750677814844,-0.007542738454231867,-0.01556743213827373,0.11758910128204407,0.033885278103288674,0.03007572814526767,-0.022982752549952995,-0.04723789994171117,0.02513732237122213,0.06878410553172463,0.09929250361902883,0.08079920464555929,0.05606406381423499,0.10542980283603516,-0.01787293605334186,0.05222008964137592,0.01886484038596247,0.022105053490437104,0.04711806006243039,-0.004799719921121695,0.001433056017291953,-0.021898828804996724,-0.09341193008214392,0.0962352830756738,-0.030735307522058983,0.11654821808208082,-0.06484468461134162,0.10308323512912033,0.040406335613899266,-0.005841622852349303,-0.006644121432048403
0.043160366652603394,0.018948606860471954,0.0032501824042000652,-0.04418601049185441,-0.07534627822427008,-0.0014206636527720779,-0.015554749823608757,-0.04448494971140677,0.05116517130270573,0.041248892991822744,-0.048883737875985774,-0.004908746603957437,-0.058263781053434625,-0.017772063950629184,0.033188648711885725,-0.014232893221786074,0.02944500953772082,0.005116039312601622,0.0588682499229398,5.4220389003498e-05,-0.04713714350092761,0.014861527925380721,0.05913567588047604,0.004999707507556541,-0.05273658526072997,0.010676724106987511,0.043157265350034946,-0.05162178850202355,-0.06761868167720675,-0.024474083387600376,-0.010806329834968197,-0.05825091246235182,-0.023836815746132875,-0.013731933097235896,-0.06973384361783644,0.04542823970272432,-0.03713678712940696,-0.03218300465093044,0.05191071165255342,-0.026065045647072786,0.030899709944877642,0.035602771449563454,0.09283987642655289,0.08226277517885894,-0.03318579970106856,-0.002865289900991629,0.06117411040362037,-0.009572467771075873,0.05110020683331476,-0.05395161673232961,-0.017778460474070615,-0.013275221398893327,-0.01418780716555142,-0.011539726787767305,0.010038259718944287,-0.05090855839477417,0.03730881768671962,-0.0015055246978893184,0.04396242575193938,-0.039556016100189634,-0.017207704997388888,-0.04947254433739283,0.04205417106159997,0.045922767985410465,0.008535126056696263,-0.08003635041498562,-0.0006641251048615284,-0.00888294489114969,-0.07450902191836486,-0.05157223900084724,0.07010472318381004,0.0073359084054474165,-0.013151984747702003,-0.002431883570419516,-0.01579451656750087,-0.0787416728940439,0.012847365426711489,-0.013195678771906942,-0.0546112878748682,0.005766663560305003,-0.016752316185159113,-0.011560409400938113,-0.06329170506626226,0.1100641660448431,-0.023254334131723252,0.03285794191408878,-0.05783044230361374,-0.024908746711541436,-0.06709344697716949,-0.011390606093214172,-0.008031507484202043,0.015635066517520273,-0.09159915052556221,-0.04757758569511936,0.06167615012421706,-0.0694279039699725,-0.00934184918150233,-0.02610942358519289,0.06498962645728973,-0.0004176858691207008,-0.056452702384431744,0.02702753508956775,-0.0299089860001949,-0.032643259289663974,-0.0040077004381583806,-0.04147979059300015,0.07383057636587331,0.02949022470263816,0.01598957393825132,0.012084879803253443,-0.03247055824140383,0.030211570501481325,-0.055400405043923545,-0.054635269673177285,0.040272394576096146,0.007129808127510853,-0.03424232703474867,-0.04702783159251284,0.0077794478609604575,0.026215981983305353,0.025409435814496503,-0.026882628124886957,-0.021862134724527867,-0.008021899710212324,0.025139228028253604,-0.07002440639700953,0.07695270007765567,0.04283188025108891,0.015204291132516963,-0.00788945585035267,0.009564692728175514,-0.0006690994358096871,0.026787135911133745,-0.012088237990272893,-0.016052381757817365,-0.0025651978328773196,0.01805178952394714,0.009028041630169745,0.033824001360864296,-0.019108960487629657,0.04230573847912159,0.0012193129168006824,-0.09872822165821583,-0.024293100385784076,0.05249534593745972,-0.017736337634977666,0.12148327758465378,0.00048344332685699005,-0.013127893188606517,-0.04968783623521734,-0.03725403190390851,-0.015727656725228693,0.0330777369313483,0.006820281293035806,-0.0017601744603033263,0.10890349325723916,-0.06045329302253791,0.04472244808227013,-0.0028074473118875646,-0.00011501104811343613,-0.030596853153192088,-0.05760628264774493,-0.02347152272168106,0.03525066055826622,-0.004599135602166383,0.004597959303803498,0.014885309769427412,-0.02005830832582423,0.03841943904562143,0.06399533264379617,0.04146925821021768,0.0006479244446654025,0.028907840818448556,0.02962115351335332,-0.008744739619485553,-0.029172005352352582,-0.02770042944061919,0.10863871606129476,0.0311756870988551,0.02651834789053626,0.044794724257105505,-0.13379602025368637,0.030011763545520903,0.005296272890553886,0.007367306223923229,-0.013348033304753804,0.015307554423386705,-0.0014524083655025235,-0.04982067955973458,0.040417080447653984,0.01591152564632235,-0.05357067174709375,0.0835796746989906,0.035054329150488395,0.07828930076183495,0.017905853727263953,0.050425563923853535,0.006040942335618795,-0.07559982501015183,-0.0057693998414481565,-0.0019760933257045163,-0.013943303423840814,0.018094252055059528,-0.053806195318951436,-0.01313727530207426,-0.0360236969792032,0.030835206363802575,-0.022912102033092324,-0.027846504083731547,0.03350998734670785,0.011733651007900045,0.018185892463846616,0.005374249857107778,0.027226285836675704,-0.015451588620848394,-0.050742105612110136,0.10608231405105732,-0.07902049788626081,-0.03314743000533285,-0.003185422710310635,-0.02184900107889657,0.05469545952856522,-0.011919556140736991,-0.057652745950484446,0.014732534553023096,-8.050354847054833e-05,-0.0027501103782140188,-0.0240075470037761,0.06209668937161433,-0.00881334609428928,0.0026987071341789534,0.013432539869629875,0.0010239592405368368,0.024686771984771705,-0.06939654171604463,0.006230586116451489,-0.03539915303891611,0.05994590163836832,0.019822228367356504,-0.03536145677388017,0.03557444149624291,-0.06517192355181028,0.018730072297874854,-0.03945016175680122,-0.07626059129664545,0.010564634246158517,-0.012353124067306317,0.02371559614845639,0.03767304239045939,0.06744038005357836,0.02531024540958751,-0.06714194003026694,-0.01762598152688048,0.02085160734428268,0.11201879098570773,0.006505301947270746,5.6936852078828866e-05,-0.02753339450026207,-0.032757136516768405,0.011140193975318083,0.01579409576122373,0.033737584002413966,0.02291654549358728,-0.017524189546375326,-0.017236436072247036,0.03393586072426025,-0.005636522524942842,0.0348490809014224,0.0035401655559404457,0.06572486884871986,-0.019429036061227725,0.04285950880304068,0.08634309485442407,0.0657385764029839,0.012437521749576115,0.0014585414081132004,-0.057185439975164856,-0.02179274111939025,-0.038327129160912965,0.014963413043984686,-0.004811443523940145,-0.05545434970392335,-0.0173674732756143,0.007464848787508146,0.032300148057010335,-0.00152172758123114,-0.09604378856940635,-0.04003642975320395,-0.05328209596352161,0.01822732081048803,0.03512934554916138,0.003506131286776845,-0.031145678054008755,0.01827777980810351,-0.03673998506250526,-0.03716345750802934,-0.0288223289488543,-0.008686323884236557,0.010186161945070247,-0.025611517511815663,-0.06905356228014858,-0.007317304225746631,0.02773400253973957,-0.06670040405229292,0.00859519616357856,0.06693950452201661,-0.041136925450998,-0.004544963437296515,-0.0382985887100003,-0.014386661661032564,0.02463561844409816,-0.013120577438342064,0.02141307959278892,0.022417063318712255,-0.00593062597905653,0.13602476564532498,0.008419626251192528,0.04350161848645068,0.05645830890401972,-0.028361551719627412,-0.035618648356185716,-0.0019605334962270204,-0.008028290422399558,0.04402457885922241,-0.03426592548455678,0.034510708817878405,0.02343420299146506,0.05327974837139118,0.0003603400796452235,0.044029695331654364,-0.06604893334062896,0.006046389867006058,-0.021076791032095917,0.07652776193018002,0.10090418070828876,0.02934278863338972,0.1324577279265162,0.033355844533668445,-0.0734933896112151,-0.01978870745108488,0.047254168010794254,-0.022939910516895243,-0.004388308690556239,-0.051304245049932466,0.008647660285968273,-0.017349172666640444,-0.013443911420291922,0.007552305080004873,-0.01722656342647579,0.01495885381162749,0.04615049456530868,0.00576157151175095,0.02218530453909031,0.0016250417374430797,0.008858369790015932,-0.006578502450074169,-0.0068890238182959885,-0.02500581764072202,0.014576035888857222,-0.026097956161308063,0.030655672712360783,-0.02600204258647378,0.06348487551230267,0.06859062925878096,-0.006739084724152478,0.00938994852947358,-0.03996582357527094,0.060833734219144515,-0.012954759966002646,0.03009079173032058,0.008686848844451579,0.011857292276112246,-0.020678564062087464,0.011580003615304106,0.027555004257552716,0.015289918811735238,-0.011599306549784104,-0.077455423491767,-0.024302773143809873,-0.045194870407373,0.03087592878894848,0.03360241174077137,-0.027060444345491732,0.032239742476963734,0.01440029096997385,0.06273183806107584,0.09708641264426922,0.02344966779394372,-0.0021492467758882465,0.0009335416055104432,-0.03529230061382927,-0.02389150140730212,0.048933772121238485,0.028430972773642902,0.03434765538766571,0.08801364220811107,0.03464611002569221,-0.04329214660139606,-0.05807346504495636,-0.04906397078669197,-0.01803977559077404,-0.05731109746942597,-0.04192967860733069,-0.0023447894320824943,0.010162466870853013,-9.016980309604372e-05,-0.019575408470208742,0.08248092924545394,-0.08260589088953171,-0.02080736582474195,-0.018763525983949033,-0.00048114805945235583,-0.03696432432189596,-0.002236407634125798,-0.02680805926741447,-0.04636400625370176,0.0025857967486683456,0.11419084874544437,0.0026605350294703466,-0.039187449258034746,-0.028746245377523953,-0.006024945059359231,-0.02210100388322003,0.02031893271775449,-0.05462792633522846,0.06832879525543478,0.09240140013323307,0.019990684821561397,0.02277064853359158,0.019101520337841404,0.017933632213964785,0.033034817074320925,0.0533195710596347,0.052417710832585174,0.020676303983218767,0.0004957736771349231,0.002104595430819047,-0.0031059007240140657,0.014621964258529865,0.027701979223483053,0.019629812887204383,-0.008816676355466655,0.043344901422483935,0.0255500648427592,0.010652892050838893,-0.03295710471183478,0.1108779789188112,-0.03302812694869996,-0.014557701700293574,-0.029654438353879146,-0.01843037394837741,-0.05941637112222863,-0.04521785406614202,-0.05198849859052741,-0.04592804519206862,-0.019201906211973957,0.027366219711765834,0.018051595561012233,-0.07212411103492043,-0.04280813069580617,-0.030388280503030624,-0.0506693657841099,-0.03821791129388797,0.020264753711726636,0.01201221762734214,0.07052277405640635,0.013930347631452168,0.0049769331287363066,-0.06907668156183258,0.006863291433009064,0.0217083193694261,-0.02166678132791631,-0.01772451852962066,-0.04558391259031113,0.0026985634666719122,-0.10048192819626087,-0.10756082872712545,0.059296727983281394,-0.1056503302061694,0.021437995934893553,-0.040645964005248066,-0.08976915369113907,0.054170613027415715,-0.03785112446040587,0.012171602834071274,0.030700528005907658,0.00032435192738998876,0.004937394223785238,0.04765768014487655,0.04043482272630544,-0.03432585795185097,0.004095697322666262,-0.030171817060353136,-0.03893726398813887,0.004158977885395457,-0.046911829841406,0.024642272721265176,-0.04186890165444371,-0.03603271285656534,0.005557500828884165,0.033633035567931076,-0.0035742429933237193,0.0176588732656194,-0.0793694479546753,0.015729705779050675,-0.015060182209305257,-0.009044193432779,-0.03576684610405055,-0.005279643131262048,-0.007460562232635273,0.10301242383199699,-0.03173348139486253,-0.047822615954447804,-0.0004885773494515455,-0.03172488357004859,0.04517411004216016,0.02394270441299018,-0.008525529532725588,0.0076031360366071036,-0.018934782353205493,0.009293319153253366,0.02115232726688511,-0.007068341810344727,0.05926040933148537,-0.04103888722786474,0.00899356207006512,0.012866041469739983,0.014626404123449078,0.09820458607014118,0.05905545393507742,-0.07005317111562241,-0.06698688548302738,0.08995455644676366,0.010028354599302921,0.0868042309073221,0.064527440685928,-0.012430670062028141,0.011097042306049892,-0.056798980527398894,-0.010662586606315243,0.0111705161499008,0.02973474839433123,-0.07642601151753989,0.0498150123915648,-0.027061338257107992,0.030299787545971468,0.01479311200092686,0.024008537292450578,0.006199381397537422,-0.06447678547644102,0.03681999650090344,-0.0733532497386818,0.05159497114518644,-0.10724574232569592,-0.023480811812369044,0.0023863488919737596,0.033831921338558064,0.032060698740866186,-0.05943933612148536,0.003227088641681893,0.012323515647308363,-0.034288194380325855,0.07553298123190502,0.01600682965196493,0.04358764106195953,0.019382754492946325,0.02725532813099878,0.011535994973119702,0.030998515840401388,-0.011768838814377123,-0.019937702326123033,-0.006187941248145449,-0.010729025744364537,-0.022000804590169922,0.05714554105271318,-0.05331624857429263,0.12197697260388417,-0.06341965503342191,0.06276950290696136,0.0046924115990369586,0.055165699056274234,0.0026518712191550228,-0.02996168010953451,-0.07064207583490534,0.028297553360191605,-0.07905569093544655,-0.0018463097294695917,-0.0014568635702844025,-0.06960417409618551,-0.05163820383278619,-0.05347284285678206,-0.016774059839016645,0.013508242863669096,0.0025937970285884173,-0.019656195264194886,-0.03268110811276154,-0.012659505527646431,-0.00186707362814737,0.061484383086556973,-0.019054138020804513,-0.02975204367307959,0.05266735334754689,-0.054295534286208764,-0.008287617331361454,-0.0068848231878430935,0.018780974694488247,-0.04657726717989749,0.021769903640574878,-0.0428247940042681,0.07555256538483465,0.024713780503949054,0.06685862349871069,0.03278339099125209,-0.06986151391375459,-0.05499086500461695,-0.028549273628339655,-0.06836750803949214,-0.027323923177694037,0.02272260925754206,-0.002867997593810326,0.014501210257453172,-0.01907932370882261,-0.010783828469233118,-0.013215101954251485,0.07560357645262976,0.025631760906608625,0.04184261589157648,-0.04400731124984906,0.001868202005767709,-0.08863209913759017,0.04888871347697254,-0.02609569646165566,-0.013600149118143317,-0.006648790581238936,-0.05082321707815307,0.06341306868290986,-0.009032428876093356,0.010447752592668029,-0.02137897687676847,0.07721860022993578,-0.015162029360353945,-0.03732075953047443,0.03791994337864549,-0.010522631629658228,0.0038805903000222334,-0.008599712979637117,0.07081575848395304,-0.033299259067990514,0.01363359641899575,0.004267937640284319,0.118130039632361,0.021662544163321765,0.033191662708723126,-0.007785197595424321,0.009381343227521242,-0.039644092000167865,0.03331313487108671,0.004499468559620491,0.0401198052689809,-0.005643592820401274,-0.011544402322584801,-0.014154296596360992,0.04186449522531845,-0.02488918961570195,-0.08718745278764256,-0.01900179303608011,0.03984422504530603,0.006768214503325306,0.07692054682953298,-0.015848468616757275,-0.025093520249176403,-0.056000347646611055,0.08229688382736872,0.04132497219448157,-0.07993068828530694,-0.001126335266335264,0.02865949463853465,0.07987812456681517,0.0933568100372065,-0.037449139984359475,0.031199452520077043,-0.02741597553452684,-0.05463588942359779,0.014023164128782002,0.004081070113234296,-0.014059663754613481,0.04206981602516839,-0.0323292771547639,0.025562784126281733,0.10365250475639684,-0.0005357811308398029,0.042874732947153785,-0.04072441963364813,0.04232001220032278,0.1510407530973517,-0.002016141231618246,0.04023147110427961,0.05594068859270523,0.014803239426141987,0.020706071988156775,-0.03571648022138366,-0.002020696197172983,0.05851146772273024,-0.053778011272438336,-0.00935106870265617,0.12145364314167427,-0.0208192040868332,-0.06457108159832886,-0.03276238709444658,-0.05742019911159155,0.0550252893794142,0.01829594075014849,-0.09412485978735691,-0.028553170515880962,-0.04372604254852492,-0.0635573805568591,-0.050720927400271884,-0.023103336426212234,-0.12313711669553402,0.009896235525364061,0.05236836162765603,-0.043660024537196744,0.010241552120236117,0.04501621655982849,0.037762441466197894,-0.06955011948760004,-0.05456540536860766,0.002084716176960594,-0.009814013661575572,-0.049333113432400634,0.05121303186004774,-0.013103701906094046,0.03132034483737019,0.024021019782071728,0.04897502450574403,-0.025235412238005392,0.012913475373096082,-0.027326391137905148,0.017212506462984608,-0.0649013901384953,-0.00223976906338817,-0.014393782032251428,0.07430236239123889,0.07851552397500913,-0.03827508832896992,0.029875623121285437,-0.1107751570656727,-0.028281467857898243,-0.03610136714977356,0.030941647094616283,0.047192575979093355,0.019080263001055635,-0.02433853653847445,0.048950332862764734,-0.02664906930402728,-0.05618581138904155,0.0590891389783572,-0.014985146741590046,-0.036530476649605736,-0.007353426796441152,-0.019804206987331173,0.023570445853970227,-0.05286109597955619,0.026879922825678554,-0.003762989409418163,-0.03632448443160385,-0.005405961041655436,-0.059004544806854506,0.03416998927791075,-0.007207882005921534,0.022477605766350852,0.02202285649320602,-0.07998543093060502,-0.06223452778835192,-0.05555917995296462,-0.04931605070666366,0.01355271841824111,0.012437174491550337,-0.0005539400253579823,-0.021041918344667045,0.02493765294260722,-0.08812749513483278,0.010973966164870213,-0.1370265250316338
0.018272305768769242,-0.05731415502936162,-0.09241400323745069,-0.051557211544113454,0.016667743809953714,0.0014963902970299343,-0.019184166302314346,0.047174997509440625,-0.00261773664138348,0.03451031726049257,0.01736224476437011,-0.15178846752147435,-0.0524378757476603,0.04739355476331034,-0.02167513663550921,-0.0075506057972863,0.0064748646560632535,0.028300523264344467,-0.0671734598809096,-0.06538499241631428,0.02680356881559943,0.06785959938909533,0.00010617290675278677,0.06175101162308709,0.04949019628718746,-0.0416000711651695,-0.07302540811993972,0.04320581213729246,0.004883152354869601,-0.013970082150128524,-0.04754884859462702,-0.008218315977616901,-0.00828019162522006,-0.03261445131085243,0.09152861775679272,-0.025405947328806185,-0.08332130652198438,0.022008656587079286,-0.0053996508027307445,-0.02437613487741104,-0.025640677712069685,-0.01649462948685451,-0.07169615331603756,-0.027604711243535484,0.013651491611193488,-0.048498165174855334,0.020442159834265134,0.09250198942521738,0.10164397602337244,-0.04862658909666098,-0.06168437545968406,0.0014696759958628509,0.06484111233879636,-0.030464085272814873,0.014489958089629785,0.004703334496454354,-0.009887143066175006,0.006620001304959282,-0.03320289384814722,0.005640118716612214,0.00028299996721892104,0.006047184174867317,0.05716979061353389,-0.030286272636075084,-0.02516377928386935,-0.0010466147859696658,-0.10612978334508494,-0.08012277541762161,-0.045086868297655194,-0.009913863128232617,-0.048874787044269494,0.013286922542067108,0.002923024868298983,0.014364816441499863,-0.007517356562011168,-0.10643514817848208,0.037052467191532865,-0.0699339402642928,-0.06683688694038098,0.022943929783232085,0.011583946625531565,0.01959658075590246,0.03096560190740208,0.015901587630304498,-0.0658578361693063,-0.09080560679328697,0.014551157257074603,0.029272559312317953,0.014713278558771968,0.02723874278982137,0.07806229115505112,-0.017674174306693012,-0.0811377890709523,-0.0366805893342088,-0.03327474159523949,-0.008821443736319183,0.023844481298556312,0.08743444101769071,-0.004884097871462458,0.0031683181498997474,0.016988104632268488,-0.006889211314176302,0.04006704773029896,-0.1055372366347812,-0.022069269582032668,-0.08960517685710577,-0.013154624853764348,0.12132797046014232,-0.05274664669379137,0.04512841851503704,0.03167254064776692,-0.07393644832814311,0.0016776393673011605,0.013398616920499186,0.048603812131954874,0.027728645980340076,-0.012099416627543654,0.055046613176162704,-0.023521520574491375,-0.04218433651143755,0.08101662903009,0.03915142390403425,0.012761382244990235,0.017797706662443517,-0.011168268771768896,0.08166237586303408,-0.02878293431938208,0.005386057234971717,0.022241933043175358,0.0056458036009934855,0.004629196864665542,-0.035718576074332466,-0.012773705865684673,-0.011489712443883082,0.013181195250989384,-0.02966318392458563,0.009693400021908763,0.042974743580316256,-0.030237712283007704,0.024498464110795277,-0.04343004168280669,-0.05466840265515417,-0.032118632429106155,-0.004956577919939296,-0.043536700076118914,-0.07163680005678588,-0.052567896320287244,0.00818477749323535,-0.05729630478996606,0.004897871001807465,0.01289017879569746,0.060310927222410673,0.1156292430917524,-0.0710029337905688,-0.0647920892341892,-0.026842456839765733,0.020387194824673046,0.029147582725214515,-0.012036407550886823,0.10769322645614159,-0.022894313867324028,0.027301830612059774,0.019501339533812074,-0.04311690346842969,0.03271622074076186,-0.058773902657617706,-0.013355674708781578,0.016111505159783296,0.06275501813659748,-0.015513844697933151,0.07894245123789999,0.03458479024174816,0.09701093381816919,0.0243464410174537,0.05577104823537581,0.0028536773012049856,-0.057775604196343804,-0.04629043546269148,-0.04440359764880503,-0.05689170730662389,0.0006583215218723045,0.08309535151311281,0.023886521031889436,-0.020418048288181247,-0.026993820690932965,0.030150409851699544,-0.0014930751909449425,-0.13014033687232926,0.030293838106685636,0.0016495297394751435,-0.005606918755382946,0.0025787413812396716,-0.032224074309347324,-0.04416302274046542,-0.07517388174221135,0.007373832958498447,0.006846759047340091,0.020331409362522628,0.058929282314854024,-0.06181049078560698,-0.0026303667133446684,-0.0039799838791131715,-0.034908551396776406,0.0029897814489600097,0.07330698797339685,-0.003221227840918173,0.025818783020822363,0.007553457072910636,0.019320060752295847,0.009473711561317544,-0.09084159433328047,-0.0003344575008998651,0.10470842308876042,-0.03814223442105078,0.000573347412272538,0.030447022117760163,-0.027045489416865468,-0.022909311840036577,0.008739810033903308,0.027876574916962438,0.0005448995547714809,-0.05519973683033286,-0.01907052978890859,0.044409352283176065,0.03501868722111481,0.0952718574043353,-0.0011030247259150132,-0.04914524276642261,0.052451379450580725,-0.052984505691702995,-0.003944360451191811,-0.04681582162009479,0.0011722025695633808,-0.005143833606974388,-0.00910437599311279,0.007423448690995383,-0.02431911326921342,-0.022517467248298267,-0.004036978427549887,-0.011485479615123714,-0.034722498715638456,0.0017673546517366777,-0.005621268374173022,-0.045319667564860874,0.07902200078323998,-0.01615562829361809,0.04392844225578427,-0.05772364915243084,0.002507625990077527,-0.024031316712014736,0.0050801243171287435,0.12733283479760185,0.02165718576006036,0.018847361325968846,-0.04485863021319092,0.04783052113690176,-0.07511469356129481,0.00019113445017566072,0.058513522733662685,0.06801886581043577,0.008606850127965776,0.12260715221366078,-0.00012726174191203388,-0.033645283389540905,0.006722543825062136,0.07935325809389575,0.07403751649962534,-0.020348617662907863,-0.0004868090149599016,0.08429254151654889,-0.033089282074974365,-0.026026787545732396,-0.04625370084047447,0.010945095867819896,0.013584878246202987,-0.015226141629556966,0.07599201807455248,0.002497860426916489,-0.007660532024286134,-0.04121394295863996,0.050069934481949345,0.07707079113011626,-0.04585416786048039,0.0770722570179564,-0.04779068936023753,0.022757956696385723,0.12023203059103008,-0.06260738091762809,-0.02170408643725146,-0.0011086858888031167,-0.030699184293999912,-0.005632400615936471,0.0424854928784863,-0.015699775141337222,0.01912826479621104,-0.00806555533628502,-0.015637365460582107,-0.027971179404397303,-0.01652762140543416,-0.028697635913650536,0.02687422655601924,0.033600028853493835,-0.04630162263478472,-0.03614688539125249,-0.02615040513756227,0.03488311760764165,-0.033701573731117006,0.022357020817753325,0.06910165561862376,-0.01868739951855853,0.0648810946071799,-0.0021807481152012953,-0.01007562489151957,-0.1140455858829532,0.010028244193908626,0.01928231534806996,0.01824104656315856,-0.012986986483338517,-0.04420032398894925,0.017049294702154574,-0.012168052108165775,0.02961240306791401,0.001245661739210489,-0.013447126267466527,0.007027627086326659,0.059077033873906976,0.044299905564464954,-0.00041842006033775164,-0.051025400884393474,0.010653723424581712,0.025949926141751928,0.004547478857542284,-0.08340471809116545,0.0511554356503652,0.0022945860337288486,-0.041087288599126304,-0.06864985927151948,0.025136152900846483,-0.0353234496531975,-0.08199129455577182,0.0374450610520828,0.019984989560043787,-0.010564563562211964,-0.029076963487720875,-0.016915276851979928,0.05374535753918403,0.0582438512741769,0.005450886995568637,-0.022845285513231988,0.005647714078429358,0.03960238101619476,-0.05702308182499574,-0.015139408418694357,0.033915778500194546,-0.022574892498537117,0.051411072281104114,-0.01695397669429244,0.003838432887456981,-0.0876940640183826,0.009124067158291043,0.035525123779350035,0.0566502327072815,0.007394180720001774,-0.07412566239552046,0.04176995634812522,0.03828951127852972,-0.016733180397929214,-0.04609502522512747,0.01296335691640462,-0.03678082904507572,0.05873162901850368,0.05013861236046329,-0.016744710641121267,-0.041778787555040414,-0.02965224921572374,-0.06857485422198095,0.061368464021728436,-0.012496371553170446,-0.05611368119757116,0.041380741390658525,0.017377457657343467,-0.014087325393994331,-0.014096616038098853,0.07733703148182673,0.00015829743983717282,0.023419007996607726,-0.04335626938301777,0.07068574482552242,0.036023036916892875,-0.05209304966643324,-0.015739829067693736,0.023072095148330377,-0.047649913211954824,0.031080155294954368,0.02840286833718692,0.06899136528014392,-0.024673910337242675,-0.014464620791322155,0.07743574742082854,0.06857102016716601,-0.09076630014784695,0.04642251441243358,0.0032147997630278032,0.01337029578919833,0.035330624330967605,-0.01640307982211427,-0.021037024165715797,-0.09234627426635468,0.032904377729003835,-0.036771938844513456,-0.04560256560448782,-0.013171456385274378,-0.06111262594886441,0.009732184054051619,0.04971422455608582,-0.04432897023773864,-0.16406891422932657,-0.0711796281470414,0.009069809088937756,-0.05510537656334353,0.024546706637341913,0.09019218663997774,-0.008885097410490398,0.049635431004294885,0.03340794066545041,-0.01578229190304023,-0.03814501295994175,0.0386981197054146,0.00749132473323825,0.043202988837300345,-0.040552701747473,-0.01269662564993156,0.02247479013709924,0.07038876644382704,0.0018402397292021817,0.0009903074281391404,0.011514261497458196,0.023279182826204104,-0.007860752311178283,-0.00486518389572858,-0.03057049635345984,-0.025621353885961536,0.004033884443121207,0.003410028053385375,0.07539968817345535,-0.02929068590253237,-0.08437776972012762,-0.04915345536467058,0.02517886918781178,0.009829163548209494,-0.056557448901282635,0.013586364700905039,-0.050808202246436354,-0.0337638291533449,0.004329581878285547,0.03897890473719509,-0.07382938517706529,0.029605166674676532,-0.0077694759193520325,0.012083889515799182,-0.05346412117076561,-0.012490956083415663,-0.04179355095563078,0.010276633744347381,0.02809179566182896,-0.010008966191617012,0.01871567350320971,0.009553117641138488,0.010915292570975278,0.0404696638894258,-0.03295563506556278,-0.08196776112338003,0.0788643715163578,0.016703565202240377,0.04899384864734199,0.10179723436329165,-0.010195000278496274,0.0775837457505655,0.11840927732727864,-0.002122969113044863,0.08255004414684215,0.04485889448820226,0.013395636946024013,-0.05626909608564276,0.07679876058120624,-0.013191775202469747,0.06636945137796435,-0.07279625851137778,0.01776756740726812,-0.018182399042987563,-0.04320155636695295,0.03140800333370805,-0.04374391980916732,0.011102842269024919,0.011204420115177749,0.03049747965073402,-0.0831623237841049,0.0650555035255018,-0.031016884273010664,-0.02301098932121911,0.03234298962827045,-0.04307513671796526,0.10556781708905398,-0.033070706404538464,-0.05614966844460557,0.05299850160419961,0.05556862709784396,-0.05049535683243908,0.02769214689848866,-0.0273783163898429,0.009435990155202644,0.03005976259406126,0.01560307559108581,-0.005865420293847705,0.05096615809539661,0.04033594808203447,-0.07810236756862309,-0.031618771318708425,0.03735234078240554,-0.056130785151811184,-0.04383365463314202,-0.007406750146329637,-0.07110047586477707,-0.021823568970634012,-0.005077188829363261,-0.029287235258326754,0.007567966236658444,0.07941096410126995,-0.02093998201051934,-0.004073811029729437,0.0064633268252782565,0.0604439597588215,0.0043171836010813735,-0.02370922535461704,0.0057260364719446235,0.06611054186911487,0.004185049691542775,-0.006830364579541995,0.0033495037203446158,0.004210977851230418,-0.029800926280215363,0.0186689287242344,-0.07088188930145063,0.009663212972697413,0.0410822706882638,0.024828751298736632,-0.05262148391708446,0.05904813505927589,0.004061996866800211,-0.0370914672619771,0.05011038310142995,-0.023071741665214033,0.03183732812648204,0.007862794375151088,-0.03579877837506012,0.030888755793237944,0.04686844958355851,-0.13474123577583114,-0.013401621190131474,-0.019957140977801904,0.0324062746501136,-0.03374182014675706,-0.029912234372300055,-0.0119566026073333,0.01224710547323042,0.08190868006937937,-0.0374750433117368,-0.005321379766362301,-0.02283531984239475,0.015161309565956625,0.0028185540674192247,-0.025494509905020293,0.06292419198996775,0.041587761150137716,-0.03864759268516858,-0.06735991760427754,0.008079671588696392,0.020169705054277315,0.04036021948109708,0.0002737254444584502,-0.009271954021451482,-0.10700468161998614,0.06257863530838512,-0.013631814084922146,0.014622371784904489,-0.10422837775805271,0.021206750586499762,0.03393853867999232,-0.056915382998648525,0.04339610930462333,-0.0034555605758183334,-0.11185264709409698,-0.06674998084214705,0.01249460774861992,0.034831715527963845,-0.016069631874555984,-0.03712636502141627,0.02939394675110546,0.011562852955828932,-0.02200736274871191,0.006315021633224076,-0.044909770314758485,0.02639689592476502,0.04687041097689915,0.00017641505045139293,-0.021445091657068267,-0.03687615544840178,-0.035956585025115236,0.025090324747870735,0.05555508156482913,0.04536203183448093,0.019338664194194707,0.01577510240609177,0.0035349637312012765,-0.04732439971133525,0.016586074831060327,-0.07833714305414236,0.0038348593978536675,-0.01983116257206358,0.014237790482895678,0.08914610700233702,0.08068503276852616,0.021089305282295134,-0.010762226828357471,-0.038319157980460546,0.04009000233799198,-0.10750539208660544,-0.013725364873118416,0.032380662094452804,-0.03652242809455375,-0.01834206543111773,0.00011410220238977992,0.012576356527210217,-0.055224774156309504,0.07587059820862013,-0.0336630381094016,-0.009851943887558995,-0.07588379845933879,0.05273602021297069,0.10446377767169361,-0.01894261092822603,-0.01824302701741029,-0.0719661911079652,-0.05770204637562333,0.11984173935652602,-0.012134910341011454,-0.004406253507726161,-0.05196376859858457,-0.09749108047011011,-0.014050397141845746,-0.015426616820013153,-0.052044451429276814,-0.01572629652538007,-0.029548769518089105,0.0467837005563536,-0.015455785627628987,-0.0037528262340419637,0.07420405340017303,-0.00818880333028297,0.0047741066419928506,0.03352012198595979,-0.0055958789069382375,-0.03999122269482609,-0.04609529437826175,-0.11362551970729384,0.05684165918768292,-0.06398197323735079,0.04644306684795838,0.05434368156481395,0.014414962756206249,0.04351858292904015,0.04395249037866851,0.03571978188074199,0.019250309783844653,0.0453377353666967,0.10825865987486996,0.01095080818830452,0.06912601711001592,-0.017039260937054376,-0.025776127103951413,0.03186876924346368,-0.06689194522881678,0.003240141039384082,0.05826677288872383,-0.006093419019845926,-0.007951370575897499,0.00199554217569137,0.10419364551599855,-0.0902666685801535,-0.0014814315210551852,-0.032081552067575056,0.0061683683012754,-0.0011105624074458972,0.04953938226308265,0.06788061889769623,-0.06776504970895551,-0.12506990047392974,0.008624086101109252,0.07718258370250912,0.026066871575160886,0.09560982620306055,-0.0452984256400719,0.044439261985534696,-0.01024166974432892,-0.011683448362182235,-0.026314188345801414,0.016935796063743173,0.01815270790898556,0.008620028974321365,-0.031514122865221726,0.04735491022456113,-0.020289103974040868,-0.018235874763507184,0.03201212493091955,-0.05117621986095584,-0.04504319156175719,-0.05170235369343551,-0.02280179617686338,-0.0026352208014597017,-0.03215136341983841,0.07231511607493309,0.01673666921365478,0.0079694296899493,0.03110158998070343,0.021022572423926703,-0.0415925826168983,0.0031516481816326776,-0.039395447114737865,0.009332663475672487,-0.08721493112860758,-0.07027386754337406,0.008826976177577406,0.017044179761403183,0.005896859775753661,0.02123474398342375,-0.033048023621178625,0.02352331849336199,-0.01701147855997878,0.04054783579223261,-0.026673651803020695,-0.06753392673213776,-0.02415451426595437,0.009619972505322344,0.04272683932004832,-0.03029206131708225,0.04112230169671043,0.008248346014744015,0.03149780705405497,-0.04775316552655403,-0.03963257913492782,0.06547665200426318,0.06659050421132834,-0.0013610738714907274,-0.02128285502525643,-0.050559195910400555,-0.07866722277610647,0.0019123393826263884,-0.03367708108351512,0.03750099537600744,0.02125900372315683,-0.028133505627915716,-0.004834488593807501,0.05398478150244849,0.09660983696824774,-0.10445291899829161,0.09506356987111685,-0.050315610804421866,0.1026618674123176,-0.03997320494298793,0.011975135995913343,0.004636102629588238,-0.029236382547099822,0.029407054336742285,-0.03009140598555181,0.015394730203460988,-0.054537497037927464,-0.03144420562132671,-0.02614029240868075,-0.035809304566669885,0.037694004717649755,-0.02551070309087473,-0.016481787736772686,-0.04930034943282537,0.038373459035282394
-0.013137133219234593,-0.038472421776435096,0.014905787946447013,-0.0006773982047053174,-0.025156073629662407,0.06768701445204463,0.029374924379664102,0.028690419594548447,-0.06782699366942381,0.11084801617364448,0.008621680763389615,0.03318591767455074,-0.007366001868586653,0.019332479288817626,0.0107382504578863,0.005007542865745149,0.014515636673910374,-0.027817201667112625,-0.037250658064033014,0.11619375322538811,-0.009899908919106151,-0.014900414094242571,-0.0016670303168745306,0.01704760347495283,-0.05695406027414691,-0.028395524958853734,0.020264620345402468,-0.009055430150654907,-0.018780531495406632,-0.07265525347833308,-0.010386646949620023,-0.008846003118851784,0.02661427520037525,-0.00652017156729494,-0.0024741712726609405,0.08032762194284324,-0.011596797670422217,-0.005861974892371222,0.03753595149803741,-0.003684432631647224,0.026785556856334086,0.04929597931646907,0.03175294124333345,0.029019468949875775,0.051367400910293806,-0.0054829865802983845,0.07296168283090466,0.0029501718731722117,-0.07396984054033082,0.04616084510495159,0.0016226733385200627,-0.04067054502903623,-0.018606610141928093,0.09779557978676924,-0.07076231929304377,0.0004395419367341027,0.06442259472602165,0.003751863347815257,-0.03545337251474179,0.031047963657628075,0.07711003316050813,-0.008998398491338145,0.06053569549003344,-0.016846531174558078,0.054860565152711836,-0.07059109307995591,0.0017531456510850713,0.006510850912120494,-0.11198251735479113,-0.0759009257059031,0.013063101461661382,-0.01785005154890299,-0.0657217214862453,0.022183947362930032,-0.05428447815150373,0.129586541204782,0.06107186478550617,-0.08672877471369075,0.032781193266926814,-0.01590613867801369,0.046628926515349924,0.040709384814473136,0.042155137665737266,-0.0376264772125543,-0.08614895900406877,-0.04549462774042327,-0.027179172051881785,0.01491043430609343,0.02382857431181406,0.042637540381335604,-0.03300217040576204,-0.026879861296116005,0.012632447646527295,-0.01958727382317914,-0.004715702621971356,-0.07936623512550382,0.07463727331227958,-0.03469351719235179,0.00576756396393633,-0.01252275808811125,-0.06940760786717726,0.0454124137698691,0.035066170137098514,-0.014133534824576771,0.03507391906159308,-0.017309132065892224,-0.08855229730186365,-0.03019737778748706,-0.023927333591012782,0.10868389241999765,-0.03221489224455283,-0.022184320012057026,0.004015560147711053,0.010088246693435407,0.004762128220583626,0.16079330611825737,0.07773716226950146,0.08108604077923015,-0.05386443661248371,0.09022714827347544,-0.053793987151711464,-0.0066854115306830145,-0.0004292010382463179,0.0857329787617515,-0.04266395682890467,0.07793587037873335,-0.011507106287575522,0.027538967749856317,-0.048353904005151764,0.0044768348999677885,-0.0031747776573914374,0.02141204356765222,0.01890265665719252,-0.0003117585190420635,0.0838515888603872,-0.005657687796812907,0.06810262018225895,0.10625319755084388,0.006225547874220607,-0.03238900708125455,0.05099372321050829,-0.0038027454096001066,0.02153102710888361,-0.024142337522227397,0.04542894753659755,0.024580248416741852,-0.03902413820859632,0.09313696820993593,-0.005163351108391923,-0.12429276578011089,-0.07178226167225388,0.06363379903308077,0.005422116667769651,0.09598920214012283,-0.044251730987534814,0.01559013713192007,-0.04308149087817777,-0.024106458871796552,-0.06616319024177095,0.021567982347341304,-0.02236145312738183,-0.019710721100684368,0.05071719300857623,0.005126047245054199,0.09069249590501595,0.015792625718137273,0.0037718014864932202,-0.06311770694224667,-0.017552517762524554,-0.03220673718872272,0.01753384387168037,0.029079638078132807,-0.023650244083036016,0.08633811894487807,0.08016085371703248,0.004586967991232145,-0.04766337101424072,0.059895423304013415,-0.026901235935588446,0.038144139978393846,0.025385520560148832,-0.0007751119597652915,-0.024958396258512025,-0.025067857790075518,0.02805717631196542,0.008792174155189021,-0.02654865308659584,0.029131467223659648,0.06729603446364339,-0.07674646613726048,0.02556086181889675,0.049137936470120595,0.0002253176609968545,-0.038944685521701036,0.0013441702835376497,0.031113974604459894,-0.06176995197947051,-0.01222021334269991,0.01016167407818074,-0.020520318983096284,0.03521628433823346,-0.065846573363214,-0.04503585820639035,0.004985066313580534,-0.08088884885946826,0.039499505772662764,-0.003838025252710764,0.010349818626815327,0.007728617532573756,0.036673804730151104,0.07391802521101419,-0.03344890223543588,0.0022738846458315895,-0.02236906800968979,0.033679159597283695,-0.013649560491493202,0.0028316399393110217,0.024958485235890282,-0.03933938812406228,0.051717905925680964,0.06364317207132003,0.001043418542239766,-0.007606579497544822,-0.08575790642862421,-0.027440165177895028,-0.02836465032247341,0.038983380419078624,-0.013561945629432557,-0.022143904544336467,0.10340133931715254,-0.03965708294118701,0.0068881089276531925,0.01740360237110994,0.03245669287554554,0.015885753939942862,-0.020103994097721213,0.003375654495745624,0.023721419894950538,-0.015677163418854525,0.05288313443890558,-0.08233528611229574,-0.032705963979274964,0.024465403486717923,0.011399898990000436,0.004277861153868277,0.027323724817366946,-0.03790578205672375,-0.02794146402409888,-0.06495895088146558,0.01625463451213965,0.07026642421863342,-0.04659777172502161,-0.04448627897566384,0.004111714250987697,-0.06039570799775183,0.003033387939443308,-0.020723310705107464,-0.055049260117800376,-0.006129645885264674,0.023518928908967913,0.03723213956142794,-0.0874529916579131,-0.0012613081789572488,-0.01343425529426156,0.04548703542382157,-0.02056833988847133,0.008892755015626025,-0.033608759590857636,-0.04616871556121538,0.0408197753023971,0.025070728589340927,0.07448783863526337,-0.017688710998560137,-0.022918237134412673,-0.04125324056763604,-0.024695826395556075,0.04960954637815199,0.17190527296258112,0.04426716457952141,0.04448969124065188,-0.03447486465140268,0.00870419623387789,-0.023427458401220576,-0.08245878272903549,-0.012587388206867086,-0.0037420448334973605,0.009307307179795436,-0.003737162807925793,0.05542396427323332,0.016241541045016704,-0.015960325085882843,0.0663555102809873,-0.001563981848274017,0.05405877414672427,0.06040614852432495,-0.013781488129497164,0.02009136751566243,-0.04957803017376349,-0.12689511825363284,0.02602187769723455,-0.021677989697080874,-0.02871869140260283,0.04570441438305263,0.012518103053015431,0.03799723731808003,-0.02903701820153951,-0.06013892133554243,-0.03981994122263977,0.0022194806876832856,-0.08426085235628492,-0.004335107682807278,0.028690545103667413,0.017364329559582573,0.047112632882923555,-0.0016549338147160372,-0.013590205013181523,0.013397315594650674,0.05652884637060913,-0.009457276024552841,-0.022328974607592852,-0.0665134997815498,-0.019508857249640476,-0.015892258240687743,-0.012425620652514902,0.024527751870607482,0.018371833746849756,-0.019523721051969017,-0.07500691111760038,0.032327955907716616,0.01667861069721057,0.03845171787851331,0.03479364651958618,-0.0261355598157138,0.02047887854371726,-0.022029092906533165,-0.10250244922013078,-0.013340905405958583,-0.05846106321587969,-0.039465540315869255,-0.023582863447474855,-0.07205063689317413,0.00021611628036875233,-0.00033514675979991095,-0.02435645111400675,0.006482329807848127,-0.10022188511539955,0.03746444496902705,9.025463071672903e-05,0.03697838596445904,-0.0838877056625573,0.03485244790802445,-0.028511201060825758,0.030126055162711274,0.06796239914022392,0.0017673712681743534,-0.01634118450405895,-0.0027020231801251258,0.028666492980777846,-0.028666672512859752,0.04407645456398682,0.018342531107441037,-0.005088607804057541,0.0018202279160525333,0.045322924871968734,0.004447654266164706,0.010453399432437196,-0.02447553914526978,0.038206502283476,3.671298609686454e-05,0.04573027540214658,0.008028171264204359,0.02393755637243614,0.019733487541447003,-0.02553897928291075,0.08559025057107505,-0.017964037000827694,0.03611945593186181,-0.016277390287571587,0.006896285028321267,0.06778930842970354,-0.0478808941425156,-0.07078279968489233,0.07638663278683387,-0.013675266191922473,0.027396287290497593,-0.049180468854066885,0.02332820744269256,-0.0013844245308587504,-0.0254242068763415,0.03685654558650299,0.033886663999805826,-0.043912994267428083,0.014273833507449296,0.017373202851823286,0.010115528957083533,0.00881833598321484,-0.027205644054704974,-0.053622472653048786,-0.0321656268016666,0.017423693159913458,-0.028185850531278776,0.027272455692127138,-0.03522770149786152,-0.006473945617949285,-0.00834893267371733,-0.030656747635145244,0.024889111778921398,0.0057803941342167665,0.01824802566599142,-0.011579306010985549,0.04204946605597233,-0.0012932904871115938,-0.030918125972685357,0.013399259165918866,-0.110516336977363,-0.06764412130056031,-0.017325629380032296,-0.13236729267056152,0.026955498655495843,0.06850423291449598,0.06302828596006532,0.08753934562173209,0.07275533703652301,-0.0224270490153736,0.04399876134536256,-0.03883699304569897,-0.040809616168113384,0.010348158197015856,-0.05815653980990014,0.02297920574262849,-0.049395381505640164,-0.02192489149352977,0.07810642598985566,-0.021083232910228185,0.004495759460900481,-0.008210698426566082,-0.03236258077774434,-0.017364186762884953,-0.08928249008621482,0.06140903322130592,-0.010967612555914757,-0.010142170602787512,0.0012845671476904557,0.03409813591038673,0.02016241988927613,0.02670816274820646,0.03104240381426556,-0.010363272897896543,-0.03411726426063424,-0.007601323951394319,0.035559688088543755,0.05800334471265527,0.03948885391882581,-0.020352482387867958,0.023432564488577837,0.03197557410597656,-0.01248225498286777,0.012685789225384212,0.011399023581712504,0.00437549375994838,-0.0341285547743349,-0.0310153899742079,-0.0389961132164966,0.08094723735100952,-0.026261859068949747,-0.015724366875484556,-0.03334182631235066,-0.011543914933858616,-0.023615525708409312,-0.005394510374288204,0.016332838401879157,-0.04441530900476677,0.03761963432056026,0.008294608840840491,0.04978379621031112,-0.024350365471248043,-0.00047366738198596927,-0.009489084771702294,0.03607357822379603,-0.04124741439877286,0.009101327484409272,0.004183057595298159,-0.02785689717768989,0.03005510573409522,-0.0019584626434386273,-0.011107509897929939,-0.0018570724255041681,-0.03932139863378135,0.07847935297921411,-0.005354726163478383,0.011689250612759676,-0.0286697785335045,0.018759782598196002,0.04073502138959799,-0.03356641538498199,-0.021039866005913323,0.045232940784435405,-0.04482754204634348,-0.010095530425183472,0.034406821234869336,0.03172830317314973,-0.028999065227955905,0.023668733085212567,0.006365331231279194,-0.04368073588028314,-0.049146198018168115,-0.02258649508812789,0.09028977173133827,-0.08638346611497288,-0.06506707158474924,0.007295187633493174,-0.030805685583030214,-0.021614075687685412,-0.06426470593336232,0.03651815694841225,0.03064898309474517,0.020911402196145658,-0.0359795292930727,-0.013739387964977593,-0.08459987752485222,-0.010077634321666558,0.05690157137873082,-0.016344757771922545,0.11749934738007693,-0.09541166625808659,0.0132394303234308,0.0028688703734798203,-0.006748244532979588,-0.004301815856267173,0.013339229579577347,0.04727459944183034,-0.032665987851459785,0.009640408679861476,0.0173707222599888,-0.07039339631176728,0.033733371774739423,0.06370052928513611,0.01126300584474441,-0.029565291904752385,0.03380161636473631,0.06967901404571619,0.07126093665791484,-0.06639731554841137,-0.10050915853713124,0.012862216470504817,0.03847547469427877,0.0930511397535233,-0.007896578747757213,-0.04757555453728184,0.015025731199491535,0.0054570000521363725,-0.0036673108242048125,-0.03836679736313982,0.03077702540141973,-0.034496598759041375,0.05772229083836391,-0.04627371400240249,0.014186299123662571,-0.038862081514634786,0.1539491404797422,0.06751857122743819,0.01803736811634954,0.08207426013505668,-0.01270206883099154,0.01797308163547183,0.09321207565159452,6.099120380175286e-05,-0.0012064584646734261,-0.016814674025762342,-0.04229821192634374,0.010718682137600738,0.012950052106735853,0.040065792242556166,-0.0039982823590536,-0.008671336056905505,0.035385150133632845,-0.015320659667988908,-0.011778151181964503,0.05628701411564955,-0.010924091815315439,0.04521264475035117,0.028818582764243393,-0.014378317031873611,-0.09850685016709035,0.04828911051482328,-0.013727879473752974,-0.03165254059435423,-0.03471503853968088,-0.06453634668982318,0.10221393535397905,-0.06019968559891339,-0.07392444621572239,0.0030659685645805083,-0.018264159130140383,-0.04884448015570639,0.05856567500061647,-0.0342170555063737,0.01651341194917846,0.003343251813793465,-0.04161529643637504,0.007041105767172429,0.08670211737871351,-0.062219145992286846,-0.016674851854547732,-0.009908345987683389,-0.010450194158879317,-0.014562830532656314,-0.03604347035939042,0.07008903066954612,-0.043142204209794456,0.08572593957768844,-0.08480044707364356,-0.026440330995951743,-0.01113433904481322,-0.016194232957336945,-0.045180292545010686,0.0013038176590761748,0.040351421515622515,0.005149245938963777,0.07084850010361216,-0.040673063801022216,-0.020113016017206206,-0.05748088371602497,0.026708290489177527,-0.005000073943562038,0.00991957311514723,0.07462130597018594,-0.05845605868680636,-0.006520879469291053,-0.0070729680316881085,0.029450443308694743,0.029385063301112402,-0.059585558572331346,0.03270359440300542,-0.03494188838583058,0.008469625112600543,0.02366969083120194,0.025520344985316024,0.019618340666618404,0.012998640543006066,-0.018310348804035946,-0.02238527047862977,-0.027381221806997397,-0.02465644120187569,-0.0029101056169099234,0.026871237112717307,0.001149731137887839,0.03215336774720972,0.02030362929236107,0.007178614740353398,-0.02100462837574264,-0.011156610755014005,0.07550625650296702,-0.048898368614179906,-0.03803936423979993,0.014973771950270097,-0.05314085429023388,0.024757463394934436,-0.0017750992488334539,0.05503025813854106,-0.08624496944687468,-0.029657218508320447,0.05733820357379204,0.024596477476532205,-0.0013657967273406819,0.05289319494177714,0.07033190322123635,0.013103844622835667,-0.052743664670449754,0.06479860989731163,0.035504770265542274,-0.029270497255314155,-0.052025926560298516,0.005968643394296651,0.03270643702978603,-0.08002968716225477,0.061390785128570775,-0.013006423263233789,0.028190377392866686,0.002952988801561956,0.031015987594517177,-0.042146906685778564,0.002910763860847943,-0.03975374575625178,0.031611449665568815,0.04372889560149672,-0.023981732840387533,-0.0025245669072025854,-0.021186331625583477,-0.01679820407648589,-0.008824945177165264,-0.027548515783895812,0.1207739278364705,-0.018024869674147275,-0.01563550738771498,-0.09834465351903235,-0.027977463329148935,0.04970027203767241,-0.0454939164486269,0.030591162483064937,0.024167961208284017,0.030916927901632363,-0.041659126792135605,-0.06365252066672081,-0.10814307141098767,-0.009507059488406069,0.056925414431370606,0.006443435652682238,0.008837615809511175,0.028897474353375748,0.04436077225345135,0.036966895809434325,-0.061421699496195935,-0.023778047540635255,-0.013179837254599371,0.07073563550372719,-0.01399944139988172,-0.03888541118689307,0.06300603569381112,-0.059466219705201315,-0.09306582577494399,0.005223528090301386,0.013502222876715386,-0.009277994927995472,0.044858570011442486,0.029292980455639446,-0.028681759184751916,0.04598586209298225,-0.07479612387169583,-0.018016392887519148,-0.03031641710767531,0.07416306558623834,0.04764240835636538,0.031580766161143345,-0.03005873918804056,0.010412974598195386,-0.0034350618279562635,-0.03232868186764022,-0.022585969736669168,0.011581175397260446,0.04535997092527763,-0.029216743182508022,0.005970950511735836,0.05852635268149883,0.06828898914108907,-0.02879983305663246,-0.05332971540214025,0.012936815431750093,0.05026030665920587,-0.022468042069071464,0.03045540339205287,-0.025068695233925842,0.07328629161690471,-0.0466480662047302,0.048110782554177785,0.01619926881895599,-0.08786150055306205,-0.030281375835544445,0.0022992187929766045,0.07388465037499714,0.002011548309941916,-0.00267938230450627,-0.019070745974586023,0.017974314721620283,0.05173535738121457,0.018785496870403588,0.017332618791551388,-0.0018864370834787971,0.05379332085412597,0.02095720358664938,0.018350307761385784,-0.014157714311445706,-0.040830730392107106,0.05149125477051343,0.020106968752927057,0.1267790393016637,0.05199757448730192,0.04728671015033146,0.10967960667416221,-0.013289882727801171,-0.0813592608625551,-0.009262895756935929,-0.07433520057138349,0.012399077441286212
-0.06197450566538024,0.05602479322314693,0.06396565713709886,-0.02792207076556573,-0.035455516676962534,0.045341100964089984,-0.07821088293998388,0.10187371063671949,-0.07922896492098601,0.057856700321987906,-0.0290089501160288,-0.04953454511685886,0.029306147950109745,0.08410812846916314,-0.052212921586355945,-0.04879318070082189,-0.04638319233042122,-0.04361318800723468,0.02268041638779898,-0.017102757159746167,0.016261727885860527,0.031392018322598726,0.059101217464409044,0.022970296187088242,-0.015643150704235657,-0.042849440251864976,0.00021083880368250718,0.017545382297257488,-0.0038796492641606,-0.0008772655694773972,-0.0478940630497907,0.02592153447007831,-0.02109917793958673,-0.0022227884371427706,0.04372965586221423,0.04034255825106509,0.002681622579577788,-0.10892512652386255,-0.10393908465082449,0.04495534253753973,-0.0023586167857175275,-0.008319179855244186,-0.04747258852094024,0.054494450058604794,-0.016550442782052432,-0.01305708927551419,0.030830976976956623,0.07800866446560421,0.033486753531210146,0.05947402075843065,-0.029495127961678285,0.09664300115547486,-0.07861889079642682,-0.03482003039191679,0.0007660755453694718,0.10507102909221158,0.10726813641972421,0.05212731500323159,-0.046221522539466035,0.03945342315352181,-0.04443789897823027,-0.0020276348329548114,0.0057702611763228665,0.0009218547217803348,0.05790701158612343,0.07092984258380358,0.04315553204754169,0.020463317615232606,0.03130849109732449,0.015955962935536184,0.01683281038149002,0.011401208787327357,-0.0033945239813883664,-0.01569214723140196,-0.02728553222293161,-0.05341507324512065,-0.03730486498301305,-0.0038572945412294057,0.02432488082214971,0.015628888778122484,-0.053008148841758,0.08672167912735804,-0.041882574668168276,-0.00300670868878995,0.016619440841787896,-0.09643821135521004,0.07372862919653214,-0.02012243447647526,0.06943723993460788,0.042918323488588456,-0.15467265498344904,0.014321960528741838,-0.017611480209590892,-0.00034122260690811363,0.02478351339452321,-0.006572256710022475,0.03231519675258959,0.011840510595900591,0.012196579803682307,0.051336935574803524,-0.010255452115363125,-0.004567967518617985,-0.04544054785993446,-0.006352963438686758,0.023785027771159043,0.010257944345579924,0.1351164983306161,-0.00018085066013715472,-0.006095516714892135,-0.027912565049048956,-0.06459674281134814,-0.004809275985249912,0.03109169562740223,0.011890548310087177,0.005838969872279969,0.09024093276375383,0.013216990606844345,0.013835694341432598,0.08087742061598352,-0.04532882189475299,0.03726361634607069,-0.037869312307991586,0.0009419510767972496,0.0064475729582109025,-0.027808044772646954,0.05370603385553811,-0.061953232437977054,-0.05653190873042657,0.01823188280091431,0.028512237583845388,0.012880897357576582,-0.052429970935243694,-0.10048734940771316,0.023102580972324642,-0.02179695209339149,-0.03457369879242399,-0.05037635484135997,-0.06150229745361725,0.05713094611069746,0.005166045603015462,0.03441165816038631,0.10459197558791365,-0.03001994942107307,0.07880457437261992,-0.09909902180785236,0.007606709954978494,0.02102575478663378,0.05636555762940681,-0.05596643122469962,0.05350661102799146,-0.011236820759912631,0.03963988759693536,-0.022000079548839993,0.054479637357640685,-0.07852197653935199,0.0572734066255393,0.004949284417886383,-0.03405090518707241,0.022837617623413995,-0.05008343051732457,0.05876903288677776,-6.565441703625493e-05,-0.016160853700480666,-0.012150333241036756,0.03977805467475825,-0.024727831491554983,-0.10901108254527786,0.0998375686580355,-0.10429681919428851,-0.09875239761621693,-0.019903215188066283,-0.06650943167084465,-0.05637668348202429,-0.03259676962570061,-0.03763127814181042,-0.045932067196907754,-0.0007560790868375909,0.024527309750522894,0.04317041955196825,-0.014822658012668483,0.05287594693619144,-0.06545442100053332,0.05284679240300905,0.017155775463844614,0.010944762582682666,-0.008550020963398526,-0.051479511548801066,0.08341594372497792,-0.07020934689913878,0.04786879247950437,-0.01911520537373933,-0.011116781516307721,-0.0204152687692046,-0.08900741489107049,-0.036123006920920776,0.002612782120800858,0.09083748243995868,-0.1553420412483987,0.11043918701196527,-0.0021383924054860907,-0.17758597151492964,-0.03528072132941307,-0.016374993424815035,-0.03615983797163977,0.10127446229561739,-0.049726333660128706,-0.06578336720913931,-0.010246951617224189,-0.02008732537225731,-0.0750494966732947,0.030775593860045112,-0.04523862310341586,-0.010791509645086154,-0.06193513085217305,-0.05074536515465652,-0.03292104001067303,0.07716477126609567,0.021256840010926013,-0.05594636105157993,0.00998892556929285,-0.05251856799576311,-0.08500150107772207,0.01035193097053253,-0.0008968844312823649,-0.03191541040021714,0.06176895155750526,0.03121187304607348,0.048616536445333806,0.09317891307889804,0.031138833573754618,-0.00628228524489253,-0.030122314252942994,0.03314388858379027,-0.02074964347049738,0.0283073765205165,-0.02180368699737699,-0.05448167070210819,0.013556994387341884,0.02426532404636513,-0.025273682501644756,0.012914232877315617,0.003013199251478416,0.04200963924263938,0.037203599867631734,-0.05437560057577343,-0.01732826421714182,-0.09868901887979827,0.009986880707796833,0.0229651808809844,-0.0204547285504998,-0.016531120176695502,0.007898266389534806,0.017470955263822217,-0.10896058879600999,0.02416104771268435,0.04059000481212761,-0.04023705557321299,-0.04611156817489693,0.023555138546887944,0.00330392172775528,-0.011410988453552756,-0.04493096804287354,-0.002255705997371655,0.004434555758181885,-0.030383312201297925,0.020282578610694033,-0.02616056591246342,-0.04995903371950578,0.014007324839315233,0.010273100000596423,0.03369900304835766,0.023826508033688132,-0.0007479445520142729,0.011116246316471028,0.05905074700033976,0.03890235961442905,-0.04158838089516625,-0.06293734591179416,-0.04428137768790886,0.04992635911862903,0.01085549640697073,-0.04107388537663621,-0.04423577198929655,-0.0235466345892484,0.0099714434956209,-0.04823029301551087,-0.06804854890148504,0.05933648103692888,0.0799864900734294,-0.011227887195452719,0.00632287806463258,0.03403448887377576,-0.02648614354989134,-0.01133973634252929,-0.004156409058342329,0.03760117258690087,0.026858641822376118,-0.011770818922776281,-0.06041531919762741,-0.04787824590141701,-0.013964370227132128,0.04614844021711663,0.06562493135223245,0.02121972077968128,0.0026135494666976442,-0.06045369029860711,-0.07115204929417343,0.023227154797733445,0.012943640725245084,-0.011078170889435862,0.025785388307847282,0.05589819618311736,0.012530608953384014,0.059582409513045276,0.0001500601301055392,0.00438127948314526,0.03699371690038985,0.024999231758307167,-0.014209243892527545,0.06615554041056283,0.018888965196794824,0.029032464566946373,0.012778635880642467,-0.011311805273527561,0.055142233424852846,-0.12369806575468124,0.08219029300037634,-0.012688307143034382,0.10664956487153208,0.003656254564101875,-0.047747241075491574,0.025228840547873006,-0.05971020527476776,-0.05842232824791846,-0.017392729902187768,0.005457854016608596,0.05273835902680594,0.009741846384811329,-0.04432459607321793,-0.02979039625495288,0.0782078270473797,0.026813233930696255,0.02532048145692795,-0.04595130819610487,0.01930456323264519,0.036194479799887574,-0.0006829874966835915,-0.016707413229993997,0.0625357289537573,-0.050966650995458704,-0.026057939910475454,0.06112127644980465,0.07592019610713367,-0.016882918061220924,0.0184139507559057,-0.021521600874067934,-0.06009703783126377,0.012460206830204637,-0.021337369273443915,-0.1488922855147189,0.04631728104810576,-0.048541333385605456,-0.05262047095788543,0.10176879604019051,-0.03339096682174701,-0.07964620078064859,0.01930862178867177,-0.07367281457007446,-0.023908753495660764,0.04869451321001245,-0.02808624127784596,-0.03497481947515023,0.043801997045304616,0.031167867507140495,0.019465390763248453,0.029614045548639757,-0.05430966849464449,-0.00022227822154852138,-0.015764452857719533,-0.003580389822833046,-0.04013918611256196,0.03550453070796628,0.01128685752212317,0.02417849288286009,0.02028655344434864,0.0031193045073278185,0.08098055255237611,0.009409147728638033,-0.022719550203955018,0.02070542370409785,-0.037456628544602064,-0.01740651224777846,-0.04667174216194199,0.011754352984762505,-0.05081384591630752,0.011546648414195294,-0.023796893809377422,0.05400050118615908,-0.03063849669265714,0.04628162025351114,-0.032605659150780834,0.03059587925066351,-0.041568782686269394,0.03586952349986504,-0.03508451703987535,0.05006884833960359,-0.021239834900800347,-0.04922049298710642,0.04497218722992153,-0.03185600340191102,-0.022088811990853885,-0.00770533799631958,-0.0258396935614108,-0.038361380522956824,0.012886888486586591,-0.040876326505717014,0.011216098128109555,0.038407729360440124,0.09713637393020255,0.010372552480704421,-0.10879770906355837,-0.015655347208184494,0.02929115130883945,-0.09077201553596621,0.014400883474488287,0.020525017745083987,-0.07100322416179754,-0.006396186874092053,-0.016747347511346794,-0.05135720391803621,0.06378854767526267,-0.007594124711161873,-0.02138327511298925,0.10330938111980924,-0.0345733177299951,-0.007369694022764334,0.03427829034529126,-0.020785352370874133,0.045881829556636576,-0.02453356816056779,0.016666957403559227,-0.04972706730453735,0.01368299549841559,-0.17412055868844653,-0.030625795034503973,0.07389146023260988,-0.013356159343921861,0.07544866155943401,-0.026089723026397074,-0.008032683792302176,0.026826703020867173,0.06344611514859291,0.0106634636398945,-0.08554666535782021,0.010668833067034764,0.0038698975063928692,0.04577687692248231,0.035173570062022035,-0.06806598655082642,0.03540585096681167,-0.03900515893638799,0.019627683284542046,0.0006352100921147772,0.018069657393278864,-0.027314702196403216,0.03106276127811575,0.00047405246556870835,0.03614581854375433,-0.010813668298548018,-0.041713482939732316,0.07420880030497674,0.020514895417982838,0.054939614038097107,0.0648850971415172,-0.08577148951661277,-0.006950409120565054,-0.024334816772675006,0.07348213527019766,-0.005729342542968387,0.0513080852976562,-0.004032225765527382,0.09175717816397358,0.00912206261853202,-0.05342600854274101,0.0121284557741709,0.029888483175052882,-0.014663427997384307,-0.0016625945789614388,0.01879943564528114,0.04353111677736429,0.011950858180684419,0.016031661912055347,-0.04244910060100173,-0.011400508473838535,0.005763951712404705,-0.04221968306109143,0.06811571580204334,-0.09497166863279717,-0.0037490155811939732,0.030802815817841216,-0.024606333645871906,0.0196470527393787,0.019550538970846052,0.047834752942437976,-0.049707802588067604,-0.03167078838516603,0.028483796405623516,-0.013051857623795857,-0.047936075008104595,-0.02703558266246353,-0.0036531343619964096,0.09189710722206955,-0.025485269035887808,-0.06269283903207014,0.031272957179882606,0.03710399494037443,-0.06630644255927745,0.05033133363410926,-0.018754454247931915,-0.027188829606152088,0.01957807871494748,0.022359458285283303,-0.06056823355922738,-0.09610354875033571,0.020359356043955848,0.040747698949427744,0.021375655576814416,0.007156283200864873,-0.062106297049033296,0.007233957819009733,0.07658319047047946,0.007827297242609886,0.04214845588000206,0.0024474986535120468,-0.09137494554794509,0.06613933024238916,0.07311668630766298,-0.010432995377377505,-0.018788615607295313,-0.0357930846832534,0.006280508898081977,0.1231417806698322,-0.035133582107364746,0.021615703352732114,0.07398519563613669,-0.018838594498323577,-0.004243547387789482,0.0012916293704173533,-0.029484039415041897,-0.0021534264329592647,0.016197330793151,0.002500283078577885,-0.013234231310849586,-0.0794053728342001,-0.042515466313359014,0.01221026834422132,-0.010641698952553612,-0.02991223747068475,0.0021751831621333057,0.037856323934811045,0.008984848347522209,-0.03803243886968712,0.013570105083669647,-0.04512852401654556,0.06874522738655853,-0.09062400066589571,0.025258528049424366,-0.017972608966760367,-0.046488192960791444,-0.06581517555417052,-0.03435005846822348,-0.007712822225349801,0.06694401062915588,-0.0773759969130284,-0.013680536595922768,-0.0011582976938278133,-0.022496981877329063,0.101985883943063,0.008079316322622264,-0.039629631790646415,0.002311149503436737,0.013565218863349543,0.05309284428512437,0.07199310935889336,0.09539193864677639,-0.06924888830501755,-0.060788911531905084,-0.055119684630500536,0.0023237576219851002,-0.14027929073797962,-0.009149345566347928,-0.07643458132252673,-0.034567585149981365,0.045453062382907125,0.015592301675756662,0.041641842486915666,0.023496377740870864,0.0674070783677944,-0.07448077981505961,-0.028477227402668382,0.07094107843513382,-0.06664219752496343,0.04050183501725069,-0.003180030034723861,-0.04449033407793445,0.07022331083098568,-0.01785713280986375,0.029055200040370543,0.04672985342141345,-0.04436326111022348,-0.022813142308440105,-0.05492410299195599,-0.024725867913983797,0.06079875554798819,-0.03487127486676179,-0.11147331794598227,0.039400982643127046,-0.0115786374970737,0.04011090695267186,0.032724313821332666,0.05275165827938639,0.0216824367007992,0.040446418882614445,-0.023694389418054074,0.08046550138568039,-0.038212363577327824,0.03266851206631439,-0.04243065126896893,0.012891859718013009,0.04487172978382778,0.008531460417135013,0.07015083453818916,-0.09056146248060654,-0.04509553571862391,-0.05272257670736962,0.011947256933342537,-0.021586815704859947,0.025681293427811783,-0.027681302260219795,0.008792140284693236,0.07951048737885208,-0.11183039687944164,-0.07920659369977213,0.03437403816083566,-0.09258305973232285,-0.015339299471362268,-0.035915289834308375,-0.03465036893241438,0.025308162482193308,-0.03776144594517115,0.02528772351933191,0.021313399659182233,-0.019303677507029996,0.006144619390661609,-0.04919004834444652,-0.009605559950897272,-0.004780007894122796,-0.009481869272032543,-0.0039397654399246545,0.052413343266896166,-0.029707117333190907,-0.011198162618173567,0.05238113941109235,-0.011077182648057373,-0.08558270525195892,0.09869873900522451,0.007119914660789221,-0.026550700053229712,0.0184085779681278,0.0044013113413543465,0.06236531634255599,-0.011785866473758799,-0.018755135035219854,0.05923342759425728,0.008540126392969496,-0.01626182692052042,-0.08606161331728644,-0.027364652116435958,-0.09200465778577561,-0.027452297121096106,0.05683749900186295,0.027764442032164122,-0.024477758228833617,-0.03327060430972112,-0.006771103931895673,0.053529351522731486,-0.021421743259479806,0.06657578237216967,-0.0202350110192072,-0.03870690556870846,0.05571310712478591,-0.014736474150015931,-0.01609923017047734,-0.022422974334631408,-0.1010884691601882,0.017887248559217885,-0.0021411547742935643,0.027830234629032762,0.10221703644691853,0.016931306830896758,0.019093346025575497,-0.011805674905559149,0.018251047175497036,-0.027490096551393405,-0.10783809515204223,-0.03057145393181187,0.020668692032038458,0.02612650940763549,-0.12658409759643846,-0.06147222861716584,0.012017516460100682,0.03305937600974766,-0.05546448939708508,-0.06165713833501957,0.028512935325902367,0.03485592143954013,0.02018881023192342,-0.07130782828087938,-0.04985066383961489,0.0427322018195664,0.0602056240775329,0.10035184513326408,-0.023656831488388395,-0.02065998821757421,-0.09172885889726137,0.010517627170404723,-0.046597823909839305,0.015131513172536899,0.043852546925438406,-0.09509307475882316,-0.03907182904047387,-0.050689551558073954,-5.052627212810698e-05,-0.04716651171408277,0.00019979963998098543,0.005016440687694006,-0.011945268563366949,-0.019907498163162785,0.023371596054909332,-0.009067825618198615,0.02074275091044626,-0.03478918437477702,0.008606435269990715,-0.038256079598399204,0.024535757329925478,-0.03136145444074968,-0.08748080782335226,-0.02341529198194248,-0.07663418784117734,0.04220033447836338,-0.003913710920298144,0.09732747789399099,-0.0102934427340895,0.010085240118718678,-0.040821288071511204,0.036154580411755975,0.0019067994129356256,-0.06462873035699833,-0.03588315921982676,-0.0597482001785464,0.008579799797994503,-0.022546846554114933,-0.0034411405584405894,-0.015117909911988348,0.0366629119826684,0.025669034026620078,-0.0006775637516531345,-0.08279853753727684,0.007499115297893696,0.08351895832028108,-0.06521220106707193,-0.040810199556543546,-0.010348381999444354,-0.008608149113790388,-0.07730994597998317,-0.02596090875048999,-0.07864797517072655,-0.055778149870608695,-0.10364875792395664,-0.07580871784714693,0.0036638515223377647,0.05783670473932396,-0.03600127935872674,-0.022821770930667274
0.040415830114322863,-0.02644247804809836,0.06429776576627785,-0.036194988787833705,-0.013571866810093956,0.001419240443977929,0.02649751190761513,-0.03331449470735335,0.07895252743892292,0.0033330774093253833,-0.04433322193580358,-0.09873538059142384,0.06743123576856107,-0.05521800437619979,0.03105768384817012,-0.042027932002653534,-0.012444562830292476,0.049251209784600895,0.062144097179710554,-0.08480553848114489,0.007921533505668928,-0.033327121415959365,-0.08171138595000425,-0.0396035379197654,-0.022966952336778403,0.011248130080735354,0.023087926881961887,-0.058030887856874235,0.02681632257471006,0.0038436347223292757,0.01155240781696168,0.0036315141631431697,0.025905903356904163,0.016981637492805075,0.036048831483920074,0.0033510729584571757,-0.008847583918257662,0.0652962897192315,0.010585024779877238,0.015249882657525528,0.10026833154286506,-0.05823612908151715,0.025116077575257845,-0.010214579016640917,-0.04145871879491148,0.04445623441794388,-0.10700653528248902,0.06370256170798974,0.0381916335342137,0.01981052115605176,0.008552480377885373,-0.0332049013651332,-0.00925423786393646,0.016542934359983826,-0.1318620262722052,0.01128516268913734,0.01933095474447641,-0.004212627912694494,-0.02814521641988342,-0.009572558418536926,0.016095106226878438,-0.03329505808866771,-0.0730629870766487,0.0869479178516186,-0.06180444049032844,0.047495104971231036,0.009977244750859931,-0.03022710377004608,-0.09254121155494312,-0.04499691643627848,-0.04565797407357107,0.03533335883615354,-0.002664205492364745,0.04462542711631914,3.6401631023753488e-06,-0.013951717202377024,0.1047970836698864,0.03204905641687541,-0.036124173733364365,-0.0536761525884905,-0.04896153038402219,0.08663649072618715,-0.0830563819244446,0.020847226881830605,0.04804816219434024,0.05950043538502531,-0.04868561260913753,-0.01427349992297858,0.06730588957232478,0.03398728387476619,-0.04294817134529339,-0.016395882083622398,0.10896894800700592,-0.03328723983274681,-0.02609949274294375,0.05582205766851756,0.037570059175229806,-0.021036498882318424,-0.0509585097280609,0.10894410031650453,-0.0893161540488475,0.02266185275970634,0.006160625681420409,0.010225554704518674,-0.022298128057676267,0.009722379798310726,-0.0020946054488492033,-0.01592755919704933,0.08134411449657131,-0.07646002669668304,-0.07418297605579409,0.021711898066207522,0.05049653668775141,0.038474281092178056,0.021977512710738,0.08640924925863067,-0.05773696204267276,-0.05156861067205895,-0.06620636040129063,-0.0784217456910662,0.0010767003478163871,0.06710691183909423,0.050640376782182306,0.018977594817250275,-0.036211904573635115,0.06972903708257083,-0.043187566116394585,0.023016384363972475,-0.0639918874105042,0.06636669813607902,-0.040177798877183375,0.017757467738201912,0.016661570414440503,-0.007232262609018649,0.031310565794102366,-0.007026093742081431,0.061608267878398064,-0.08724924592913949,0.01584605101025531,-0.029514367382664643,0.04908156176517246,0.008358350244746635,0.06736256165835314,0.048461281640435304,0.09425405665615408,-0.02585617346661125,0.0981541594583769,-0.03818256896122513,0.026224100906269626,-0.012117221708558964,-0.030830537618448946,-0.008305072727993832,0.014391479900117724,-0.026535479660223057,0.023731735409514156,-0.037855899809089,0.01584827366709181,-0.0066423618301353965,-0.0432750536834417,0.03511542801630772,-0.01032450826071521,-0.010936361122920608,-0.013441122528318607,0.031750403094101265,-0.02702048782808493,-0.0462691747746244,0.022076626291022527,-0.012411859128933982,-0.06419655765591326,0.04717296855640968,-0.03253868518493058,0.009806985568646344,0.02070028269171836,0.014335754642658512,-0.016308730588485733,0.01466054192674093,0.032872737518836785,0.004840409393661972,-0.04734700834170682,0.061242611421301704,-0.03477776968005562,-0.05636040949105431,0.011522869482715806,0.062379503964198973,0.004600230978565856,-0.02480062190622424,0.0071979753293846625,-0.0008290085360239286,-0.008667237193673395,0.020214437632251465,0.0843014771355606,0.032949892179179416,-0.06398187465182734,0.02245004184072623,0.019928743065599094,-0.02455213292075665,-0.026615425789000866,0.0034061456733128184,0.031779381441463146,0.03247553136685239,0.044047968853393626,-0.0554499914594824,0.013492064369115337,0.037296098260629504,-0.022037308973045937,0.041830114756128384,-0.06416607301468069,0.014254084213242469,-0.038502604714833286,0.03262258354853443,-0.015512928021164048,-0.03262112853907192,0.029489792309601318,0.05175866706195418,0.017547691484294713,0.045650583844570186,0.034272878721534665,-0.04593002381426815,0.060085501015179635,-0.09661291270846752,0.002256902081791942,0.018622838507121573,-0.03145397258319746,0.03289630636869211,-0.05248371709656925,0.024746756230165257,0.012280256666440914,-0.03215540867238553,-0.01781424268737214,-0.032136288557299726,-0.029483489761659612,0.013026450566151447,0.035803179710636866,-0.024899001048488693,0.020678568810638117,-0.01180985719941669,0.008759388264380732,0.000371285686943683,-0.01147990287514175,0.023832929496940332,-0.05036444024862595,-0.025293782888890337,-0.006018145829025621,0.0005063452592716408,-0.017079739779180245,0.07708276137278718,-0.006768484672006605,-0.03187045925050296,0.04669937242655135,0.00243578137415874,-0.027310764519823196,0.033104799119203665,0.03265014968084607,0.07559309144337693,0.05167508738229689,-0.10747483781754892,0.008489808636717772,-0.016536449299099944,-0.03840065239928275,-0.01591172660063048,0.05923495764300654,-0.01499752543562235,-0.0780581128175343,0.039030247503117614,-0.08660732881705166,0.04189983287198786,0.05916207136735597,-0.018010766419116444,0.008999730124866859,-0.0519794976155758,-0.02682242852796046,-0.023459966949592202,-0.002461584959949827,-0.0402238499887258,0.02277372649546425,0.059473039322332076,0.03059117036565471,0.03880447285953743,-0.04668798389115941,-0.014889952614660392,0.017511947690362198,-0.0027455707326180124,-0.016310778404910447,-0.1300822802725815,-0.0568715135962047,-0.01623684610109165,-0.03871468472143542,-0.009761130967494683,0.07251629426150774,0.03151871751457731,0.07556073552508609,-0.03543112327401648,0.082745002082225,-0.07259215957219597,0.00655612474991738,-0.09542197970337027,0.013364469135968596,0.07684427464980575,-0.041153353007278196,0.008533665172727462,-0.01602436784248773,-0.017613041815302398,-0.05167633964587339,0.016886205396629647,-0.002357350394155628,-0.0457241038564302,0.03131453914592878,0.04078020370945399,0.04561044966039144,0.07173257345885538,-0.0482297789680688,-0.004450214954614175,-0.01653065272122481,0.044289136631503835,0.0504278160302731,-0.061536344428146136,-0.023835987537973682,0.0006148291374090862,0.03103419262449735,0.01799392261048729,-0.04352662307343742,0.03578267163264982,-0.016638675019863276,-0.015066865762476341,-0.03269975176783111,0.01442922314400377,0.0012629052800199533,-0.0013419577311162304,-0.08017569514891255,0.06710055657548332,-0.05583127595480828,0.006377507819565366,0.07788942507539061,0.015712571717860994,-0.07324930314739465,0.07813284487997169,0.005423744310497471,0.018329861498997423,0.013965180873933947,-0.01958679481279475,-0.0018729167365924397,-0.04357476938885993,-0.019020802692969897,0.02130076885757161,-0.025368428491938606,-0.0016294897225540646,-0.03177555211650878,-0.016982612276507356,0.057832499011287924,0.037662550704939575,-0.09062409220866882,0.09266382076597332,-0.038974709218701574,0.003283392412195761,0.04944469327952616,0.00927193131164883,0.012376464979492166,0.09078725071471086,-0.016601254177908312,-0.11274475247130787,-0.016936409469373474,0.07191352765341652,-0.007475464177310114,-0.01236681727897446,-0.0059139955911681,0.0002802791177357095,0.09508707343180557,0.06222390093559375,-0.05087037284901135,-0.0018232144784438476,0.0653058925518942,-0.046575165700850296,0.02682253272856063,0.0021535920309768016,-0.023052117694698972,-0.024249881719300412,-0.029066523651711907,0.015404863564821335,0.051884521444016465,0.041626961285726585,-0.041848367560078675,-0.030509650747067553,0.016184275140586728,0.018544598866436522,0.01723795009011009,-0.039465908835667744,0.06538304762281351,0.02716540268159246,-0.01694263790739983,0.03403868841598874,0.0682982698305662,0.02896095247744396,0.08181643418258198,-0.02441247941828054,-0.018529759197586062,-0.07890599579959884,-0.0716417089830859,0.055572477930810396,0.02604179732804249,-0.010352399724491023,-0.05172392673679996,-0.04526252182283699,0.0403013745815342,0.003223906116578746,0.05688132484641381,-0.05907647310947576,-0.0020752696985465195,-0.05407841117963366,0.014490339346015107,0.009731845806539841,0.000789719918927547,0.005082114374666738,0.003421231984340461,0.09648465406769914,-0.05207281511588434,-0.054510196941627086,-0.03355653085379879,0.016759423545126082,-0.07387530827076208,0.07339149915073014,-0.045396542617843545,0.021057969407710164,-0.05441380569700776,-0.02036344018620832,0.06157570076466784,-0.13912402160836418,-0.07346824768457241,0.04040521709562107,-0.012121424731543096,0.07182979479781408,-0.07165789161228567,0.06017827087790717,0.03507322981344796,-0.04489800842812931,0.0794294654618954,0.02478771871490886,0.06945881162082909,-0.020993434883485866,-0.022389808651232163,0.02274857763689902,0.01616414422088234,0.029804121481584393,-0.021154565682678508,0.027216799159387392,-0.054791908845286716,-0.03886022235045789,0.06318396184333547,-0.023749472689314446,0.03644368235125167,0.03668337543285863,-0.02543225350079086,0.009341051362112423,-0.053913806443293334,0.06435195646315271,-0.10161613861139192,-0.02099907021994734,0.02354381167630539,-0.10777618575941368,0.02371248615492923,-0.03920698090492577,0.01618756160598973,-0.00039156229824821137,-0.10275626926928366,-0.020014577953456417,0.029133875738273366,-0.006568558515282873,0.014828118829596866,-0.04059699066136067,-0.025143404264476713,-0.037639949369190594,0.009836038143501936,-0.05599311577934194,0.07853660064715093,0.008051403582978433,0.010221692218493396,-0.09310232827191871,0.02694810205014786,-0.045418459860312475,-0.031805753012111734,-0.027762239740151518,0.007607076164201263,-0.05608713569052478,0.025380806651509057,-0.03552749127151073,0.026505611650281702,0.03585308965620398,0.024147584334598297,0.020813418349086146,-0.005378923875604498,0.0247868001401637,0.056239587302023115,-0.026372230467810856,-0.046198679946047094,0.07413672651580805,9.24985898920647e-05,-0.05780943062917628,-0.06048194688621676,-0.02443680038077318,0.031737339327186156,0.031349624593689666,0.009766061833659528,0.03745190720847148,-0.02356993062209695,0.04329869716013977,0.012064446161235632,-0.05278619829002045,-0.04590982123667979,-0.04972652069255003,0.001760430347641621,0.031452741166380145,0.08579480525060165,0.028659372995560706,-0.016934280863949963,0.006125587652709657,-0.011986498634638678,-0.026894538577746225,0.05216742951382486,0.06992205312128943,-0.0703066924087159,0.017159082911902445,-0.03830678505789733,-0.009408191569733125,-0.05769325891297644,0.09647502355865727,-0.02473506899229878,0.003201133843147954,-0.0205466234232652,0.06144558105510743,0.024486304008320844,0.13030022615270995,-0.075332083287956,0.05572388622598477,-0.007209191209767277,0.030131325464361827,-0.04353492705350012,-0.0813620662733054,0.09446546765287678,0.09747402849601765,-0.009407960128970456,0.03246908625347501,-0.02036033438003153,-0.09094102704359946,0.038295296464943306,-0.07568867486773956,-0.015917762411990166,-0.0123513440634916,0.05225923920425486,-0.04165169701135029,-0.040315708686595605,0.04751539991710667,0.010358033719563932,0.05406631725351236,-0.055602085111943915,0.007559137641722774,0.02055494019094507,0.04428530835830554,-0.040111217335805735,0.024763540845290515,-0.01244344956609805,-0.009725755933639925,0.10240239193079857,0.04673072831233532,0.03474296373916662,0.026750930644084826,-0.04739044624259365,-0.061064275893961135,0.004932605990722704,-0.02416559954491972,0.01623436928536056,0.003869378285431612,0.0684455628591499,-0.00991880127656407,0.025131115110547272,0.08471314491031809,-0.012089241257709374,0.012767733114285614,0.0508288272316551,-0.07622418208891539,-0.021018296777079996,-0.023543558263101713,-0.056007159022954014,0.037024211348548754,-0.1225978433445291,0.019867688834514435,-0.009694113465606469,0.00046494526114642374,-0.012928449080888086,0.010695909107711198,-0.058131400864073264,-0.09406231328112126,0.023477462262637284,-0.016170997497619945,0.06186127116551858,-0.03399455821659148,0.020824823355756708,-0.05834111097526746,-0.05066746181504753,-0.004983953552197274,-0.053224033934351676,0.030008301449621286,0.03040539307263922,-0.03487576875054241,0.043112884038877454,0.04502072322995838,0.07731018674288918,0.02639626926261621,0.05354590882412683,-0.035912639507478306,0.020302934271017085,0.010932640012918389,-0.04524347103588423,0.049421282544574265,0.05945184076789785,-0.09671029583365572,0.04119596425314998,-0.0038887954100063145,0.10735462292386604,-0.13846321365531364,0.030978466750529364,-0.04483097568585826,-0.04725345698483553,-0.024136481153673946,0.0024312985435514774,-0.04947004102843073,0.041918453837774254,0.0023856001027092286,0.007426584868243835,-0.055694889080902796,-0.07222836150695651,-0.06109389182218236,-0.003909215886960928,0.06600954670813068,-0.09213005397546226,0.009864692343699535,-0.0665632523832854,0.03226230435512384,0.02146522991018756,0.08658524710411611,0.04790080125209617,0.019064916511441547,-0.10471786518214843,-0.03083268287321166,0.0028356735569384397,-0.07161027056461221,0.07307715057752315,-0.06108248762250958,0.018291577500085143,0.019979190699823415,-0.011287889615921249,0.06343701392135916,0.07272429841535176,-0.010561478915451993,0.01685804250712763,0.006931200087303917,0.08986258488465587,-0.08199128011933254,0.022935249658111626,0.08396062964201172,-0.01565601923885942,-0.008246434438354138,0.027031655618240544,0.01331867564343057,-0.011351530978929568,0.06964368026330389,0.011182882824892035,-0.03200630000000321,-0.008239316667147558,-0.009602230749840646,-0.00718019303559414,-0.018518745470788637,-0.040926701352611054,-0.008244095001861192,0.028819714108594397,-0.046951978403285355,0.013524455916806864,0.014177820504456741,0.10356724180726934,-0.08712931960003141,-0.007394083201350565,0.021340364103388958,0.013908408174186334,-0.06683937631093238,-0.04029338748517845,-0.00716930798681412,0.03383321120909107,-0.017972936774867554,-0.031112027852089708,-0.04453934982887344,0.012915875708089442,0.031519522291977575,0.07615388283548788,-0.019943846762194135,0.08280572308039941,-0.01176196392202771,-0.05651795846743509,-0.004412200913536732,0.04264189433449623,0.012321832221723035,0.046052193750553055,-0.010586246998389146,0.04940655207435509,0.035795015955303905,0.026543678653607787,0.0421478681002845,-0.039385346958242924,0.059381265299497984,0.04748714447035724,0.09192221247951878,0.08899254494758727,0.033717271080565554,0.021621349831168982,-0.10549615848044736,-0.014428558823519497,7.157654737506694e-05,0.03957281084055816,0.06922156926344761,0.07730312226233367,0.018839026385432927,0.01168641375963228,-0.026245430158045792,-0.1415939876049434,-0.09924380814636219,-0.10519959256788455,-0.11346305373890904,-0.07995857641632056,0.0794645421352628,-0.039982912301044296,0.030197543339938935,0.011961419658231493,-0.058423579094065564,-0.012351800865012133,-0.059160056439724204,-0.043810612878087234,-0.03315764264269586,-0.021378524934428756,-0.005111966480517591,-0.05649080523940754,-0.033655064882528125,0.023601728749906434,0.06858368336619665,0.05797546961939895,0.02166586184288779,-0.010878949944992684,0.001989951644020777,0.023887978296471872,-0.04995423142153118,0.00473700307231418,-0.04477199880212796,0.06321835161600584,-0.05235046440589992,-0.07503801015211078,0.023190567252735092,-0.010624748883200747,0.04980925964080858,0.026947549115537428,-0.023255449802132653,0.05823898844113605,0.03994959762187909,0.05119113428612315,-0.057276599305824606,-0.021030030429262214,0.0038762477286209108,-0.0507890367812672,0.008117208958038566,0.03514727012774437,0.025202264703197086,0.09071864695404641,0.05706888857389949,0.007397987295684448,-0.07220730197458347,0.00785258482084279,0.04700499677092815,-0.043011503267321435,-0.018311172372398047,0.00252821656436555,0.06774207989910219,-0.007279592783887311,0.07347365991037984,0.009668767645326572,0.06928578989119522,-0.045556254222878914,0.006136287530252747,-0.07258972529233573,-0.0022757587844189804
0.0437823201982797,0.006902402433858434,0.1132665623158476,-0.017234330013740147,0.017482825682593833,-0.031127541060815053,-0.03247824684374374,0.043447036334694454,0.09169431904418911,0.06360033183903312,0.08233593333048751,-0.02610501250988823,-0.021813599155901524,-0.026916147395502913,-0.059413299645453485,-0.045244525793686194,-0.015762872567094948,-0.05233917719025122,0.03836233180954432,0.010545377397085833,-0.06119941255236092,0.04619172138219696,-0.01975309188740254,-0.04699554901757641,-0.06948410017210714,-0.03620622932388417,0.0263107093725549,0.05400396784637801,-0.0841291106778175,0.029360431760760516,-0.03963144002281301,-0.004453778919417352,0.007172295888754938,-0.014202218941206757,0.040181117798307235,0.0491469773615091,0.03318124228020969,-0.006538749574747143,0.06731110516261289,0.015393265248808302,-0.07418466835644555,-0.055094575583753046,-0.04876904767600348,0.026619575061771834,-0.04644350940466387,0.007771401163423406,0.009725856787538142,0.011040160535534053,-0.030763313226907073,-0.012289357681089658,-0.030119192811017294,0.03337065452203304,0.03681746941798258,0.03248794033048521,-0.019065280974561904,0.01138027313228528,0.08063980356713017,-0.00021015626564679186,-0.00029655046883616236,0.05522510243139597,-0.010874093846201102,-0.0056894032375595475,0.07715006979977315,-0.006632716752856591,-0.02767288808420197,-0.029779818795616423,0.024229076233218485,-0.09192186945025944,-0.06200926115120632,0.012466272865043926,0.0067178781054153145,-0.011893762595287776,-0.027416221840592545,-0.004310021154080277,-0.05011878159384013,-0.014587158822017937,0.035337196851726906,0.0620890534244288,0.035625659321690824,-0.02017810965215172,0.0829925504425782,0.07964447298173381,0.016669752828223246,-0.057184057923245386,0.03837496250620088,0.041038422406203125,-0.014061692643854725,0.008276705833546004,0.06560060660394446,0.03265094192875033,-0.009660403111554599,0.05920213768855874,-0.055951737553676655,0.06503983329653232,0.09523530598452973,0.19813276890285947,0.15772690382555482,0.011567714576005124,0.25852333458306187,0.27160049166967215,-0.12634608789891033,0.04636404047659832,0.08351756078724061,0.19263748883408455,0.14901056211419705,0.0948375100594457,0.07283173511668589,-0.0018610474989462513,-0.0341024692192777,0.08685264722061928,0.06631940930292263,0.020825514461033052,-0.11733701060134877,-0.017222399503543137,0.011617974895075935,0.03355373237147397,-0.014670418520049276,0.06305817423545433,0.029189911221740292,-0.06407914057341003,0.028439038439720808,-0.07032131120031399,0.0010340933596371656,0.0823841676872221,0.31746277343879503,0.4045602268550167,0.21876282003344616,-0.0074945938312354875,-0.15399659430992607,-0.06038130545056892,-0.15304763625343493,-0.17405537352274608,-0.11147047784728684,-0.047197472950293716,0.12320823149652863,0.1485475262521876,0.01789785721619635,-0.024461665505669257,0.0024353475743617067,0.03479001710429638,0.008866257483359747,-0.002557667140494321,0.026178620992511094,0.041645509018160345,0.03024825531905831,0.1250810075050826,0.06614832947307477,-0.057131276822784474,-0.024659624515228663,0.11170095713234289,-0.051387071826101006,-0.0932609692582491,-0.12504243213922597,-0.09030998967226268,-0.048974155550954135,0.02774501945894669,-0.05040448498331064,-0.041875900224409256,0.03765590404208347,-0.07464273059069657,0.05990236412178519,0.3123724617831312,0.29474463416894586,-0.03634115345237124,0.09776274616748683,-0.007065667437871934,-0.06060091302779732,-0.06386681192796864,-0.0153291188294591,0.00812151165477357,-0.05031036922764303,-0.1668609056681407,0.011147595806223345,0.12509379706296925,0.20372523191894168,0.20860121117585856,0.04865595476156407,-0.04058761875805718,0.01554198247073395,-0.18524696639265129,-0.0656466224966776,-0.306521351085892,-0.08899010113219179,-0.10928549956907374,0.17971112930371996,-0.16436244965596855,0.0689347349496138,0.07738140377655488,-0.24657548260089995,0.13267094435802892,0.320255636598624,0.15318785046551595,0.24542260269874505,0.14539644430423845,-0.05928510900167993,0.10385471714335351,-0.017404630854604686,0.039397506737085426,0.024245674761945692,-0.12275888952570244,-0.1162691096288579,0.011260215543900772,0.037587910952629075,-0.04236018987906063,0.11039467840445055,-0.15654306609816077,0.24203534082656486,0.23369377033602018,-0.1950516604117137,0.14696194823563502,-0.22691152328415254,-0.052960001719069866,0.0008523897661105128,-0.0855524034348335,-0.1619144265098385,0.21616116706427607,-0.03627631051423799,0.12110626678632859,-0.1704685334318246,0.26312777633725415,0.27801217215947566,0.07037704535173539,-0.025655451249989216,-0.034020006541491225,0.015397061083770414,0.057443939079534524,-0.025674549617860865,0.00010408013983834256,-0.226493125544116,0.13333784196569443,0.06454576460562313,-0.06442648861263724,0.05625146643723882,0.047943691595958654,-0.1401947587527357,-0.16263601875896594,-0.009118502865846425,-0.06115730097472948,0.05594665012068444,0.25775753008617397,-0.08423879115446961,-0.191513733254934,-0.10038269274386818,0.16798446292805763,-0.16461969249539288,0.06837858069212034,-0.05900938522362648,0.3266687437476662,0.3935227821987767,0.1089934827885263,-0.022833327950453182,-0.06345284983245492,-0.03793436386117071,0.043192999306264794,0.05049669431589167,-0.12021352671563298,0.07529989252216401,0.12232167032167879,0.05309226433719161,-0.15056894633162754,-0.02037596043034839,-0.049249929601957496,-0.12567140480819866,0.28305907684104714,-0.11283610935809062,0.17240156151097386,0.350576760224257,0.19425892842014963,-0.24181892687691084,-0.03263173590637047,-0.00865827619857764,-0.2022705352398425,-0.4115140515915986,-0.05191452659390917,-0.15498770767452982,0.5798340566070517,0.3002357752712604,0.16747247811334398,0.08680510149059248,0.017427688475295487,0.031175511934451415,0.01441197796062796,-0.04289886077870103,0.052147988099697014,0.272517726634663,0.19672579875526697,-0.0010064965581386585,-0.17935016781728302,-0.14851634536028765,0.30333056122106633,0.09738374130218647,0.6504036346256098,0.860917043992607,0.7546378575683577,0.6179071127165648,-0.21429073549827413,0.1874102456820304,0.024369041263591917,-0.20584550606532867,-0.3131877514863631,0.04317934189424983,0.018852008306952366,-0.07815527001035835,0.09294142943807505,0.2733329532946056,0.01719206624451411,-0.012883104962080841,0.0007081379580800573,0.11877809686823079,0.017426687627594754,-0.016526127852752197,0.15697975514603293,0.31977729877918654,0.2650507094982261,0.23531623520797784,0.2635726751286883,0.4148015618275365,0.7319166838126312,0.8281776989204559,1.3474436352347134,0.5243631951153516,0.27175532266515595,-0.3733342195737022,-0.04994009429649626,-0.20334306576540653,-0.11027883303056447,-0.14350758621737,-0.1221442707259027,0.09350588307503313,0.0803116207659304,0.08802245047250028,-0.002996307408218157,0.09814222352982613,0.035418137243610946,0.012462935240568495,0.0068557895301458545,0.04886314504607741,0.07342909951965183,0.055180771797764025,0.14643839890944665,0.16689101051752642,0.06606563840305443,0.23810151785966768,0.28533201141909725,0.44022295915543525,0.6614452651659914,0.4533035349072769,0.17250327139163096,-0.4205609607505906,-0.4232999427298207,0.014971215718644675,0.06461279644757219,0.0020536633852510392,0.05314692249598862,-0.17578619253756067,-0.10626002545588682,-0.10034474057900042,0.3135070938923729,0.1394115373791525,0.1159312194790025,0.01002180124196902,0.047497880097100896,-0.01690961153732993,-0.06624392467633268,-0.006463490334201348,0.10687984497501689,-0.07157581476781719,-0.04387960919262773,0.013622735254986633,-0.20865072324594247,0.027019289298140143,0.5095142640651594,0.2588863454025243,0.3825146758795591,-0.19035713313282696,-0.43990969564626026,-0.11977613463386112,-0.06561997653177039,-0.18738973209748883,-0.03817440080102189,0.04661757753410093,-0.05371042872664884,0.22799889635706255,0.28148464656584044,0.10937492029478615,0.1845979408838391,0.2544981456110997,0.02373181237111797,0.051886588601324515,0.029675103447960007,-0.012209145147579148,0.017928513673666407,-0.07167851366493144,0.07820091245314949,-0.005440520216636048,0.06998978081593943,0.1470532812222341,-0.0022069900481745874,0.14500686063652143,0.3073524661006415,-0.08716435811545312,-0.49645866890221924,-0.02157383461498741,-0.19214982668062494,0.038037077987598894,-0.48295877552233346,-0.46186700234061234,-0.1329163374245059,0.0351565143197784,0.14777574587039774,0.04263985334152801,0.3185543422098501,0.09799680957004492,0.16495287659280256,0.2961023774895233,0.02901669590584697,0.04921806015101474,-0.005018764931747557,0.08185452418669331,0.07705858141735403,-0.010153691695982545,0.09597911227999206,0.0351342011285622,0.04806774988242388,0.21037220843471127,0.17070784707148765,0.23034103803008832,0.25927818582128587,0.11907897712513925,0.0629327499225977,0.306705016815079,-0.1494944276156762,-0.09896508821498921,-0.04110855934492021,0.16734716483544462,0.14108181290683616,-0.19814419780278555,0.18172301664796028,0.2450676470029798,0.31591733884293705,0.06877371189895705,-0.017842579163524136,0.17734219682919927,0.031306954109289485,0.0052832877597207666,0.03575381410292127,0.03445762113564067,0.038886524424741026,0.0039260029514784625,0.07009438461195633,-0.05069688335547478,-0.09581352019925574,0.14296592846535813,-0.16645071529529723,0.0014008537310107616,0.13711338894781694,0.142488458764653,-0.22866161563386608,0.24423245055451623,-0.22669360298091842,-0.6029909138893363,-0.26272706949695795,-0.03277751778983983,0.11517307696678303,0.0824528971718115,0.0005525745719600359,0.20242277480372914,0.35142463113983013,0.0038495426692583806,-0.06584680568007364,0.2538442314873771,0.10190589003801302,0.005449101676852362,0.02150539839413015,-0.042492463557707374,0.0671619687308425,-0.0686835258698098,0.039274298879616906,-0.11747050305336723,-0.17134046409946052,-0.09776457972119315,-0.23587942337684706,0.4481221820352789,0.545690829496583,0.5452170253142687,0.3356321011930309,0.34035946944348855,-0.05056532239129106,-0.0847617615473587,0.028465455634371938,0.051815366406633395,0.06389587678839476,0.11373652998964535,0.07598754152186901,-0.2964949985389418,-0.29361935709981407,0.1571625057460593,-0.09921854474232959,0.02191257285856385,0.18004754187404323,0.1776884375984829,0.10103115547203267,-0.04348648543295373,-0.013290701403636189,-0.0652159658054033,-0.03198619944620687,-0.018212208097982976,-0.05941444456369893,-0.07917684728498489,0.008016776210267426,0.4063645410486099,0.6367156394839149,0.6648748912793404,0.8542171110562936,0.8941917531315086,0.4080611409320853,0.34115970915725985,0.11082129797829983,0.42752275742269685,0.15730703980978902,-0.2064381375654551,-0.042565032375092696,-0.3682698063681379,-0.23830981490396363,-0.09592215255234002,-0.09581636423207256,0.0691211517790912,0.22941708769900368,0.0874223007651837,-0.015185058506975288,0.0683337992006274,-0.04634600433711756,0.0018074929154165923,-0.09806159780308604,-0.060111530092821816,0.2974106440763286,-0.052309914616607715,0.120014767734213,0.11245282048359147,-0.21229653405254462,0.1759405554042729,0.5168753564909225,1.0087275459566243,0.8464030650325611,0.6028052160222297,0.33825464441423575,0.32990453791689,0.060336285093110856,-0.13614887990854085,0.28818004920739937,-0.17718485104530285,0.2149448647447024,-0.2718687357686951,-0.19801664424981646,0.0988294040002732,0.2598725815872897,0.08542487661408424,0.012626212848068837,-0.0007339655532752655,-0.03837693646115269,-0.046873116978668104,0.0849338239298817,-0.037421675026728746,-0.09384675292998688,-0.18472233140189845,-0.33405195494960327,-0.0395024618485406,-0.1838063463961824,0.06025832153792684,-0.1311554120057342,0.32752437353734554,0.6303371923361004,0.5120172706003804,0.1489908098462096,-0.3505459958857146,-0.11103638357758583,0.024374862510099075,-0.2280688512869747,-0.2737375323473258,0.19229446990434035,-0.1898294999847084,-0.24318844979177864,0.09313513563084568,0.11766795304764414,0.017180148313724053,-0.051337644061920214,0.05980956167271446,-0.10495070128409272,0.01740944217744309,0.04033234839906849,-0.12067591931265709,-0.2712576604166818,-0.4142501284566375,-0.31907796110592823,0.034988167471471085,-0.24639323545659644,0.18394475997170515,0.2838604639971726,-0.2538955300204084,-0.35131873460499896,0.10897588259121552,0.06097166434889103,0.05321187221002146,0.11194560128280531,-0.38346278514812704,0.01476796031101182,0.09243541321581503,-0.10265854539881401,-0.05568776931763093,-0.11429109819397994,-0.05405360743648618,0.12176949348467954,0.07065347640120655,0.03335054613873875,-0.04556522225640604,-0.001544860932778447,0.014348444059500785,0.06524395505256263,0.12117343641091168,-0.05011192490800684,-0.13984382440964277,-0.15621076105838175,-0.14736331820989979,-0.15479922832360013,-0.17178274203113836,0.030469413362994243,-0.11035157933635756,-0.07768402514183932,0.14345969177831375,-0.1736755399523893,0.04178009045876136,-0.39635489711714156,0.2031598896521648,0.1965057501527635,0.018820970763879466,0.011920442657427515,0.2737550860957292,-0.04979967503657471,0.015474226554328058,0.029271157400680044,0.008281664478930474,-0.10823087908792751,0.054453480406511205,0.0672007217619393,0.07065640550774531,-0.07648936068299918,-0.025267163905540565,-0.05947045465541964,-0.033961936402368456,0.067745546803877,-0.11270123790759376,-0.41290227126829726,-0.0843572249311224,0.25585426492341706,0.011534789360017604,-0.35756121120777246,0.21592297013871073,0.13861443183456293,0.03837905553492476,-0.25065529786397756,-0.2212772524422761,-0.09844652962852957,0.012772860321084548,0.021628012778819487,0.07491470125896797,-0.0834621517519029,0.04090783343989158,-0.0030502934566118134,-0.011631564682898011,0.009177591526532927,-0.027133928443667236,-0.030848020785488702,0.033176004501661374,0.10622673757487636,-0.06147207647148516,-0.2933585650421936,-0.2374631280297196,-0.26604873967566556,-0.19899202799530863,-0.3892204282482934,-0.16667278928568152,-0.2844462014860334,-0.21515231794132503,0.09663002897459412,-0.04732320048061162,-0.2698044127364735,-0.0929310719755671,0.3389775201480105,0.11636194108102578,0.08537151314805247,0.09693362798670492,0.15424613644134116,-0.02628770201945622,-0.20096749612254625,-0.2263835670636236,-0.058867637472552595,0.02957772940475878,-0.004663367051963755,0.0990055641110283,0.0019972209896192447,-0.019827118717345642,0.00039129303412970885,-0.02097185316891891,0.012893403371874569,-0.06143868251448365,-0.2015699388976081,-0.2339169787706367,-0.15818178085545778,-0.055738654832812394,-0.08967262080980272,-0.23498451539108048,0.11934130667926666,0.05890163220973003,-0.13259729702933531,0.4752513652720391,0.21504700804303029,0.40223655247097984,0.3954038344233047,0.12979508564977837,-0.08751591061091406,-0.09864930424576591,-0.20375643256588877,-0.1554015126277749,-0.057828258405381604,-0.03822247604775868,0.01029007002648168,-0.02727389906477117,0.02091202170370498,0.035469684813033184,0.0446633404423207,-0.07973026985969323,0.03554984995177697,0.025855031522943595,-0.08991336143439642,0.022091934764552856,-0.08853928403846713,0.03456666316106356,0.07218863852314848,0.018353250254205877,0.14321798751448786,0.25065280025174774,0.2636395858715878,0.22302021466402178,0.024620092150200827,0.07811633938770084,0.05730715221827998,-0.03440421882271549,-0.14331429561613224,-0.13322647000431206,-0.03345750568937811,0.010679170557549958,-0.02881004373317864,0.05753239084794283,-0.11992467286411626,-0.05752829515928968,-0.046148344920881906,0.04907411753378256,0.08096425559375602,-0.09063553528510605,0.017258751033283518,-0.011364538331490096,-0.018860115588756544,-0.03413737463183106,0.007462164371769728,-0.006098288758614772,-0.02252853482079484,0.0023525262400515183,0.12510423135061421,-0.03636604948239202,-0.0019231472979120128,0.012648364517121601,-0.03224981187376083,0.015400581985727817,0.050405834664711574,0.06959880615843099,-0.04902768987921686,0.061993843143629934,0.023193928877295576,-0.005148509707527153,0.06213242396642405,0.00024641230011678114,-0.021929647620244182,-0.02466417443772936,-0.055866026933502504
0.00018358455128708956,0.093697651659317,-0.018320946553440402,-0.056253227630914865,-0.03562571680849759,-0.06118408439835301,0.025308392282600217,-0.030897933710280857,-0.0508401625999141,0.06852887681541076,0.0071395251350472155,-0.020391395107465776,0.037658658438255194,-0.00973514304397499,-0.03439095130602562,-0.0053226943715153005,0.031006314628995564,-0.10498305505116202,-0.019916256603580835,-0.024367401993763447,-0.036185694252650766,-0.0036917789440223327,-0.061161201381469764,0.07060003211463778,0.08652825068337075,-0.10114690366054975,0.0703768760992414,-0.014217532395728202,-0.01836783007119141,0.04714406159163611,-0.025776767465087055,-0.07152466324573727,0.00013562737806890375,0.04690505541583687,-0.00879314154788621,-0.03418739328599507,0.03711884072008264,0.008676302136407854,0.02960417761130489,0.019880575631233965,0.04774506096513399,0.03349620931840306,0.005066601716158263,0.06136050464335091,-0.018284685455642397,0.04740617410106863,-0.06339111672433918,0.01787159427517607,-0.05978635064458725,0.04286096099167062,0.03601363720045783,0.025430041970718464,0.020371934754755055,-0.001641207994055649,-0.013631104699507797,-0.015525131970273411,-0.03803955330721029,0.10734258065807371,-0.028077969716463813,-0.05166724439863048,0.013242248077205986,0.06997447823409217,-0.016095346305139778,0.06668370507709447,0.07606760779870374,-0.017667709640053004,-0.03598165702574943,0.12926683608116368,-0.008559008274302086,-0.019446919822671556,0.032875329943535994,-0.0180624185674898,0.04401583175237587,0.059929695107183927,-0.008453493035274514,0.06980404324459513,0.005623692103563103,0.0037052772002653975,-0.03507718304649353,-0.03088215699688344,0.0031829394099808623,-0.009088563264614593,0.04770957776873914,-0.051412606975491444,-0.05363807086538602,0.01886401374458043,0.09541574932169188,0.09188358936189905,-0.007541690931958836,-0.0023990649504792047,0.01930127663202099,0.01966815562112249,0.11634527871766416,0.046766530441172335,-0.0007251621952505785,0.007346804240080296,0.06765576970652906,-0.0885092649035209,-0.08033053168205391,-0.04924107745575521,0.046584915235749466,0.01147416026129019,0.0032450329564204738,0.05264211055431026,0.03464662999619311,0.13330650408276062,0.004507688317426216,-0.06938878719885333,-0.029183114807234272,-0.09479042658614381,0.0060050719127456255,-0.07965357091243973,-0.07500678120774305,0.024758730941328754,0.014941838734451799,-0.00024132363266558083,-0.018563025106169088,-0.03126920266183784,-0.04814886999560157,0.0013409666941417338,0.03352354195666373,0.0355233010126181,-0.004423024468971831,0.059304268444812416,0.06891501523261674,-0.09663989007696895,-0.0380360693167849,-0.0056356796301758345,0.051264578283831116,0.12489838582454117,0.14449175753919577,0.02318432270350349,0.006139347943632415,0.03785212517372793,0.018479046031147906,-6.295771804312945e-05,0.012551374785891535,-0.039033077647994144,0.016512059423904206,0.05447095473419797,-0.03542647542527185,-0.0295132919182125,0.019583083603702638,0.012597008853408491,-0.06726668491238368,-0.0026841113672588955,-0.06453196676919604,-0.04065323883743231,0.009054218803243948,-0.016600136649779256,0.044546049713278434,0.00248649050015567,0.10736913963527367,0.03915770527069549,0.14213317227443928,0.1091700484243212,0.023366682485732083,0.03526732827850699,0.07715818442053189,0.152710278501287,0.05128168923838381,0.0661131097089665,0.019842895180665954,0.022501210617609454,0.055063020030069854,0.06359273815455944,0.02315955361201683,0.07551521871593872,-0.055442521703864274,0.030314366543334175,-0.010912104600719418,0.0051064879979355925,0.062274500306085126,0.016189168118331106,0.06541587778023317,0.10499399312377383,-0.02499102957061141,-0.03543549397172057,-0.003790236104161851,0.07353531944815526,0.0882902767525582,0.018242438227567444,0.06318244784119983,0.02765901927693628,-0.014191621149451647,0.028217959397836445,-0.060738338159138504,0.003935790987213642,0.050418124257946416,0.026302417367699053,0.03795646647419742,0.03131634018291515,0.04331469107061264,0.061275662918360965,-0.013940730715804381,-0.02708555425005107,0.008116137199039905,-0.03301909106895878,-0.060557166387030285,-0.0023281797764910833,0.00827498579324474,0.05241865464586107,0.025738620062847165,-0.034679568684373906,0.07719949552365704,0.07863024563458883,0.10074530539909454,-0.026906001521064028,0.06086771119502129,-0.07903208595234816,0.027429565697688292,-0.0448550298541228,0.037186495353299424,-0.02249399267278069,-0.08890162925864695,-0.0951526151774583,0.009936888101788891,-0.006577235180569267,0.08479164043446938,0.08168162892217717,0.12078364853799073,0.1326561174245026,0.02371179345940864,0.05493463339099329,0.029195249293916332,0.05542309392613372,0.10504337247286029,0.015767065449182254,-0.002410220462785513,0.018165106503039426,0.016275007768343272,0.03857132354222524,0.16390884572681985,0.04248085473806377,0.045537948955444135,-0.0013224016758229063,0.061204945919235865,0.014479088706264976,0.0051276146312642,-0.10188152053611609,-0.04493217974799477,0.04511114828858547,0.009819945858444742,0.016060273962428057,-0.002703780758028907,0.03202280611774684,0.0919449869966685,0.1606032496286157,0.03960430036607078,0.09848314509449387,0.01717064031098815,0.027158535932603037,0.07445096447616487,-0.07935852809704882,0.010872467765734212,0.008907830069226134,0.06878886266716985,0.014621588581000674,0.003145690648942436,0.08657828610306408,0.13612166999466108,0.2269607000461935,0.09648371992962025,0.04422727999151613,0.0384683790636882,-0.02011068170616173,0.04639546077738231,-0.134199050008772,-0.04400305745936403,0.0057648972271649905,0.06707742144584895,-0.021463293282045947,0.0002841632551462817,0.10965254810511812,0.16467353349208258,0.015304860896916387,0.0033731595302292096,-0.04253470688345002,0.017591615970354305,-0.043822506392098004,0.016072456185690077,-0.028850921844329774,0.03441165253940886,0.05164607879044514,0.04285831391872878,0.09063647148592054,0.0540335520540478,0.148302800358124,0.05990430043414175,0.11534769344087938,-0.02465840593696263,0.09429500918982114,-0.04856715262225108,0.04984679514982089,-0.08129855474063127,-0.0596371455521455,-0.05269721037608274,0.07845671221669906,0.029037492616924267,0.01549957664382228,0.07568687333312484,0.004563038791826918,-0.015018887840693306,0.08360251389565733,0.08742563125764402,0.05367128370267209,-0.051962997989374066,-0.0009626925700856295,-0.0565733572092175,-0.01480586785124543,-0.03262502444739044,0.1266807531765261,-0.02543356366870414,0.012458907432380437,-0.0060235149156603746,0.000487498084108421,-0.04251907546842879,-0.016617964463185052,0.05777228623203434,0.0924173999327893,0.01948697486599962,0.08216492506296688,-0.045394498418598564,0.07768168294067689,-0.06437668394443183,0.06672958475575051,0.1385335603898976,0.0327437701764451,0.013606324201102526,0.039667606025627335,0.10067205897511021,0.011033827239173167,0.09098743878809777,-0.00420631317440626,-0.02005361039386877,0.003917671810220571,0.010341816436777285,0.0950634282678745,-0.01210924518446257,-0.0011112626254290874,-0.06602054694913155,0.02356948967580821,0.032404556821302895,0.14064160300908288,-0.0674350252589881,-0.10491358393771244,0.025484228329988156,0.0400036114417476,0.08410424313662979,-0.042994694455611035,0.005352385781153346,-0.02547022705192959,0.10878493961577526,0.16534329078292248,0.11322756776899354,0.047220525739287506,0.02538317506845292,0.06953998250502169,0.06890458228391634,0.025473310896692733,0.09392564927085453,0.003761542855393344,-0.013299897235507365,-0.06579438281750653,-0.011583458529463369,-0.003399386593499564,0.05504063781410872,0.01741289640182734,0.04414838169268385,0.09756291558926795,0.06782678457412321,0.0416196290134366,0.036005701386513454,-0.006867969026603401,0.010677104352127357,0.03787404043080914,-0.02762686910348459,0.06343468945763713,0.268438732415995,0.1047156177252896,0.14626947151627212,0.032750931993567774,0.15647704155961412,0.051809167016557724,0.09499360801952815,0.057505908944726444,0.06869498560396993,-0.03417509817914077,-0.018097358244227767,-0.07992399199920334,0.04221525132394502,-0.04851163182980946,-0.017083689697322737,0.01759973012101587,0.029337444823547425,-0.034124304982417204,-0.050159199279948684,0.09261655413843205,-0.04798880898827917,0.06462935271493386,-0.028235736375929715,-0.009497549256150121,0.10005769972169458,0.09795860916994606,0.01833180742363787,0.11750308096247926,0.24330882082419186,0.0539821100258561,0.010987944107315153,0.11415372818517065,-0.03148887521597432,-0.02148962082333761,-0.018411044606742553,0.0013133335574273192,-0.06075564507420695,0.03356968999620878,0.0010718557678587042,0.0037114267886541505,0.007083499841715888,-0.002801037632559861,0.003189923063114453,0.025781693841754088,-0.012734295421149991,0.08834676693115394,-0.01656280876624633,0.057654369583653935,0.150470971489416,0.09998974610265843,0.0028493113101704915,0.040383533724901895,0.06025757642954635,-0.05478431800030227,-0.006242430395044789,0.17185975753033791,0.14116179249416672,0.019804278060660097,0.06022515627079811,0.053132254470372384,-0.005430879031365995,0.07513643921331455,-0.07325608362580484,-0.014647348563170692,-0.11995386071049696,0.0304368059960879,-0.07848705345440433,-0.026459090078321226,-0.06031765723308892,0.041597566430021396,-0.01226566356445417,-0.05744189837533774,0.07896995143938676,0.007623335684930687,-0.027020226989917837,0.028645627654602716,0.04364456376243737,0.0563230202172705,-0.01723741338180212,-0.029635551110497125,-0.006361734348702129,-0.038358784461935226,0.05570383149997442,0.15411323066828597,0.20404264254139076,0.10359209051041104,0.1933233076539471,-0.07929722069827233,-0.02409335563940193,-0.06475964231396429,-0.0014866982934687279,0.0031946870359027633,-0.03063128408766575,-0.05105349764706555,-0.015525787751160697,0.060497375290713064,-0.008462822153761863,-0.010193050690077268,0.03547195309974247,-0.047812424741570915,0.070629840610076,0.0032288537830055305,-0.030618457873765128,0.0386186306116064,0.08876200619445489,0.0010262447667418542,0.018389589441633717,0.05988801992964583,0.10718903138005412,0.12430728628410948,0.020512919764146695,0.13999598782957953,0.09762697229786634,0.08204934404715611,-0.02856186262073308,-0.0513675045748919,-0.07292379364309924,-0.07671624198142694,-0.048061709470661414,0.04746020791606313,-0.008401567960447127,0.07071350450582531,0.07498381786107407,-0.09804022309725219,-0.009038868127956089,-0.022328688323555293,0.007470966693660248,0.0008336566300661696,-0.027616440357778403,-0.06115375686489726,-0.03423594410324117,-0.10745443961647298,0.029325963226866005,0.01929225753840057,0.0009691406586819413,0.07436135421646192,0.05142640221042352,0.06379104279835572,0.01358633458481528,0.20141045238611102,0.0425285744699823,-0.13489567025666532,-0.03860721521141558,-0.04619956601876799,0.014982908783913859,-0.13742345199519834,-0.010328071530938425,-0.06129799530528952,0.05920964568332362,0.07012837066809617,0.021105168963116084,-0.080910055183836,0.010043950311673006,0.02618470374190538,0.00018649843390377316,0.028828451927478623,0.019003591335666745,0.06539290436996162,-0.01165226477515684,-0.04211384471695017,0.03077999150792449,0.005541051812747091,0.02859844846052211,0.0020110222872445757,0.12012347237652324,0.04397833794833761,-0.006856203882248149,0.018684917928715915,-0.04500097302116473,0.02457340895014748,0.031812618098739365,-0.03225817907923664,0.06354887137246457,-0.039932891515803676,-0.04571181270903822,0.018568729832199773,0.13395479917989403,0.00754572835288972,-0.0009793454941487843,-0.021453022448465066,0.027323905307612875,0.03629976401567107,-0.05816087134891867,-0.002535337158608389,0.04973784934393959,0.05431590923968928,-0.06752849486141174,-0.012255531463265074,-0.0440825741688982,0.06157911075359843,0.11338320465681193,0.11967887134195632,-0.0013619568114791613,-0.042577126377477396,0.011148327123925147,0.04150078577522959,0.08577075110121217,-0.03149842745378258,-0.05227921058101356,0.1283082899388613,-0.052048402084022866,-0.005744223551150083,0.003999551583509569,0.03261182213141481,0.039305489831849116,0.010185200298330848,-0.0370832908175625,0.08310412705852038,0.007452159972131263,0.05235961361271871,-0.0829419547682827,0.03801518233175913,0.022504733554473237,0.02140830613703721,0.07647897061971662,0.07788504665983766,0.2199702862724601,0.022664783030653942,-0.032167604325938785,0.14070649820109837,0.05128096931072655,-0.0487498254698525,0.13806940840870904,0.0803799954747714,0.030220640767632846,0.014963589689015224,0.17392724324843992,0.013934264470994086,0.11232077533283435,-0.03550760695053303,0.11819407398556105,0.002973874367867748,0.02490924492192228,-0.05057163408821553,-0.005671893688299482,-0.03707108263397071,-0.08935539057715941,-0.05547992741324106,-0.012036268996034534,-0.017202903145938617,-0.028866504024926885,-0.005997682835864385,-0.028099037459295595,-0.0260706137797649,0.024497364481074462,0.060937161879621886,0.003771181861869905,0.15422641904728512,0.03660002004983308,-0.005568447253142263,0.00990693968868895,0.013634427087531301,0.006223945438123671,0.07517673235974685,-0.025715623340368043,0.00018310703216315816,-0.020098299945361782,0.0689168915982996,0.004512576918379846,0.04600862729887124,-0.024465342193992986,0.05292681326896377,-0.008752088569168651,0.07195023001919289,-0.06111569655397499,-0.009178419498414242,-0.03513877612830944,-0.02940191977265692,0.06935313781029863,0.005175661414906165,0.01771963906424199,0.013417182005634304,-0.03431451810164766,0.04184969329618753,0.06621079785247985,0.034284107128042536,0.0434025165343279,-0.09847665713065751,0.09768670142765115,0.09142204912056182,0.10012584936588839,0.14390037422436805,0.05742689315147833,0.11578997041904271,0.01294519346006201,0.03388479157862931,0.043051676929742905,-0.028029032110031486,-0.01243674184782846,-0.008866131602383745,0.05110405400421871,-0.036015416998815906,0.03194616245106841,-0.053717060016139184,0.0006508954692396063,-0.0024788522761042004,-0.043088796969210176,0.02203613654816349,-0.002175353437844821,-0.04188299453096168,0.01177813942245099,-0.010147222849229658,-0.07575084386110953,-0.06978178065100762,-0.02487080232261617,-0.0376253573436582,0.11963158597301858,0.02966211921341434,-0.04539941326971066,-0.005494519952820245,0.11242908678550269,0.052565099869860264,0.048248768823758836,0.06571550037280986,0.04855788865608694,0.008827306304157663,-0.10136082748500748,-0.09207840062570585,0.0056391955383836125,-0.06053778456103051,0.0606959435607009,-0.038181653027122495,0.016088018692782886,0.08278744452638959,-0.03995088752183815,0.014459120647745372,0.03391227346074153,-0.10751860684089713,0.04379853937958047,-0.07281064032672623,0.05072861065976078,0.014634093898037083,0.08943203655059725,0.0621461905354624,-0.042365183198127626,0.0251766927069119,0.06759091902039945,0.04283641148484577,-0.0003640392911528699,-0.005738089163021146,-0.022575715444848928,-0.017607897394316955,0.024673313431173648,-0.056210761635332326,-0.040066186508518654,0.03700368620771307,0.04830455152696687,-0.00858375556119989,0.029656832526491705,0.026188305472365187,-0.04335678880310261,0.009739682089641172,-0.05738353612522787,0.08816221683828943,-0.044260645948651006,-0.049727396411707085,-0.01842486439099625,-0.045506966360540836,0.05347006732881486,0.0373321903446548,0.004328445760246306,-0.0045330076327487895,0.018243017802665053,0.07967672368705303,-0.014308102831257438,0.03893130881315595,0.01022593151184067,-0.018981633925688135,-0.016760717142321923,0.02886349135213344,0.026988482433508428,0.03003999905481852,-0.0872957985430978,-0.037339354642467154,-0.08064028939593354,0.031603439308709326,0.03449192836509176,-0.09486124621442463,-0.08995502284478657,0.0009839956314397086,-0.038880608247880505,-0.014467239517791445,0.035194573571310464,0.09877738135737701,0.031165351731477938,-0.008917287420958332,0.03479397984945014,0.02018889360861838,-0.0051170942597206556,0.03950167455913911,0.046006595722226144,0.024898746844505864,-0.020719123506333037,0.022371377077090176,-0.05095730371532752,0.01467827636307327,-0.0309060113392554,0.011513802589902977,0.05055577825619011,-0.0726109859720407,0.019325021501254622,-0.06387289113433771,-0.0004735144496391573,-0.05763227139626395,-0.011574768260648984,0.019822204193284225
0.02136620201443819,0.06220608355553529,-0.033694414564512894,0.009965478234259249,0.028988944469640215,0.02847943027319972,-0.07656170438214331,0.04844621441495632,0.05910469578211001,0.028142908233145858,-0.028473170027242013,0.0472560249376891,0.05739187217592251,-0.018632415765497363,-0.047734921048630086,-0.04013968985039029,-0.02535380935009507,-0.10780926770331,0.15046327180610394,-0.05582067896463641,0.017607309393867173,0.005809918942277567,0.06478308543204546,0.0023316440962133714,-0.05410364387994456,-0.10231457589761461,0.037258387595961284,-0.023442816349706918,-0.014325751564159332,-0.05689578645296889,0.03924457314615281,0.08750532359334022,-0.003878566490349881,-0.08673576759532789,-0.028370688188210855,-0.016791972321309818,0.003543962146280011,-0.03611086501577134,0.014820869364171511,0.01967913831315806,-0.10401984803054412,0.02436139320343621,-0.0005700306108240847,-0.0023572852441323612,0.0021757488795182316,-0.006530219517270745,0.019489196031471093,0.04883181335406538,-0.1143971839783749,0.02874972709674728,-0.006146327847756203,-0.11741220491960201,0.005688544096342004,0.06306713339012797,0.02515279467912544,0.0003442507624787163,-0.016300757463404234,0.007181383979559333,0.08126123088801339,-0.04822585882268433,-0.008259931635955139,-0.024695251062597227,-0.06934157222269274,-0.01321458179103784,-0.033107746772071074,-0.014676079634499115,0.07941384996745839,-0.08620888860109632,-0.01664249987257187,-0.1139954368635811,-0.1349020311401611,-0.11488541449886368,-0.061977092313826074,-0.12941522184049795,-0.10660172635626207,-0.05540773983556833,-0.04817727367737209,-0.04438871225068917,0.029758564041237962,-0.0015963208680724985,0.05590679021568073,-0.03637502149035328,0.0958883283309138,0.007410085050521675,0.0234571346318585,0.015136200036045763,0.07527688643528355,-0.09125460022203166,0.006176050057795957,0.0045145928313865226,-0.018630156985558134,0.012190530885221458,0.0015281215041641843,-0.20657916445859195,-0.138802872832739,-0.1876471697474585,0.015923153104491976,-0.1439526882542277,-0.16554629372256408,0.09462223899240893,0.08849802048912332,0.16693644251418452,0.26040143909489116,-0.1076310159146904,0.09979551092809412,-0.05909254668621141,-0.14712505203111093,-0.030547428879511816,0.07997108078942099,-0.006603856817520864,0.012540217502840456,0.04018741849242301,0.016789437869462256,0.05276831540844255,0.019001547851091018,0.02270222653637942,-0.051155014244813515,0.004306563758090095,-0.050337461456877154,0.035224497198216784,0.042309055851930386,-0.07109048067729629,0.07001824607791975,-0.009308604716264707,-0.1388174041503958,-0.2223752958606165,-0.17343795006408705,0.14961022978548402,-0.07186941511818035,0.029931317553718993,0.17973465425415538,-0.02927543114378502,0.05075981323881567,0.15235321135358712,-0.20269385301409104,-0.03283079362603225,0.006592625885682894,-0.021213003134826432,0.12081778811613256,-0.007687944898931928,0.010125640913241132,0.04197879861617035,-0.015457517124683785,-0.04240195473955139,-0.015521203244259051,0.032916764575089366,-0.04529416959138843,0.16198927529502583,0.022108392085497273,0.07604197023069142,-0.06064277313105307,-0.06851161028358263,-0.04171719194960825,0.0019165058349411557,-0.03464666594908648,0.02688236473838224,-0.11725112067735781,-0.08181559043801664,-0.018065528563601337,0.0032454406797434014,0.051633511432729685,-0.06865231124166696,-0.26147811442152263,-0.061934731233246026,0.006739787642890412,-0.045167300120486656,0.010867125780935436,-0.1159549142817843,-0.09403081532866107,0.03357598092176604,0.03034786292546577,-0.0727027213227725,-0.04066992325868251,0.008709319498673762,-0.02983382464254885,-0.13417410726033202,-0.137329702447196,0.09454894638220343,0.03093835896174667,-0.08166008972159366,0.09450050955501002,0.1332751290697794,-0.2676070904397104,0.057929982479900416,0.042521654570608504,-0.0778268078942737,0.09693339628148918,-0.057420583571881435,-0.046747534722288465,-0.24160921767731847,-0.07571655780038002,0.020179306339608998,-0.006192508288652539,-3.386928733641334e-05,0.023532585916187534,0.07714940833405606,-0.01905153900069582,0.048258971527232394,-0.1033945853230626,0.018734684310600776,-0.053310964565070895,-0.15363401812537625,-0.2719512611206507,-0.15302400651954937,-0.13753806652548461,0.040382070993551344,0.030621624910956734,-0.04527009341434761,0.06850449097576639,-0.08667340514795316,0.29219724491806315,0.009869793653108491,0.1482717931393437,-0.17629932853565117,-0.11049599430408212,-0.02003662114452114,0.03417558108535708,-0.07829409999183966,-0.09420857435180083,-0.21328196263331922,-0.10960327588219543,-0.013308151288921797,-0.016818253174408136,-0.03146075234894954,0.029420755321094404,0.03648739529752632,0.07173454156361447,-0.036731888490653,0.010442893158843022,-0.18073530658446685,-0.15899235664702835,-0.16831011941175153,-0.07861946834680213,0.1928400468319596,0.11882888190006893,0.001877232017146701,-0.16264749324227648,-0.10834772559692446,-0.033652748994612736,-0.04894317592693713,0.07240014403297357,-0.2437072978467765,-0.12028704149256701,0.03649369571502501,-0.039599866106989505,0.024584201638485754,-0.052673129860638684,-0.08603934205961866,-0.036621023951378714,-0.12087212703837506,0.030626458576232113,0.00958297465002909,-0.003349872028553618,-0.0768602878359064,0.003407341269247426,0.0005869905127636942,-0.1223136337220761,-0.12834651058954696,-0.10679812404849341,-0.08662802627665027,-0.24946244947957738,-0.04620198452334979,0.1121508108762009,-0.01251147896547891,0.06670491078880864,0.03704975228414778,0.08033041456561335,-0.19214103895203435,0.12196575781504722,-0.28162720837851757,-0.08130822729421132,-0.08022466502266319,-0.057959754103792,-0.054110493835403436,-0.06205155216357133,-0.17247754825787795,0.01384882078569469,0.06672860950333404,-0.05938765183845104,0.01400129176416201,-0.012450769153260717,-0.04480227979007155,0.02970120995805908,-0.005307335795639204,-0.014453807345202699,-0.009047166443880216,-0.008910924548568278,-0.1835307838453798,-0.14577452266724464,-0.15329234124645993,-0.15579001972319326,0.23186333014946883,0.005793372807974567,0.15437894733837088,0.19106261504528993,-0.015355440167859368,0.06128478326072707,-0.13161235940503838,0.008812755484845888,-0.048966993056103914,-0.1050520438198646,-0.09584429995078506,-0.09705463624887804,-0.07072589468727723,0.0210534281254627,-0.019201683193454944,-0.12460073982396189,-0.04677107251316725,0.12237350722154919,0.03155219634517623,0.08987723086369141,-0.03341701217396744,-0.058105233780396524,0.018992652132653005,-0.15391995276812323,-0.1068239201909321,-0.1546436590927925,-0.08308329666792226,-0.12261478272906808,0.12622129523220182,0.11705336449882275,-0.06600946701934222,0.031152806004743388,-0.1612930365074294,-0.19930084517323396,0.0028031545544367764,-0.029839255408789126,0.056963085102726844,-0.006065691719090053,-0.09651109797151233,-0.0408167105071649,-0.0009737001844613763,0.025026500983979082,-0.01621563155386852,-0.06880704713967994,0.03491760744527798,0.06529711479907442,-0.06561254875914381,0.062308293573992576,-0.01774979762082471,-0.0411611748505188,0.017368309276950537,-0.017201494241418872,0.1562907046679179,0.046819973014839276,0.030074112336470293,-0.0632091003530429,0.1498805620628428,-0.11479230638927757,0.005719603493251828,-0.02604997541653371,0.004054373512611574,0.012245922636036159,-0.15365872407997686,-0.09063174164284268,-0.04923334789813527,-0.007235827459027293,-0.08802862507562123,-0.015911989170470313,-0.07589149823871846,-0.09954352212650946,-0.04483306661944089,-0.06007116286975876,-0.01924222272350727,0.025755947197465177,-0.0484231548460856,-0.019773621406943786,0.11117310403420035,-0.05399692626858524,-0.012578913165162894,-0.008332470514568749,-0.04427827659758292,-0.04355330381199934,0.03128901366571262,-0.013663324419287418,-0.23464461650671542,-0.23191916222604503,0.011119973727196478,0.0006367906210175067,0.03270968384843439,0.032231499804434245,-0.24736120360956523,-0.2932996517592275,-0.006604003323476737,-0.06780051364638558,-0.12017035273177473,-0.07773109192633233,0.03089699205331806,-0.09152729023702293,0.07067165936079857,0.03770720496423953,0.06641367193366174,0.007508966916975084,-0.034318417454279486,-0.00507086937433072,0.05975090889373168,0.09656351477235299,0.041703276808723516,-0.0980636518149462,-0.16043936108353846,-0.019529632977813068,0.16033470763339017,0.1577274418644352,-0.5147205037640916,-0.3718836166102883,0.06787970074851812,0.14101493659101033,0.023020205629508954,-0.07669446481709517,-0.0023199788445614003,-0.25664886096969175,-0.07596673159968524,-0.030198751512372966,-0.1079127283906251,-0.0482869378882732,0.024600585079848795,-0.09390258339460171,0.09483212965214691,-0.03905576869585888,-0.0515588857554888,0.040401747386692076,-0.060033930480907695,0.1530570071183625,0.01759208343606926,0.029621187096441706,0.018722931183101,-0.08601031838925244,-0.012497830420571928,0.06985196085140545,0.23290740504214413,-0.12201215965700837,-0.29007279582273104,-0.27548113167638,0.016064436392231967,0.161730573897133,-0.1339730728927075,0.018330333452612108,-0.07223441410540228,-0.10606087530373888,-0.19178138925820515,-0.118881086454585,-0.08217681787996414,0.01073781473749229,-0.07165324195155288,-0.023017979258555605,-0.015383002966728704,-0.10975361019200762,0.037133669886526256,-0.048233051897749984,0.097119761964769,-0.01951022406232576,-0.10942042472582719,-0.009470325490173008,-0.04554581584812886,-0.1466929505326186,-0.110120908667381,0.0060203321659900505,-0.08991024326317475,-0.15409952574661534,-0.2753547596909064,-0.2279226047082699,-0.1976507351425904,0.1770106847074933,-0.059595203941724455,-0.09301225969188423,-0.14042153369615734,-0.13513298482183453,-0.13473690686393927,-0.1594977864581854,-0.16446082594059278,-0.11111613391407836,-0.037848005839483154,0.0013580437278045616,-0.010936310528334247,-0.0425559039247566,0.02208970467825446,-0.05579426999639767,-0.07800104511059167,0.06662985451482316,-0.05737207530739972,-0.019485936524709178,0.009046654250059752,-0.06791977051963975,-0.09791488955659539,-0.122058111314597,-0.266184198847001,-0.12160584118839066,-0.346202874264137,-0.3484971627857635,-0.014170007500413142,0.25841865448689594,-0.040874043804465444,-0.10218586606151012,-0.2897208907242053,-0.10566303620369456,-0.032977983758343585,-0.10715426018262743,-0.14972225740965112,-0.13142442080950467,-0.048075186732076836,0.022244318500376354,-0.08645246566918373,0.028909281321370134,-0.050408664265979744,-0.03239161760431577,-0.05769377152842503,0.052503870471638306,0.05955603243619853,-0.00965635593993245,-0.23433409710786599,-0.19647240901343477,-0.23184790761265825,-0.20745326552938753,-0.28463665008320505,-0.30171295655295644,-0.4246317053051847,-0.3802282802536631,-0.14133331481892977,0.006110789544605203,0.24563581322455022,0.03829914896200859,-0.13833762488296886,0.11363427579999438,-0.04374896715505112,0.033243554600920724,-0.07003200460358691,-0.06400613804120193,-0.04809715465527436,-0.030580252138642773,-0.05358688432933875,-0.054738685372405615,-0.0180768556985285,-0.012876345637408755,0.0154957731678994,0.07148186393971967,-0.03340421766236626,-0.06339645913883424,-0.12929506601972346,-0.20715019451682393,-0.18017756739676621,-0.20436169132840348,-0.15983473049622612,-0.18303880237209486,-0.24097324479564453,-0.08698441887379132,0.06858031721539073,-0.13821245946088964,0.24600328133157356,0.25486549483260607,0.08915539530208871,0.01520036320961219,0.13390912097992425,0.17953974437877207,0.07399469521998017,-0.09463066374586038,-0.005906227270438741,0.0565215560791343,-0.07556259799912875,0.07516991678997385,0.032908217617137206,0.07565141229285388,0.02877838550374253,0.01756031899313404,0.002246711670422273,-0.1129651323174872,-0.192137877306071,-0.10404869800434434,-0.0780019283115593,-0.029972722895441756,0.018473683873388807,0.07430600914278497,0.30312161512819574,0.23124537237483692,-0.06654894172805963,-0.15927308367121884,0.16150035637502078,0.24571946850884485,0.1293479188922725,0.25868541499381426,0.10015924872363285,0.1280076704512501,-0.02482639946846835,-0.12564274696921887,-0.04619204940957493,0.10293930695249531,0.022908632468366618,0.028258685226487185,0.012356853939924025,-0.03727914530720028,0.0257284902843655,0.018801366948608494,0.1767152433579222,0.24017215110283757,-0.024423239329695257,0.17981425833899578,0.2604315589874786,-0.009568380620888956,-0.16637691621956271,0.13711854852528424,-0.1518045698680559,-0.2311119371153903,-0.005956866219242462,-0.07734819707574613,0.23482715797907577,0.08399461568628486,0.252948133025349,0.2655645870998008,0.14453783980849583,-0.012421224858993269,-0.22205528477483946,-0.19176066347469078,-0.082289140552345,0.10627466343093471,0.027653983094108023,-0.013508766871246147,0.05907907409150352,0.08727004182665861,0.04437428760850949,0.03492368268616384,0.06929375292343502,0.21652879956952234,0.07254112464270052,0.2772170957735125,0.23491012553913032,-0.07866039461525556,-0.02709788786922378,-0.2123043193421019,-0.051938262819931066,0.049021577557545076,-0.29571136393121794,-0.025896356631400726,-0.15516427217007323,-0.22635865976221267,0.057415169623318704,0.06458110377878233,-0.03756121531661158,-0.055245705954101984,-0.06606194571749992,-0.16803440983834037,-0.14131925695246714,0.08160415291482055,0.06581822961837969,0.0499435432770874,0.06593736903194741,0.18460963210588896,-0.02449164954769549,-0.003119129915249103,-0.02327235250822155,0.03512028392443931,0.0626114073615379,-0.007591342453947398,-0.09265639222735518,-0.21610857350042545,-0.1945784092677926,-0.40222460266320537,-0.32511162701085605,-0.2193603491037059,-0.12358585571138907,-0.32155923400394054,0.07965349603368276,-0.1474073545818314,-0.0072555635791610555,-0.02958647632792805,0.11424451873302634,-0.07851150803493114,-0.09623483972334494,-0.21169779598005614,-0.1874287579456069,0.015341022125665642,-0.05474823740858778,0.06157678619747701,-0.02760668742331072,-0.0922403539556739,-0.05654036151773304,-0.06605696323783052,-0.0094598162617474,0.08091211036795362,-0.011286869310199274,0.0661492276193209,0.004934492150266791,-0.029433396648816567,-0.017204582811080702,-0.017276126379810196,-0.03759350505134882,-0.16970248193860937,-0.3115103778409998,-0.015994201563090865,0.026679321041099057,-0.31823399772090416,-0.29288603756185383,-0.18135068887190667,-0.15162115727795344,-0.11660402079537702,-0.19704238972209626,-0.15766819589283607,-0.07306008888978396,-0.11856850966016885,0.03245731092321245,0.021552182077093644,0.045425156435115244,0.057812409843191165,0.023706318053581015,-0.008317891402302706,0.04799253745066057,-0.05421283048199042,0.019268966835745072,-0.044936835380823,0.008191475020528555,0.006058101437671113,-0.056681873732960075,-0.04945183926119326,-0.06022190455689691,-0.06885599415648602,-0.14200477164484487,-0.03157092205570503,0.030297574534316828,-0.3209318631207854,-0.1905366105934304,-0.17787767140962607,0.005513406802422043,0.014541038074857423,0.01760713156255889,-0.06613418829744937,-0.029790229142373267,0.02537997782953866,-0.07868476533689323,-0.01934199116390165,-0.002344728916405522,-0.04146695515345953,0.054881302239283655,0.07688675225307325,-0.11528968634742812,0.1193943485406997,-0.0065183819446647095,-0.0014011640759639325,-0.07114507645309459,-0.03428248439591937,-0.017397284121778742,-0.019087196762470598,-0.00471394626500878,-0.09370668911414846,-0.013267593715644035,-0.05300964877834525,-0.06919337592822362,-0.15557967135001596,-0.09232874871537383,-0.022885419721667747,0.013364953617643493,-0.007872557084530395,0.0344344351259273,-0.06462084488686132,-0.04750796699999833,0.04674596641812384,-0.009257394205594854,0.03612403171121544,-0.010186663948870755,-0.002568264432443195,0.025938253272102484,0.05603541522762342,-0.00241351644078657,0.04820553224949596,0.012107134810052253,0.08058390158522692,-0.023321929409427563,0.05886546142877396,-0.03770364766510499,0.02012159849713314,-0.09481092251528227,0.06419647534303385,0.062145963784285774,-0.032253698151409674,-0.08483273893618133,0.06232523514064292,-0.07754631275153885,0.0036088787544991023,0.08129458453281893,0.06819497592912256,-0.026964811966323617,0.06769065848786736,0.032802394822478764,0.06753542732334833,0.012173537251493203,-0.02038498864164882,-0.043060539366970955
0.10088157816444579,0.09377974296739491,0.04839244438639625,-0.031387277780233064,0.050755331791508845,0.0027773837045881123,-0.005222588883997469,0.04341280775729587,-0.03915473885196964,-0.04881013769372516,0.010282545676597185,-0.008110310878906186,-0.01915461305516684,0.0607401722669364,-0.02958491804109903,0.0427215896678155,-0.05004551636220144,0.017454899350704225,0.030715476066683473,0.045544883824562156,-0.000861794714483348,-0.08927817102142752,0.0481732203097549,0.009301965829232223,-0.002615622956170942,-0.050012033187163615,-0.015543284137023708,0.03368083610143067,0.012797817260575448,0.00027128152279120725,0.011938057853769552,0.012799245853149434,-0.06717722639674482,-0.019736472345725325,0.037292574868626124,-0.028025128328974868,0.10304785543766357,-0.009389171112371461,-0.03294656542343083,0.07240320626110001,0.015747362038522023,-0.025601359985361928,0.05630080489872924,0.06709928162883919,-0.062341581934700574,0.0030797987599672965,-0.005838228808562505,-0.007464487158169226,0.06686302722533191,-0.009041043368489704,-0.03328297132167236,-0.02476690087087481,-0.023077355079330116,-0.030997255184552035,0.01358762361998674,0.012873791773450001,-0.009166386877682953,0.03555637000089671,0.01224087207873311,0.009641092776235975,-0.04108644458114011,-0.027071985806528427,0.031294865549964475,0.08034026309659888,0.03912641415545746,-0.03552044507087781,0.050711879121822005,-0.03181796457594101,-0.003530144618078119,0.0955600938362349,-0.05078019347482042,0.03711003702137407,-0.1736343155367476,-0.016034576302174627,0.13721517114343285,-0.1531869809094924,-0.061150971316668926,-0.06929080822968647,-0.007459039598374413,-0.07721750894911293,0.02604754609898859,-0.014918953635446767,0.05488530234434009,0.032547837134556945,-0.08174861304109682,0.057431347582917826,-0.0637491446635167,-0.03904076830932395,0.05339083256385447,0.008156012860139011,-0.05181862608839971,-0.00382441815722644,0.0838709544411896,-0.03242685556835747,0.009725271451146664,-0.0552203336122605,-0.12710831479180518,-0.1296559797934129,-0.23454291642631445,0.10896688579080457,-0.03951053343271499,0.04861885592685828,0.2572566112165225,-0.0901002242222288,-0.20018041110672072,-0.19532168408139935,-0.05105154122422265,-0.1300278663940443,-0.022983604015328448,-0.01891367705752047,-0.02964448328305694,-0.10164984604832576,0.014396738257757563,-0.023403266711508844,0.019848231149899594,-0.0997092076058167,-0.0812080104955261,-0.05659102986882708,-0.054435140984503014,0.0652507024763566,-0.03137454920306687,0.021799729510996305,-0.07035581647096086,-0.23947683056283411,-0.4127973838466796,-0.20770630435141182,-0.1296366203657521,-0.226315680262752,0.3628695047443537,0.1119818180632494,-0.22142594753569694,0.2809897215760582,-0.2827583566716767,0.08143893342203834,-0.014698648980714954,0.07332629915650504,0.14939082744550744,0.021753786120895492,-0.03988056031791595,0.054995800663534995,0.059975149090291315,-0.004990501763901857,0.1020459278508046,-0.029143073447681626,-0.07884253099259914,-0.05797202901492808,-0.18046741491737603,-0.2807501676159893,-0.5012150017698913,-0.06281031722160624,-0.08819531530009193,-0.039620078185748524,0.11218211515676267,0.09365999499528746,0.2133142855840374,-0.0729389947503911,-0.15776405372687907,0.26233858076419,0.008596887976049456,0.1399428706977242,-0.3674755396287878,-0.04960779300559219,-0.0620289983023634,-0.2260656753593241,-0.01134782155132843,0.04338030249763676,-0.021018012457382555,-0.023922384121245505,0.01611675403324443,0.08708534145425459,-0.01967524957573365,-0.050717176720207036,0.05837305746699245,-0.15670295456081007,-0.20209752709927617,-0.4448203771370228,-0.1588410332629699,-0.05003434372231513,0.014842149654007005,0.09324022081311877,-0.39559857605729976,0.0053673416880328124,0.290637502841459,-0.4806998122676702,0.015266565353591742,0.32574843186872593,-0.14933608654779829,0.49459014860196565,-0.0300397307702985,0.08067158369598036,0.06787038526405946,0.04879198558289069,-0.29245410352228485,-0.05826697642431424,-0.012998192376505189,0.17325896669028049,0.0008674507397868907,0.052724547041636476,-0.041537593246172726,0.0636335213845887,-0.019345456909187472,-0.03882171461011482,-0.22167455916687892,-0.013643189149585653,0.10099966728142933,-0.056111163869385555,-0.19654587579801525,-0.008538852233689397,-0.38280796877742035,-0.5920580314737144,-0.21136249127798032,0.19508939343870407,-0.14378924798267131,-0.0448400071048417,-0.18596901349307077,0.09561455191793293,0.06379492563764237,0.20442780287559933,-0.17684629737017196,0.20115012014144226,-0.5357582964985258,-0.19520920188585797,0.08663406778978605,-0.021766136838304178,0.004529694436266663,-0.017318423657982442,0.07090597968919075,-0.03628021371022518,-0.34641361613098204,-0.09666886259765141,0.047886672069420294,0.21724282267622486,-0.028052533117231906,0.18777146743972925,-0.06161021585438165,0.34391962581725616,0.527285227657485,-0.3722961743726847,-0.30201504435200816,-0.3529960330883069,-0.02093474459037314,-0.31131151932804024,0.28981686807478624,-0.07065565990367742,0.12742827060188908,-0.10445484342168501,-0.42467843686167794,0.10806685121890726,0.17502122724872063,-0.5259202959180591,-0.08221677940428802,0.024260781159675886,0.007776125525937582,-0.010240974650684463,-0.025216373239647823,-0.015281460894577848,-0.20716072875634803,-0.3265426712818898,0.14367741985484234,0.06924642815245664,-0.07467888888873803,0.38485507723463924,-0.10676608777781495,-0.0932786984290469,0.259925566962658,-0.12259706556924291,-0.1753293492358029,-0.4575901506233291,-0.24161915406254414,0.2129761617374592,-0.16152240533954088,0.2459464004200157,-0.06428154493171549,0.0940199653175547,0.13404914349993663,0.2844401564519494,0.12369107202397185,-0.3167774136720139,0.042417689364779465,0.031180394349954482,-0.04261016623231804,0.05596003860275089,0.021490888120455087,0.022042717288936645,-0.06925553277275777,-0.39890145796158993,0.0742463055142492,-0.07668933711897785,0.04760705423779192,0.47542882212317156,0.0818230891437881,0.0659456851246529,0.13845762150467333,-0.08295641536982104,-0.2917518891828994,0.3097606839024644,0.28880098187371667,-0.02543782637854846,-0.14383217724035335,0.08980993616197061,0.18278958157390904,0.8167718084059834,0.5097041084505375,0.191628102132262,-0.00949193438915868,0.09702195754734431,-0.0152379869532796,-0.02254862696183684,-0.0004458268027443472,-0.01166130525479998,-0.05900343354160223,-0.04872811182298963,-0.27956078695592995,-0.30845916384990113,0.22789868747317427,0.2976711406843482,-0.19363139788051167,-0.021192577723816625,0.19834114359600985,-0.007773065774116,0.1621931315737591,0.27178464756348936,0.3547435052971258,0.0978140675869963,0.2235056037414624,-0.42653679524466015,0.08994121235867093,-0.19361277119624445,0.2956920318588494,-0.06817708501695399,0.31184432445430993,0.20695350753376984,0.43355292643494764,0.18625593010296837,-0.10991444282410094,0.08333944783483706,0.08363847710841232,-0.043543075781627465,0.04837248249006627,0.07975929838554167,0.0014244601809724681,0.10291603350998818,0.4080350447343808,0.48366147600469456,0.07498148957752841,0.08575617120391194,-0.12357030669346332,-0.25042633893867766,-0.06187170766402438,0.042961689756955634,0.17706062677307616,0.5280411581901808,-0.16305216255965826,-0.12943936641506162,0.08234704266338891,0.33248542610132975,0.09400693665051461,0.022983035803842478,0.4609983381271777,0.2804587991915658,0.21170342172354306,0.20996186114794613,0.08423784865694083,-0.02478983763242988,-0.031557906805217396,-0.04709857831499178,-0.008139740294898584,-0.011451216547501497,-0.19473157598092994,-0.23348087172124285,-0.09769109547116142,-0.023557857764593536,0.21437982399614586,0.010916616031246263,0.32561853158549564,-0.01972090263286885,-0.1459205980188318,0.25629050006389087,0.28847471764827576,0.4436545554947582,0.3974499499436776,-0.32678640852684077,0.046934849492731,0.14254030358416472,-0.1058906143273977,0.07093951640359264,0.4517410139349989,0.09183431345761112,0.19541156212362887,0.04260825199983362,-0.06665176180847251,-0.004925166012853102,-0.018000331809086514,0.015876148115220468,-0.07674148280850356,-0.032061052590519584,0.07059064075516394,-0.40047333848513395,-0.6245412670187586,-0.3981571880256053,-0.21989292859307757,-0.471375215970764,-0.1398505396154109,0.2876355826478729,0.1942101456468461,0.1505082835944914,0.2583315956566309,0.0627545700573919,-0.05870817466810157,-0.040012092503651196,-0.3787829214385625,-0.4816663425966178,-0.4537489503604021,-0.23045890454299559,0.14244197243071424,-0.039810057937825834,0.08142049586980578,0.029637758758231426,-0.05428858113505435,0.01125586753523902,-0.005986924232881468,0.020220202960663583,0.021111990722974375,-0.012882395041129233,-0.009523989171114728,-0.3881739967831314,-0.5670147362575207,-0.6497866642237937,-0.5806442305138566,-0.7260234021377715,0.07421608362988803,-0.10126296323153246,0.0904036393983427,0.08700653963253847,-0.054114235850237835,0.22386421780921337,0.028377866474078396,-0.3490956265688481,-0.147869555350243,-0.10460095753661448,-0.18078991392698773,-0.7426771402615284,-0.15665587660509517,-0.40334473017888706,-0.14017649227677034,0.01869372100987062,-0.053108651004093725,0.12551153392659037,-0.00432350684436064,-0.003714064002624211,-0.030707450076011927,-0.06269869013278037,-0.17406308112096577,-0.35893787760536777,-0.5039168884638804,-0.3575907913277034,-0.023277298946817404,0.0917824980269036,0.05647444795677581,0.10678465188939534,0.28036636337597476,0.4968354021146605,-0.042501036861747825,-0.033856195213584746,0.010865421175561307,-0.060389220045192475,-0.48307805979125534,-0.4295323181232945,0.025849120500195635,-0.22391987576275404,-0.29173371703336276,-0.20402314110634837,-0.17692513320458472,-0.2953134034386336,-0.18455142645589706,0.01722516626937493,-0.0025954618250708518,-0.0365525913324178,-0.040766347275138254,0.04483621039226471,-0.1512872884292003,-0.11002049392239542,-0.2029278257061385,0.020157323056836606,0.27235149697074323,-0.015820605351106513,0.38039325174085004,0.26720094664881977,0.6233081567836457,0.23456482569977324,-0.046007522311513935,-0.13664164464915088,-0.3363758166535857,-0.05215244788756926,-0.22878757778085776,-0.4094983730086785,-0.1980200702253561,-0.41932739786200424,-0.2270128183377341,-0.33097965455092865,-0.3244885691401946,-0.3863914225977715,-0.25181894962723533,-0.020742983756673685,-0.04118009316215578,-0.03798667336426206,-0.05003888464946953,-0.15530027704961,-0.1952417943421397,-0.10630800513295517,0.12612378248850528,0.2763179115613845,0.2111083566926107,0.6255206059992137,0.30047778412822107,0.29234253518986675,0.3304908416621866,-0.027642947184129758,-0.6517014528642248,0.249110658546827,-0.07312663094705453,-0.4275260470027773,-0.17174859810015475,-0.18487576936794184,-0.3707930643887105,-0.28323501029172415,0.017347287986052826,-0.3039814273521122,-0.39706268853979554,-0.10866386779525193,0.010651101865937044,-0.05482878677242486,-0.005135094283458393,-0.0274823659992705,0.001876245873133416,-0.023137726418932882,-0.12198091746813265,-0.13166085978901326,0.03236618652422207,-0.37562247672943483,0.02502936303044954,0.3828597463244893,0.27430046293235943,0.28096947120712845,0.19345058289945102,-0.6223115939967861,-0.46472177784492,-0.21868853147318454,-0.21554518957266547,-0.12281564025227355,-0.3321040386357198,-0.09887496131182845,0.11312797273605625,0.03513818281107643,-0.19232123592608438,-0.25269221754220567,-0.19310399351092994,-0.10485424966775371,0.02951520879064816,0.029384229595126345,-0.0227407740080481,0.030816623708824212,-0.13485693803642243,-0.06263748977967824,-0.12895882521004856,-0.11234326375694656,-0.20662576374589525,-0.08182264625123212,0.027059609441711187,-0.0019138788516898212,0.3885445028796817,0.08201876178424634,0.24461187549283303,-0.6354939896638522,-0.6147839659336345,-0.5308073715935807,-0.6268532684979147,0.046905838719150064,-0.0535465090706995,-0.3073393531002422,-0.10825991215984788,-0.27081728776120373,-0.43722939543498723,-0.5160439360989804,0.014536825042646273,0.02837985780392253,0.03802956703775216,-0.012228776294727212,-0.032201837880445804,-0.019960237645169937,-0.06511309461994712,-0.22026441473451983,-0.3389879747206091,-0.11737994555793278,-0.12429746710263859,0.04230491129848941,0.15568342692555598,0.2689572117844152,-0.5004713424629316,0.22792011562609907,-0.020275024988481213,-0.002913358275801298,-0.016341649843090913,-0.18139106947393338,-0.45884771847500544,0.06321538695162224,-0.31115971977941265,0.004398406068435818,-0.09353052570402907,-0.2905706152823462,-0.2878932158234994,-0.15947310331827233,0.026566456076636352,-0.029031650603318457,-0.014212020604414786,-0.052805525604824675,-0.023634772673764105,-0.07033629866124054,0.003232113135605534,-0.03479226913318951,-0.3010119756872406,0.34761698234827015,0.5288374779795163,-0.13949451549248504,-0.003530272215052154,-0.3564296987944076,-0.140127077680074,0.41903166153827043,0.7287680454622985,0.19786000474671836,-0.003727461959128718,-0.17636264880173955,-0.14969733097227744,0.1927910012137523,-0.09421847801749733,-0.22591711015078061,-0.36721698122388197,-0.25948641898265834,-0.38613706944585036,-0.24955615231142372,-0.03920708113732569,-0.037639219383584444,0.017232431522229384,-0.05916806746121469,-0.04479994412125758,-0.03103087353156122,0.010444303157881155,-0.08987062010298077,-0.36220850287275247,0.16849445117574036,-0.06551497970056527,-0.4446873399198879,0.21753358539411718,0.007549636758372354,0.5072886409633235,0.3949285131917502,0.6278849549880096,0.3298174978460977,0.3916813460496993,0.11017649261130934,0.053522509903393155,-0.3449114363825364,-0.016218874287280634,0.11530476267734664,-0.09062048315684429,0.0845926028322237,0.13254217878670516,-0.004838358303990268,0.019330745202189723,0.0044865272746968405,-0.01163335247508918,-0.048083784129674484,-0.045085828976058805,-0.03370675133067006,-0.0011744216269819437,-0.19033075993662585,-0.2587268328435213,-0.21298655429332405,-0.18020450779583183,-0.5044568926228173,-0.058136839527670126,0.06826072425314608,-0.20851656931259901,-0.2941649809481666,-0.053075850226748995,0.2925793921665812,0.02610211087229485,0.1886218368402907,0.5097263263488454,0.5310044833677153,0.6074410962232921,0.2346262074213675,0.14417991899628096,0.08806932076569897,0.015767965986386235,-0.05310671384039502,-0.04889535612980091,-0.042366607882740395,-0.0181377288939816,0.010209410229852616,0.011145290105968878,-0.03865825275651157,0.03428484398817346,-0.03759187835683511,0.0578444539923741,-0.2958018182232752,-0.3378846092850446,-0.32116081445204575,-0.6143345309598267,-0.7416500784622057,-0.11982732771508152,-0.3904735338383291,-0.11805101944462704,-0.09021056468702678,-0.1029025599264176,-0.22125113598299495,-0.05727194783044831,0.06511264196412293,0.017963903825964706,0.1311753458982762,0.07184224348726777,-0.07712999017005306,-0.05565446267180373,-0.016907683688298376,-0.022032228210406134,-0.022422803923067555,-0.057407029437449644,-0.05183071498958065,0.027552930045663934,0.0004567767722223763,0.06825557572005811,0.018891123197383522,-0.002321608141988004,-0.10024523631515551,-0.11833183779074645,-0.16174180532207297,-0.05864633912050225,-0.31153305749284743,-0.14574607851453675,-0.1258288067651884,-0.2315189295421297,-0.33423459079827883,-0.40868865618708466,-0.30940688185834864,-0.03221045468423428,0.04151607806634094,0.0013828698459694088,-0.01219753454908974,-0.08052341441292099,-0.036072884453391046,0.06748801558494415,0.0623013687956893,0.029754827792343518,0.06018044246327535,-0.014425607830705005,-0.011452930374402676,0.016821395192750388,-0.01659567514760019,-0.05699813045592974,-0.020892615320749354,-0.013503385669718166,-0.04407164002073209,-0.021131935243763174,0.02517691907851115,-0.04126201770328665,-0.005902227752836248,-0.032817130516515206,-0.008630868154546112,-0.004872683080615924,0.028403193128775435,0.006719528630092832,-0.08107203776819843,-0.11788780165045717,-0.05070331554841885,-0.007060268680455305,-0.06572675554607918,0.049261994902352224,-0.028871571553379254,0.0479468199902111,0.03551407220265371,0.008389617350293997,0.018968320793355465,0.08777266178086236,0.03586504995112655
-0.043851481964951596,-0.002974608063772564,-0.08485598113282658,-0.019534996165614573,-0.06521312527718609,0.02990572965395221,-0.04531895392224239,0.07598263513014639,-0.03179500376752593,0.0822103899126087,-0.11302635088872585,0.030320569126766048,0.003605126685974112,-0.04631098871349902,-0.04612165561346783,-0.05803705651982953,-0.06810354663808366,-0.02038918317800361,-0.02852291053786242,-0.17341210106195004,0.06977472755457483,-0.008780441161139898,0.07249813749335053,-0.00827656048872073,0.07167405900709772,-0.023146378772714173,0.02611826190088223,0.04313058749507875,-0.004908850842529965,-0.026281913296598465,0.014475173705294334,0.005322036382004194,-0.04610441100683559,0.03182724834041098,0.004282838734525912,-0.012898158161416203,-0.013090718856779954,-0.031479060212041776,-0.054616021909369664,0.061646572631680156,-0.05109412885643093,0.02351347523445584,0.02665392064296241,-0.02240194961159638,0.03783696916961827,0.04593195742937744,-0.06553561571059799,0.04530383851529101,0.044380089327332346,-0.038605534518232607,0.02179107217477453,-0.006514276842339739,0.006049654518984104,0.06895565757214081,-0.002384408115285993,-0.015471420347394623,-0.008432826522065822,-0.019292672343762557,-0.11895363549328583,0.06610527833038557,0.0022732657590458344,0.009624328762557447,-0.027431235984680582,0.006094961478084223,-0.059753367704751446,-0.07227648305664307,-0.02319318000563765,-0.019753305831998136,2.889541640842513e-05,-0.014715916275008328,0.0059724611029798305,-0.016775513456375703,0.023548602834864645,-0.07878150566119085,-0.08939033483726085,-0.019138905139300652,0.036657501342496665,-0.05998861575163541,-0.05579955762128492,0.07126769618273458,0.015037541397875795,0.04608276833471041,-0.04913638669964285,0.03509291433425943,0.05309278210647639,0.0029016549886890734,0.025033294333429837,-0.07735524095158147,-0.022428054646756693,0.009729070061673574,0.05902514573349456,-0.06273846262089676,-0.058137320602938726,-0.050433208826627614,-0.06923712567783435,0.023100775115553206,0.09322088683070835,0.005988604895181494,-0.041551184087495786,0.04336728703748588,0.05444040413296009,-0.05512141213492875,0.04756884633205089,0.03643732442315694,-0.011519943288643166,-0.047170020954385085,-0.07866876812387483,-0.0010254219256516882,-0.016180489527776915,-0.03014640680443151,-0.013917204947459393,-0.020121634882261392,-0.026713887220045338,0.08057646147489397,-0.02592067502086136,-0.013975108743650861,-0.01268123981239403,-0.0390415381478958,0.03948490688156435,0.09847907639229943,-0.0015155934538667985,0.0012222392683928051,-0.03903118581266837,0.005079516798364314,0.033166829481977814,0.011835796174273048,0.026429369378277303,-0.008272437111664704,0.01640048674649911,0.049108502702457556,0.03180990735933547,0.035671810183835195,0.020961123566813063,-0.023186977855995317,-0.08084728344205087,-0.05134540423023295,0.030955336401971536,-0.020038800585005845,-0.019002777423467468,-0.05169050512528023,0.021799119041642202,0.010349376556386711,0.018560697162949287,-0.0002876144260860562,-0.06719151456588504,0.02116635243103243,-0.04874688440156972,-0.044089471897377865,-0.013584643786984549,0.07977710826816328,0.07452426312198368,-0.00973665186355753,-0.004675687213616377,-0.0403801379600829,0.028393552636092754,-0.022465555936763974,-0.01649849572507153,0.042770267681953175,-0.0548088795929474,0.04347895633080427,-0.003257070918188865,0.030943337095390943,0.011857409056980909,0.06525702701206136,-0.031019736189336566,-0.0063135424284183035,0.07625253555501835,0.04985498319589465,0.046172944379021544,0.11933244834685874,0.019941394275184637,0.02360147137253524,0.08145788170390933,0.019533692915450408,-0.02978531829988835,-0.018408969527712905,0.04199241510541904,-0.06793511614269844,-0.01956632313164843,0.028433594049998023,0.01096143551222956,-0.05272945165091236,0.01687513078713916,-0.03205181378618081,0.04627349651609448,-0.007889232772950207,-0.03700070590124939,0.005151366253588479,0.009437476562777882,-0.03504966904898202,-0.05319697178837779,0.0013417699626755014,0.04194243390419588,-0.015295626687249026,-0.09600666334809539,-0.0269499789109816,0.04813351310100396,-0.03151960979664825,0.022999483744654787,0.04149124091127148,-0.029555455639205985,-0.027874596352097176,0.005831817816596776,-0.007929860884216954,0.024677523257981674,-0.014486965210987001,-0.02622634610753044,0.03156323381854557,-0.028848845343579465,-0.00557322334946512,0.05061419831900216,-0.007562410424659288,-0.012457181466509266,0.0010792898233413306,0.032714187053613356,0.014299330043200376,0.003939975998435746,0.013038961089458671,0.0641044503886127,0.01810713255172905,0.0331399846217539,-0.045716035094323,0.0046988290493523615,-0.06386925338500202,0.01598824148260984,0.07179934295021027,-0.06329614925266713,0.02055471269668532,-0.07550562203949125,0.08919986907135362,-0.009520299037726877,-0.02364538123154026,0.06678327510265865,0.07523166168507242,-0.07279612660561878,0.027951219295939994,-0.03837314902947781,0.01494285924149762,0.007685951068294483,0.07609583863409791,0.04105823184739037,-0.023993732413189528,0.011246319465687634,-0.01912393685335589,0.00976684139644305,0.044752606314484314,0.03876672346533456,0.010083027559164782,-0.005436904663549772,0.021475348861683275,-0.010411419004251906,0.05120079794867654,-0.0033745763026732365,0.013207873218677198,0.004325672001189464,-0.014964853250589735,-0.06878589840383237,-0.02443767238996005,0.05747212235223791,-0.007780952250101736,-0.07127210062056878,0.05590348774055224,-0.057991172915792505,0.03592925453738208,-0.06593603015246738,0.03851079107417026,-0.022204870613524667,-0.05585752900248679,-0.007347616369747871,0.06086961370214149,0.03088214946266809,-0.08005599986012195,0.016573670464062537,-0.04123871069808641,-0.07751602613947067,-0.03843105158889564,-0.012519602462558168,-0.013069097027510126,0.014310548911825897,-0.055428651397272675,-0.004237229191131777,-0.021578611617661548,0.04209281031187882,0.03492040047101934,-0.11111902728681974,-0.018581198917380568,-0.0498828734852823,-0.016491122661342193,0.005229800886935645,-0.03521732379172395,3.884119057944188e-05,-0.002128376293527347,-0.038773740508226906,0.05573854859981769,-0.018100246593465947,0.05467489866344488,-0.08894351247745437,0.02657747814635303,-0.010112444464711295,0.010954789125449643,-0.11272564889033473,0.054766356118522694,0.010466314654204712,-0.019078890227769454,0.035916358175958396,0.1330289425670829,0.007881572298941283,-0.013808039294293663,-0.033841962434009394,-0.00022290205170355173,-0.030805188832276193,-0.01935654282646207,0.014850524292091173,0.04453618833741069,-0.041280507429860995,0.07336147837284814,-0.04311186027371703,0.03020363702481365,0.018445196328049043,-0.07908810267664937,0.03335994671780059,-0.04423209006023738,-0.07342718707076788,0.07497579703351422,0.05380971304439061,-0.02011400739953931,-0.0014460701829651953,0.024848880918257005,0.03985761309041651,0.04456873722067211,-0.010845005467135422,0.02168497678317326,-0.028649150322106423,-0.0468149931107931,0.0010253454127661335,-0.005795551325477619,0.016524234973234443,0.040890086948665756,0.04774407378847222,0.013630332684829894,0.0011584253015627965,0.05904881192556467,0.022313213424268133,-0.04935850685960206,-0.06923537553262339,-0.01576473447453145,0.009440235812403656,-0.03217059980214489,0.011729657265308419,-0.007002371043738852,0.017673436830756502,-0.0755255578058059,0.006711678678760315,0.040158720417096984,-0.002768449526594433,-0.024765378104117514,0.005683816992197993,-0.05334299364956773,0.014997252789553998,0.05803026713028858,0.012706633395920812,0.04989438926728995,0.07454072037761149,-0.019523559863514027,-0.1028551523600976,-0.06389930973754336,-0.00983455388825232,-0.048401167161542066,-0.004917589826984496,-0.06256683923102328,-0.0667449371281164,0.08387165970050894,-0.008621030519416966,-0.01768117231597078,0.06591867146744691,0.038378060750615714,-0.041906735167946726,0.03979531572017751,0.03369311171145672,-0.07311809848112785,0.061808507569749,-0.02925519420540885,0.008105603040766325,0.06724498583272805,0.007722459851817478,0.010491073161215655,-0.0156091622411199,0.037788628829483396,-0.03599509766924697,-0.001690579694215487,0.0895775122952142,-0.028211144027123738,0.11924438491382376,-0.003686378011452999,-0.04039981663087387,-0.049085579612675255,-0.02291779892401639,-0.046444461680547125,-0.01264303134742237,-0.05801004167240256,0.0009675779669479091,0.02605239998328711,-0.04625675511937913,-0.031032587099393237,-0.019286760490874154,0.021005152129640135,-0.035098142562619214,-0.0021750495827483774,-0.05775289983679799,0.07898216294665455,-0.052234453653507464,-0.01418020873182566,0.05447683856296554,-0.020619228863563648,0.025762485485255116,-0.04319978225673852,-0.08307170302710823,-0.027500398611089757,-0.044521620955586004,0.07297890721266737,-0.024430406402420595,-0.021987499336605813,0.03968251159035336,-0.0017959334008352942,-0.002310581989604007,0.09359853077555026,0.05584275097172656,-0.0327837301705902,0.0002644318082225502,0.007439264460589779,-0.01788384016919076,-0.028940017173136354,0.02693984115465463,-0.0014199738037446942,0.012817040438578654,0.011734271113756585,-0.0414134684980411,0.002218533814376489,-0.04655689233484938,-0.006332757650310615,-0.001688443176622328,0.007816564066841074,-0.07873751365039049,0.05130880295355057,0.006087757961918843,-0.029289203426883122,-0.0002823707408727704,0.015078571140276489,0.037152683992177096,0.006932045928562721,-0.020421211440906813,-0.05404305234142141,-0.07215102163392033,0.024399611395607104,0.0016403739151916363,0.023733482032626728,0.03522577049513715,-0.01761715310400604,0.01993082081881549,-0.07159837341208704,0.009487461589448468,-0.01805117104441164,-0.012423645465190833,0.029970514394793927,-0.06552176157005601,0.06089951379017846,0.0692679041646906,-0.04752247215172687,0.08025519659780506,0.08720288972776186,-0.03428698192213731,-0.034083720904040334,0.008520780190730028,-0.009650165230249919,0.021303151794281643,-0.04982579585777566,0.0379089727109987,-0.010719944539953187,0.022378165223090496,-0.008071822162984929,-0.041362442243674226,-0.029081314319426288,-0.04025705762064286,-0.045517688321428704,-0.01619129971931832,-0.028793764882114943,0.024330930646356278,-0.010485588068444006,0.07266528649835131,0.020126429554556544,-0.02494844211330482,-0.007220734958741154,-0.029796694153858404,-0.022813857650369654,-0.012182169976397584,0.007265159267967991,-0.015643463213169985,0.04932230521021589,0.042563665845070035,0.08220537201035229,-0.040704854719286046,-0.00992193324476943,0.02037682321578678,-0.04260912378121947,0.03864780156931816,0.10232719620302005,-0.01685027532928043,0.06846654848393602,0.024769112842172744,-0.002041913574286293,0.067929921126331,-0.044595396761316186,0.012856697752349659,-0.036918274433360085,-0.022392685668206156,0.03836631123269706,-0.021655044800900636,0.02130428747605573,0.01914833674399752,-0.022163655253603635,0.010558989710199664,0.03064555780790636,-0.03172155880807978,-0.07890160358391025,0.005704481859946923,-0.04942391801954039,-0.031837402166962556,-0.02273013550481153,0.08204550087165427,-0.005832831332298032,-0.0037598243188809223,-0.008706588454983939,0.06305086487777894,0.011668305949981557,0.13328247990215747,-0.016952643479163542,-0.005517293653080401,-0.04665993681976452,0.029131364628855093,0.027651055649017084,0.0013392493795122097,-0.007137943860366315,0.06564439537722329,-0.05604324172634581,0.059933684651346256,-0.023847949328584604,-0.0201482816596249,0.05062483371667817,0.0505049586401751,0.05599309719811321,0.030006220480330616,0.03872391294153289,0.02082216129816185,0.008046593063085958,0.02022722553853499,0.0686640479983262,-0.010825928244919958,-0.009258011425490657,-0.045497504605530585,0.03784379030029392,0.028974884949111507,-0.09565150355391355,0.14718663486870973,-0.035062625318442925,0.043446293224071085,-0.03276944718372905,-0.024346553391690427,-0.0067864050451597255,0.021476412808276557,-0.09296288368716539,-0.010657944947821693,0.02064315185873106,-0.04071333644138585,0.02574218522756809,-0.04165002081950882,-0.007305489305564991,-0.03141154033443981,0.035342479625214356,-0.01222995204303782,0.02889053224253846,0.006586115396712112,-0.04339237037961149,0.05777007088964959,-0.045510411575094646,0.029009479316792867,0.03456381677107425,0.027094527366976293,-0.06349233768037658,0.0400479581361361,0.0041928471786181875,0.036444947423929196,0.026687886419875753,-0.032383855616769125,-0.0011735273852860166,-0.008834848965046958,-0.029827213638690002,0.017347975878111137,-0.035071455404409195,-0.0039775053553199645,0.01691882868082114,-0.04124280412492061,0.02228844802320231,0.05678045816116923,-0.0024280628160106704,0.03346956573861986,-0.01983047127907228,-0.02887744525424528,0.06579054868437058,-0.05137381740456874,0.0519590707936662,-0.028685979829092087,0.013551199834662325,0.03234663259793396,0.01056977509379658,-0.024821897700291532,0.030793244804030874,-0.010103158769465246,0.001956734827682697,0.06454150606963645,-0.10042657128113601,0.02365143987589024,-0.05118081152380056,-0.0589111960440815,0.027267646627246622,-0.09235617878710875,0.06853661156566947,-0.009843310775664965,-0.010050232539502256,0.03336446365445197,-0.026646287057761665,-0.036533717103374615,-0.00473000522618262,-0.00496869555407979,-0.013172113854472697,0.002167060655307519,0.01614724147813567,0.015657162190389016,-0.13500528537174372,0.05135292127450654,-0.0036859742887498832,-0.09433258063918741,-0.09090294126426808,-0.013878777922839139,0.0755882790548813,0.09367884797140927,-0.033460684581070065,0.0874390906029632,-0.03636122845923367,-0.061333100694403675,-0.009049625960183164,0.04161279575023078,0.07679278052218598,0.015198812328448297,0.014406874889793699,-0.033855282147190115,0.049015686662169176,-0.009867342174278437,-0.006557542081690194,0.007508083660060696,-0.011135480629444526,0.01142491368991048,-0.050206378390870755,0.07756470064440285,-0.010378236724740603,0.0012297588852076778,0.03939003056633,-0.035173296359714896,0.03400178491411776,0.16123494566390906,-0.042747658034120395,0.028766303064150518,-0.010504999672172168,0.017922137703338233,-0.08463992298271139,0.06824726244961454,-0.044329196970731795,-0.060865106235079215,-0.0426265789069836,-0.05087835095518816,-0.0036511702140202746,0.04298882155003169,-0.09485195042353703,0.026136408434169308,-0.011759346598617933,0.052242359977604194,-0.006112046476631488,-0.08967087630539995,0.05970162603707045,-0.04851115548892195,-0.017196463271235037,-0.008643030122495588,-0.043262880709505735,0.0066342294825245994,0.06823479255332067,0.021850638022656667,-0.002657690733133505,-0.03821323164853679,0.05293374047555637,-0.060025681058703206,0.008291427691183878,-0.049984161871896596,0.06858988123339767,0.07497499787908414,0.052012037858902974,0.043312902194668254,0.008617961689847728,-0.02052703256839276,-0.053304108818330115,0.019690535805466144,-0.006889321265459608,0.058068042256529326,0.011809217318596419,0.006229551741741224,0.012178571235404912,0.035785543451024415,-0.025411046042450088,0.018043327000327396,-0.1008827204514692,0.03137530656595349,-0.06668170140289031,0.06321283664548354,-0.025574057939932185,0.05458306531685085,-0.012548806560578666,-0.030563465502716398,0.04795677339184449,0.008856353428955008,-0.013678752023213878,-0.0681301218943439,0.020838717450408537,0.042949906222879454,-0.019311776464893755,0.029726384483567975,0.03699153247932088,-0.004074899253445525,0.02336702746721326,-0.056517254284818574,0.011858353183006345,-0.03384230778076514,0.0241622919209435,-0.09010035435594226,0.003106637395409456,-0.07578778995220468,-0.06870533404468115,0.013588640831007543,0.006018957022074908,-0.029318781409969224,0.054633884157320435,0.02557466115970403,0.021798271307961394,0.010522833046821545,-0.02349526378126942,0.019973252302945006,0.0439130626427743,-0.01186139039186737,-0.0039700880821272886,-0.07842256853697398,0.02121282551741496,0.06729651573666005,-0.07605428726865586,-0.02933663415760868,0.00843433533863899,-0.03422386933891926,-0.036336255012987234,0.012273081526804631,-0.007963626019433593,-0.016194812554167295,-0.019334208845112937,0.03038189140198672,0.030396668287688746,0.060958069292235836,0.06380823244201714,0.021664604807371785,0.058412989852649914,0.016620616330113823,-0.03186130585912358,0.06006149488425136,-0.04180963020781173,0.012111082358267567,0.01328110340690197,-0.001194504701451804,0.04632683124158033,-0.050457269822815246,0.002433836847627724
0.04177202753499611,-0.01069794145399526,0.08883247220294484,0.0001332221393940756,0.036765424507536705,-7.506374502149733e-05,-0.04904431528554591,-0.005168921511436906,0.022729181043359574,-0.01278396277769046,0.03534638770633809,0.08168318801640048,-0.03904888957439462,0.0410381398468706,-0.08498742346835286,-0.03119793786852231,-0.019444459310893975,0.01079343584233209,-0.03988360199245675,-0.010839642874170143,-0.002626626151729608,-0.02618636849954924,0.07825098680865233,0.033226030572494944,-0.03849851569654322,0.02683698185517317,0.021176282291903194,0.08001721846110045,0.01389305775908071,0.012879135828515563,0.08410782105117286,-0.030107037663193347,-0.0048399305326028005,-0.026671313164097515,-0.006527840814914084,-0.06661407704593121,0.004356051838133719,-0.01833912487039585,0.0394869743154158,0.1008214485212241,0.015288793053116458,-0.038697191945496555,-0.07756249449483743,0.06476588907061212,0.06501316764578467,-0.03591637464648944,-0.08075730654735704,0.0023644612851673736,0.026488185201120455,-0.023538015469226185,-0.060563064075286145,-0.011373927237231062,-0.04548350039933215,-0.06236675857241005,-0.045661189764950025,-0.06345167430614003,0.06349289320582459,-0.0024283775817390972,-0.01636181031077601,0.017412866088252394,0.0006435752767448411,0.0003540144001149606,-0.032818817202568795,-0.050715339398512034,-0.06567232669806902,-0.06988251292795943,-0.07556473437695706,0.059218318058637934,-0.04180618260161437,-0.08455057592301413,0.020893615396389387,0.011268741795235106,0.1217487368051635,0.1206911890124146,0.13257376642116256,0.10785931839585204,0.04199806894722196,0.009438571693660488,0.07586094782179022,-0.04595086169543129,0.042297809243756194,-0.004554423353002909,-0.03608534379076689,-0.05738443065344893,0.011759808011676996,0.022372542471420193,0.005963027454905206,-0.004711134167999299,0.03588613409455766,-0.018027258599820822,-0.1020406809926096,0.02475080300399289,0.005549070370217506,-0.16551377551843632,-0.014641635306985751,-0.07948444510809277,-0.12588948484836315,0.010693364462091594,-0.04061701653890901,-0.029140053613181647,0.06323423507246652,0.11936479936036701,0.09960908317221154,0.09817408221857683,0.06787157289274441,0.0893099607668339,-0.02616845067508891,-0.00250737427505446,0.03658423784625736,0.042787676694480185,0.06827939575621914,0.0598439790263835,-0.06308907881161732,0.007230042866138681,0.004728766178146441,0.026532058972598402,-0.018394364204161847,0.05097991218163683,0.06014704017274189,0.09182861022296328,0.07930502742468096,0.035231762627286244,-0.08379417408860107,0.07848842326383337,-0.03659921099369899,-0.13766681092823221,-0.10331188415176376,-0.08128886599918796,0.026089956535549314,-0.011864095907903351,-0.017159931339686373,0.2087297821457139,0.08360343256780613,0.13094403795351983,0.11505874805005582,0.09564692575368033,0.0027062280268741264,0.10372017598685392,0.016671673349167953,-0.07359023857936549,-0.07000601457033685,-0.012160141704757061,0.08376806458906404,-0.0793471440229185,0.0992051500630253,0.02857697736981902,0.055453383112685155,0.06731813013719108,0.01545971375886727,0.008565073844553505,0.0012076279443782522,-0.07559909608746153,-0.06528770874088563,0.1623869289613013,0.10172831603786964,-0.0738163604302919,-0.13818996228039934,0.028547214410518957,-0.022945781345173624,-0.0417608457114787,-0.010233785752494595,0.04458097905925026,0.038281595988478245,-0.042385969228975515,0.022132868582897723,-0.06788146000118962,-0.036341713255341995,0.021977069094023204,-0.024779817715212,-0.009655047106232962,-0.06403470895905031,0.10175864600164507,0.05296105045212165,0.09688747314375068,0.0186209032234261,-0.08284093619459125,0.11832429576361399,0.07844578757458802,-0.016082072790735896,-0.10206485363584987,-0.0031489629654775433,0.06758261455079208,-0.05716957364450007,-0.063318367860407,0.08410483086562096,-0.044408316043750715,-0.12192072876784318,-0.10210423452360347,-0.005781754428567854,-0.018822644624777955,-0.014496779061370075,0.1281095315423567,0.0013536853531356484,-0.10234976823375581,-0.002860917499786411,0.028733540573964482,0.014010203547916348,-0.017635483676912474,0.0047594444752854115,0.11071877905130188,0.07379611339242012,0.1584299987230649,0.01748794157201845,-0.0952176396799161,-0.07145449228389021,0.0034705664218558966,0.0926266060276424,0.11282666288594363,-0.022508523877829756,-0.003605454126387067,-0.0850132211861451,-0.03553984721543365,-0.0694671349303657,-0.07606084678451286,0.2080855867129792,-0.13516383839104681,-0.07804266167908326,0.0980323910191711,-0.17591356394086974,0.06464888116506562,0.18529145843427441,0.04405392812715374,0.07054206973109814,-0.13888740549594752,0.012614742880993266,0.017275386911179212,-0.0006563525761516288,0.0543731671376154,-0.022812002662905458,0.11873585399841907,-3.499318594396152e-05,-0.0790581981295137,0.11537697749684572,0.007376251058944192,0.009029061751564062,-0.03354462876528584,0.06862433090121636,0.1051746414416908,-0.016407036934046146,-0.12575008464895857,0.06711202511983741,-0.18209246111965172,0.060258272285529935,0.07204343638157958,0.0031346378651673757,0.007934198824848516,-0.058125108895259604,0.04411993123885796,0.22610218515970057,0.07544258567398732,0.09713161017125232,0.04945566453226489,-0.004627044811229353,-0.060896227625703125,-0.023648555707526046,0.09340207484636409,0.05701821152302482,-0.049784573698612875,0.0870787729307721,0.10244405499621957,-0.07146382947071415,-0.014817204401009237,0.09498097762439996,0.04386042101437873,-0.05811180965359077,0.17836999473208,0.003099346742444223,0.07025221865622647,-0.1326426767252361,-0.12454733699569599,-0.10206713040776488,-0.019433190711147335,-0.035127325940156585,0.007119163834880903,0.04354589739106361,0.08352659326183695,0.22890664180292322,0.06719193850646837,0.001345584086940128,0.04891056746549691,0.03499979650066538,0.047407553137201935,-0.14193174409475753,-0.007115615588738333,0.04201839246530747,0.00072981916356524,0.08821544803031854,-0.008179453317755134,0.027103464175107544,-0.17598644159393903,0.002186380642777739,0.09507135119057311,0.036104084088892645,-0.1008408583614146,0.05157859196114869,0.08802303061586164,-0.005420874568841877,-0.11550297740696268,-0.08995319701913174,-0.0035236510804193197,-0.22282712620236336,-0.02967970575199472,-0.047134661858876395,-0.0017116329239569453,0.03375539000942189,0.03399606250267202,-0.02280044157236967,-0.027205612502923603,0.026794608310455305,-0.005148237126290062,-0.025091065433870588,0.013976724620374305,-0.07637833284090763,-0.11987369248488192,-0.09899783904872625,0.10480921853919309,0.06548962600396563,0.0262392941760341,0.07972134268000189,0.1873764840289354,0.04016648174837738,0.17432548256156688,-0.3058555554801949,-0.25593318085179384,-0.08229368840068589,-0.031130704137853852,0.05270166512763904,-0.03934455240032642,-0.06967840044069747,-0.10189306479843974,0.08762440082520677,-0.01151072548959747,0.012348788583858114,-0.03821461782531832,0.01200217764409703,-0.044873899155311314,-0.08467561920609104,0.02970195245769863,0.004272609899244296,-0.03151385979261778,-0.009862999491494306,-0.055884281731293714,-0.01945044346315176,0.1731844549360885,0.22009374684917907,0.07638811009437715,0.14228125318253665,0.2347501412179119,0.1202395370433188,0.052409164229778496,-0.01555093021897127,-0.06986688060354089,-0.011817565243818991,-0.014911133456275908,-0.2417453619198204,-0.02003139358016772,-0.04904798921016182,-0.052297078737180744,0.021145659025429572,0.002140375192212048,-0.04427462532190384,0.05062620400005707,0.03767261746139876,-0.004701198447581599,0.041581637672861875,0.009087193353784755,0.03694904474990373,-0.04337985512951239,0.07277081026762008,0.11247250296005795,0.08997023931254372,0.08631187558023029,0.15513133197785423,0.09902946281681821,-0.027922148917212515,0.07623351715530524,0.2735778086754719,0.08874924037741774,0.0006799830311101973,0.05524775369783138,-0.010938686357654399,-0.06424174746782303,-0.0010628242656816828,0.09476387002756446,-0.159670800756682,0.07827513427360414,0.11985340084834252,0.07259253785503958,-0.014802795962041683,-0.11207039242212086,0.02310780719897049,0.0072133504976946644,0.029348568933207454,0.013176776503240534,0.01007907147948922,0.044140892820405855,-0.11278976221412426,0.13658066877161695,-0.03163975735385315,0.06875605270396144,0.115239756312742,-0.00184993438938877,0.09547598227812636,0.10259509248500819,-0.05425530849443894,-0.14350598011304602,-0.32870186458316136,0.01776924725278111,0.025883781598684687,0.04989917718445322,0.030418572305039332,-0.06473908058849229,-0.06578183468361501,-0.0017709950370365431,0.12643570430821047,0.0015773986546392417,-0.023706232898546613,-0.029512269330089345,-0.03263769635446907,0.06417626441055048,-0.054919907050050655,0.03305520193783055,0.049579835595514266,-0.032581319003343295,-0.0404985220394621,0.034285378830779326,-0.012380525214611492,0.17817464895643897,0.09711822330947442,0.010260879847590212,0.11198383861194286,0.01202864822396221,0.17367179943256106,0.03134885346981502,-0.1083639329667137,0.06929959488582976,0.11924722281498296,0.009399700357343586,-0.03809885018556296,0.07479494734513516,0.09861615808088076,0.031091886158949533,0.22708768022386774,0.08337748513520966,-0.1895672250922127,-0.037331307249555294,-0.0688171624634092,-0.011885987656766678,-0.0986770627777167,-0.027705722043372908,-0.007827575049979479,-0.10372680165810196,-0.035918019203660195,-0.0028770868072567355,0.13589258509675317,0.035298068301869066,-0.0538459573092054,0.026043313223735425,0.04697972307814604,0.07094245514727496,-0.17025990853894304,-0.24381930172327046,-0.007865820320259774,-0.006613510143955748,0.02461777778458694,0.025753748106498945,-0.07518867712855028,0.11307751618168121,-0.06063185942411086,0.0702384508961832,0.034134707082245086,0.014479192046496656,0.02031325233622552,-0.08577805693016073,-0.06858813607211586,-0.053926065004342015,0.026224091148234593,0.03279877546014361,0.09255161858448135,0.12860300073656222,-0.02215404499595385,0.02408643539889914,-0.0886367680577981,-0.17658390960910864,-0.12782173767014743,-0.06189063096456582,-0.09281750771614856,0.06271152637149209,-0.13533716166315923,-0.05898463150872683,0.09001297916546862,0.02449089410627399,-0.014943243912313386,0.05939921705568377,-0.016589123913221798,0.031786720932605414,-0.06187880576579412,0.16586310142663244,-0.008180503575630877,-0.022709130317433063,-0.013895947385657196,0.03594850825254086,0.0386041730593229,-0.1352537972216888,-0.04451824938743533,0.050170115789803196,0.05834126147949596,-0.007440602943512533,-0.0017502178541084841,0.07762333983076211,-0.028661105918764338,-0.142201357352381,-0.11874224635194756,-0.10320389474230066,0.08733290991750137,-0.06127769319021145,-0.23818711798504638,-0.13701930783350466,-0.15195894322448628,-0.003474026276392612,0.06918757976599273,0.015032934773169512,0.09432483417503107,0.06155506452099251,0.09115860875827886,0.07807081738179951,0.11144169051579979,0.022088567450105956,-0.06525487712108866,-0.07427881081218463,0.06827234699963683,0.01091061221329137,-0.07618867827801933,-0.04000850279410654,0.01026381456838112,0.08773671635148197,0.0315158160228292,-0.11566968486070561,-0.015722754725358192,0.02166461323832275,-0.0792702336588041,0.018453095513158248,-0.13193876743708452,0.08190565096881287,-0.04101413473774201,-0.11808386020979347,0.004339441922429028,0.1450111093990353,0.2136891153541925,0.2221660465477786,-0.038677879278251365,0.098951453777555,-0.10312091852377453,0.05145376574957641,0.15345214204939686,0.10682810505740586,-0.0028871706394506856,-0.12998439803503814,-0.021988185732630446,-0.03041044910992395,-0.03317794903320367,-0.007607670743451327,0.07597062664518141,-0.09744640773991624,0.02701785389037763,-0.17831884800589967,-0.14078847702722616,0.0783317001961022,-0.10088430717203536,0.09395610111728311,-0.13325682546564094,-0.04400567063758855,-0.18207328500794456,-0.09149976369740043,-0.19080709083241576,0.0296888678008867,0.005075349598861815,-0.2430527047251945,-0.025096932102136354,0.052064888701497385,-0.20311791828143022,-0.26503913229827275,-0.043780088091060224,0.0579693891972075,0.05667437388380446,-0.0034398646499292124,-0.07217898986978925,0.024742081187978864,-0.014876588600883643,0.0580241499146036,-0.03359524694311523,0.034090554311194204,0.10626616834795925,-0.0566753576338747,-0.06068747327010619,-0.030015531340725952,0.0973506918327423,-0.1398767491955887,-0.07302143454687973,0.060260557563335725,0.07420889846096217,-0.034024518603570586,0.0002800632716562428,0.07898449204710778,-0.07998738429288735,0.07933157296886942,-0.018958307196211405,0.024812711940018703,-0.10527468718866806,0.02357412091273283,-0.021224487469586262,0.12513878486971872,-0.012290816709199553,-0.10729033441103454,0.011972731290390635,-0.04629385293715218,-0.02424978424253735,0.03649088448659714,-0.022523042623283137,0.07180222699861938,0.012461007678254924,0.062173824363864545,0.11328928992946734,-0.015406429181861851,0.006248404560892931,-0.02880590433663542,0.08602044489367644,0.09015677236421372,0.12208645509609946,0.16584865659365478,0.03687577608251679,0.11945755345766255,-0.0211003833132644,0.0006788109028464746,0.006173941676780238,0.09226917117648294,0.06987385868058686,-0.08335284074581267,-0.02615867631913131,0.015446491142737594,0.01667962150700423,0.06351779646916664,0.0455014398520563,-0.012767692236300232,-0.03607734470766184,-0.057740048987433935,0.044034952869199416,-0.03584862234520676,-0.04201238354784756,-0.1884010327894366,-0.18008402380193492,0.15271039164863764,0.22260098848731977,0.08713392230742914,0.22026847136452657,0.012908473705822576,0.028817231245526122,0.04674837993307853,0.07396959385665162,0.154686363677411,0.13441744933288777,0.19846602411750697,0.03345002645405171,0.14880583404735243,-0.06409867279086472,0.13536967464537097,-0.05062103442540576,0.10401655480439687,-0.14285897684965188,-0.06285803044885238,0.035851748125716905,0.0770483225347594,0.010710574815216352,0.0405997115945308,0.09126781544429882,-0.059629008362063966,-0.14171531767704612,-0.21225008222198247,-0.09421651599839627,-0.08101217707814978,0.168597764608119,0.08963293521164149,-0.13795793428727662,-0.1230713583803389,0.15183397194308665,0.005382991592692016,-0.03371934513232878,-0.039909202956941746,0.126999238908069,-0.06298374003218829,-0.012107913510190556,0.0464907421094902,0.03753044573823309,-0.006860416409515874,0.03970822280681864,-0.08274781557599384,-0.008108426196606693,-0.01569372466307731,0.0335682381224456,-0.07487865731443868,-0.02999495708150238,0.02351642099667995,-0.02247830120554989,-0.02702474515128005,-0.06817834224174432,-0.0677391120066711,-0.040447525676924896,-0.059894373909251876,0.05398323660141323,0.127002961486089,0.12658708474207736,-0.006618131918445986,0.05377639281422819,-0.17876482192731716,-0.10937041631043631,-0.2505395493078863,-0.1723807051191816,-0.024501610960021875,0.01734101195737907,0.009318024755989274,0.0135845478784691,-0.024881950846829752,0.01000657291943345,-0.15378481514359316,-0.03699488408992086,0.0006501078129041484,0.033319978653849655,-0.05584177683297582,0.056582698783380035,0.004743247883848886,-0.0684154497317323,0.01617455370430362,0.018231134346464763,-0.09991470083885516,-0.08719299616586501,0.023022237258617646,0.08483658632541921,0.09952481122321642,0.08359606132347044,-0.04102095608526935,-0.043202280797935644,-0.00696245350647603,0.02426633865317722,0.13382125412231488,-0.08004376137931175,-0.11042628450045948,-0.06392837845497429,-0.02785929085966845,-0.033884228007684654,-0.03216437671218633,-0.04893120654357068,0.06324902432934258,-0.007966128067068649,0.08312789412330128,-0.03335068422267157,-0.07412271870255883,0.007761673273803155,-0.04552539574656179,-0.05162234412792103,0.05661962836646921,0.0460674026090538,0.00606602631498114,-0.054272216963379194,0.013766345479811913,0.05977091421575561,0.09868760104677773,0.051383643746871606,0.08492531335828345,-0.017518102138702557,-0.07421553999907886,0.03725776360083839,-0.046847525238964266,-0.007666590351335241,-0.05521367694434557,0.01606662880588078,0.03654986293558889,0.009866645843818894,0.04928470311954932,-0.009371403758696304,0.01943391752199451,0.007568720064815188,0.08433727591175072,0.02989906972059736,-0.0442791457000334
-0.04910281031878758,0.01698608963942331,0.017612391092575484,0.08598271411630178,-0.09372000664279864,0.0027465751534465604,-0.03747793425940847,-0.017277707034501977,-0.006371455190782691,-0.05688020623397989,0.046454902235369355,0.03380751610290622,-0.011539277013576198,-0.0165945222566006,-0.028718962833017676,-0.04861018130395256,-0.006743993100263773,-0.03534875045253385,-0.005826027080648827,-0.016525713073091475,-0.011949258970782393,0.023769143413871152,0.05212792689091365,-0.04334219579967547,-0.0045836227975273765,-0.02416493261299213,0.028693502204633386,-0.02580189303129801,0.0782473142141247,-0.023949459283318875,0.0376332690861457,0.06071099743848239,0.012686412533403598,0.06334760993131938,0.026051485956588117,0.018222423455376714,0.09125342951440192,0.08979760260422437,0.0713463120881417,-0.023112752992281098,0.05293326245512529,-0.014305604447950702,0.03502638417805324,-0.03031635399555857,0.022990650434592353,-0.07559103181333081,0.03666890288116611,-0.08790831964770845,-0.1496713839331244,0.09113519823303616,0.05163887024207696,0.009273455207778034,0.05469566069334881,-0.010873856755487788,-0.07882376632887908,-0.008668228198208967,0.09442875335476743,0.016322393327796784,0.025073367563075585,0.04062437539464771,-0.04673610737746484,0.036322800340570206,-0.028648402874648586,-0.02779769051855961,-0.013832226510259251,-0.14095751390105493,-0.11418081532395176,-0.06713536912576404,0.0014339983199183086,-0.059742435206893506,-0.014032798140697831,-0.18017167511530977,-0.2987857699702877,-0.3017503172968689,-0.08663154076796266,-0.01164320065915098,-0.08397613024842215,-0.16074016078145256,-0.0904141935880782,-0.05245486429198252,-0.01677518420354372,0.0019399124223888008,0.07195979574046742,-0.008175763145754873,0.04016935083148487,0.1032081916976698,-0.07611004378587102,0.10796123774262505,0.05127347086499071,-0.0174600121439621,-0.0033434703380124707,0.027586047686689884,-0.3124956082227262,-0.24743162092927498,-0.5048383232914359,-0.3420594401465894,-0.32842997681048486,-0.24598837610305516,0.07809512692833367,-0.08631157256044464,-0.2988970947937021,-0.25688154588661244,-0.3173382436245245,-0.21731296171508183,-0.10781838693683374,-0.1713681249588145,-0.06546258561157849,-0.03991970161495744,-0.006786798147681702,0.012389542375769828,0.027836593421288774,0.03917073740534371,0.008502252958742799,0.0010520679118647012,0.010182275508497395,0.021025749497253624,0.023036800663464706,-0.004135085938702701,0.03276587958026892,-0.09932736394044733,-0.15103195224453717,-0.3422755870818415,0.02876579543928403,0.06609127670636726,0.07758330026386163,0.3330588218275739,0.0035103086580116393,0.01194360015272175,-0.3098962114715974,0.0928460116221008,0.22708344703564212,-0.19520953502369176,-0.26113011400639174,-0.4315330154592887,-0.11094922846221401,-0.013530493394475792,-0.08701493404806124,-0.03140725484057714,-0.006844591456192899,0.04253815699043111,0.03461051754975794,0.01903827594960239,-0.02100307768425136,0.04429813636591547,-0.07056466208009239,-0.047853884268902885,-0.2556275048963723,-0.2900937778447893,-0.20655660219108368,-0.2527887968406455,-0.08191314766046834,-0.26374774671071927,-0.32795144783194813,-0.24407153681433466,-0.18722688555786957,-0.08099044918730836,0.3255915182340325,-0.20283284344741642,0.10630733647301341,-0.10080941114359694,0.07820282960133902,-0.13791428254196814,-0.0011503502232792307,0.0355917123176596,-0.22693443466767266,-0.04626396440295904,0.0453136249264755,0.03010536997314222,0.010287448092586728,-0.02666322404014983,0.010803538284459681,-0.0022165973158445487,-0.019281992759978227,-0.0610617513102609,-0.21626546724993612,-0.2794765183161963,-0.16720602202964302,-0.3274292687939452,0.0987262709369546,0.08034006536203657,0.4689042150084361,0.0932924599387986,0.13237795127156196,0.05748181654543211,0.20182157201977913,0.184098834986531,-0.16764275487374483,0.1653736025262031,0.15492910038131869,0.06437686360471595,0.04811260657611068,-0.06392935582023065,-0.429129971931188,-0.37134213590327947,-0.1103167323027739,-0.15651719258696545,-0.04304765269616439,-0.07113662215724566,0.012926894241196077,0.029002557271395845,0.014284468530081716,-0.1670067822747008,-0.1684925765965902,0.14645648813623316,-0.2816762894279404,0.08146308278893384,0.2949019152641652,-0.14503708038845667,-0.14671793050988075,0.2853907114841989,-0.22034961108503157,-0.06783525934631786,-0.11073689143647883,0.3885304742757822,-0.3449816156737561,0.2532650098376546,0.28273182928504714,0.22425016223971295,-0.26306903978904495,-0.2746458861879752,-0.2301069015100012,-0.47494735134296673,-0.10633325101355667,0.0219920250845088,-0.02365354817129124,0.041373460220716196,-0.02836837402205208,0.00963581776621196,-0.0909259410249569,-0.19916475109020457,-0.032489496331162104,0.0013581204335870285,-0.07564244397192145,-0.4858050083775707,0.025183977931799845,-0.06269860853637543,-0.36214718268935714,-0.2622401845759581,0.35251685680420053,0.027897369847356926,0.3160448836443774,-0.1571903066728296,0.8060257925618936,-0.06142203954646205,-0.19992513205207077,-0.12468865715511088,-0.32220394237366273,-0.22877527148370252,0.08276144075230575,-0.26829846154161757,-0.0515966294773698,0.004894738683213166,0.01393503245528866,0.024452547355675456,0.012332036385324398,-0.054006145843704854,-0.1717283664900103,0.0017870465659129914,0.13166041089598465,-0.28506604903066085,-0.2311616804572631,0.23596989647552163,-0.10647126452196143,-0.034346668206639834,-0.013229712337938668,0.2324105269726902,0.06870833144694351,-0.00634858158801702,0.3625332582547953,-0.22662628109119995,0.10826558591778178,0.4356118193173251,-0.11512689026152736,-0.006192545649995173,0.17525027264839801,0.09233518493252055,0.1817006259852181,-0.18813594134235076,0.021863053179341254,-0.09404148325626578,-0.09888043611088453,-0.015154285752478099,-0.020386059169776916,0.0026198511657922344,-0.22008506719988416,0.2123776109795185,-0.07409006301366192,0.02201030745172737,0.042679188677615706,0.3143849509985241,0.011172341657276912,0.25296154426782314,0.3272251930523524,-0.18941303847976285,-0.26264039517605403,-0.27390169633897676,0.08742973164724054,0.6372218454460356,0.021909270673329265,0.02767352191921028,-0.18369586852982442,0.20742836924796848,0.4315331359279322,0.28065103589032386,-0.23761517869652674,-0.5187605506374761,-0.2399786055340488,-0.03502569972956866,-0.001502499123495532,-0.03261473592305439,-0.04787130010162087,-0.1656330772337095,-0.04950771232381717,0.07711950575748144,0.154548159645388,0.3257412487617243,0.10094053822776489,-0.30813060129207753,-0.20287812757788537,0.03723338168762616,0.07592909382309297,0.16561629741355705,-0.39417037497580143,-0.3501825261268892,-0.14218353928344596,0.09072260892814112,0.0009331030079106393,0.3536355420482696,0.3804660771173294,0.20972331668794195,-0.18123021848454887,0.38355046307484486,0.06319190084306857,-0.5076199015948238,-0.24526653821279043,-0.03431003203409193,-0.026256915807138955,0.039949226381464364,0.05705969929597695,-0.06628461987663231,-0.05625471385123998,-0.024855623244498408,0.3307363344746777,0.0994968537559254,0.11175694933044823,-0.18192170017130904,0.3976292534101076,-0.4849104109702491,0.2451696105290667,0.06106561277328545,-0.3879221062379056,-0.4043046658989644,-0.5263184029355064,-0.36511223193743425,0.3542299531086136,-0.10081352089792868,0.4960497205685713,0.08781907306115504,-0.00949694247004191,-0.16829362235633186,-0.1094719315782391,-0.24494085010013172,-0.07378553298287709,0.07339493055809125,-0.11163228676336057,-0.029094646401524607,0.044000272438524,-0.09642121085066693,-0.31469232014072496,-0.09615084931206727,0.3174888664003996,-0.296636587610428,0.3520816311418298,0.2023439025421854,0.125654923885436,-0.15645826153150813,-0.13888460609950573,-0.2713738912088013,-0.486344827021286,-0.8670403783919572,-0.5713836248534793,0.44462756649382534,-0.051621621179335636,-0.23816844610013613,-0.07960306247676738,-0.7077019651409797,0.17293088625738198,0.059381628813873634,-0.10356326151008184,-0.09957647749991391,-0.027830468152678076,0.006143867554915304,-0.008396446574127853,-0.045898683802306224,0.028253243109934417,-0.08813434034792453,-0.3418327806945552,0.348779709769843,0.12059625277464815,0.07029076662957293,0.13051534069151052,0.29881152433750946,0.6080984779146501,0.030416883630896337,-0.02521948976152437,0.6798126349879043,-0.39130166583116777,-0.863607914735675,-0.5211092511339546,0.04344763689760362,-0.31685789776545337,0.017194862283314006,-0.025142099872766235,-0.07443198848756089,0.33897142583210765,0.36736118447320243,-0.011147213260330009,-0.08427586264551838,-0.030141343199308314,-0.01250931884149505,-0.04904775968551614,0.039697949003158685,0.03805126851381854,-0.14324580402768608,0.1650754916976579,0.2600915045566489,-0.04959387865855442,0.2696662200338965,-0.0216221532698822,-0.08559539157383249,0.2984232149751944,-0.2695997574291292,0.2771208402781697,0.08355573140313037,-1.0028175626461961,-0.662844261411861,-0.20768983281886774,-0.5263978435272842,-0.14729106876239836,-0.7590516025502465,0.22691399750524097,-0.17926089681097238,0.47344534666715754,0.10917608988403593,-0.11592314198880137,-0.044059462351359,0.032163155531546556,0.029344030706016103,0.10083663440558953,0.004259094750837824,-0.014690237334991146,-0.10531123716619657,-0.20086668913446476,0.37120426663484074,0.3394410246554246,0.44071322171406,0.21703889316899538,-0.09318291291369685,0.14604532326031014,0.3104105689152027,-0.1364909098370609,-0.7280280105292706,-0.9044285662001278,-0.4488945023597529,-0.042105241014233054,-0.07224630338832785,0.2626154332258785,0.12967526259754572,0.1999722802224073,-0.23436725193524544,-0.061357752179235295,0.15185254723194158,-0.3546807250344685,-0.11983298485856805,0.00337602063908207,-0.07055677936537234,0.018606752323880787,-0.016056780610811595,-0.05430874326989493,0.05008152688729318,-0.020288885019672256,0.15352908116476846,0.2984832675138864,0.06028749373102902,0.1598586422037105,0.2510193752494377,0.32759235049503566,0.44986926370450453,-0.35925613172031823,-0.5253795430711858,-0.444253326747933,-0.0961516956770988,-0.4667689811468188,0.31698251832509106,-0.06349096198888995,0.6137374342223444,-0.23175990328380403,0.11759352159124824,0.1497949778087567,0.08035853858658774,-0.03526775938168521,-0.1092242016385485,0.07742267245149374,0.02659665395821907,0.02149870607820036,-0.0377825633967769,-0.07614632614600707,-0.21399628873748486,-0.27494441199006164,0.09738007704071665,-0.23268590459744745,0.5632357192391725,0.3738481894645678,0.47129092168940134,0.0017461993201123216,-0.024641421962210044,-0.1689221756625419,-0.726609354546567,-0.07245301351100476,-0.04183803758503742,-0.2448405778323572,-0.10598755944071019,-0.3134165855848995,0.17964667190698463,-0.5301385232305248,0.3968376903433157,-0.12733356994000716,-0.5159966507256257,0.09659891387694926,0.030178944669320418,0.12439882963678209,-0.017521228180607036,-0.08199187102215846,0.057716762519396586,-0.09769693997203004,-0.2859203069488591,0.050980569598912166,0.1985296564492026,0.18029623032608977,-0.10619372997640195,0.13913613711587722,-0.12057044205340273,-0.0732402645585105,0.38695679144439876,0.18736095905536626,-0.618913073918728,-0.47604557450560836,-0.3451880551897782,0.008245465676250535,-0.008759257616501296,-0.033290882615118055,-0.17981698958886946,0.23636688838037664,-0.03642698843897777,-0.18949319149021177,-0.1698343394858428,0.02684515470300934,-0.020217613925288935,0.02294751787233348,0.024754278196637444,-0.04628507476306941,-0.007789896384658359,-0.07833804723333992,-0.2721639763043007,-0.08369295358870743,0.02715583396784462,-0.12082158973159438,-0.4386525937467261,0.1709512593394488,0.16544227545637757,0.5021857688519795,0.3747509645061448,0.27358940427397677,-0.09259321834820627,-0.385192160717539,-0.0689478301135179,-0.5596222979159585,-0.003979324394910921,-0.34478225960854647,-0.2863922469358848,-0.06216691127719846,-0.0986460077058932,-0.1381231815992062,0.06946732577424934,-0.005691614911255768,-0.02238170151697247,-0.07061970041443251,0.07842099544527718,0.008239534796222367,0.02966427522672415,0.0011225889966768503,-0.1418329235836051,0.32129092896431377,0.34395554444267085,0.365809906127665,0.10265525995798845,-0.12029385751212524,0.115696535924465,0.38338113274382585,0.3788472731203397,-0.0852471040266558,-0.1165899418259064,0.09917458231414779,0.007653649011152546,-0.020113520407605102,-0.3823918833969186,-0.02869929782003557,-0.4570726026765445,-0.045522525632419354,-0.03883139746650771,-0.08255630259599935,-0.22957737915749604,0.011837908713438693,0.043944758043144225,-0.002090909714033673,0.014935719488286538,-0.014070063806805155,0.03253453574873718,0.03324274238764488,-0.08112879548502148,-0.06765110119953446,0.16906001102562662,0.2685847033105816,-0.4020286652387147,0.035318712540717334,0.2831215693356663,0.06421382405500185,-0.367338704688147,-0.2603629693732993,0.9569823256804817,-0.09125042619660263,-0.16603497018445168,-0.21033867558598207,-0.401655405177867,-0.07388350688286294,-0.018419607053164363,0.04374728156200522,-0.3153472897239598,-0.07844307836941905,-0.08365743626863759,-0.06903343925827161,0.0426961568067843,0.18571438574332164,-0.04396441376967439,0.023752826450885167,0.08738899274316661,0.03797838190038548,0.011217756894303078,-0.15355855781585845,0.013563284917177332,-0.16576289280218962,0.09672463854937838,-0.08202524009646348,0.08888896336665562,0.49850100078054993,0.4235325169058605,0.22337715513991224,0.1274156283601731,0.2298837121855197,-0.18076130208423463,-0.032464615628462146,0.30697449380892927,0.07034369242089838,-0.36962072412087754,-0.4200186305203848,-0.16774525953212965,-0.04178149242714647,-0.04795146102713246,0.013388933167345731,0.0177661758998828,-0.05004500555942191,-0.014275117707052365,0.01071445031710229,-0.020618803990928122,0.07784347322991544,-0.04892938507610936,-0.0756627621669958,-0.07884245930629384,-0.35868795273500004,-0.16629325998322395,0.09779537726382954,0.01851434437901538,0.10892753098507064,-0.15561510370010506,0.10777139066004045,-0.10722099953818456,0.20692380351736747,-0.054606654389277705,-0.38857114328389164,-0.25176383667729924,-0.15816465993952433,-0.24192959585687868,-0.3359599749640969,-0.23979579938470927,-0.06041799469444219,-0.00039037561358202773,0.01775787098368159,-0.057053607411426045,0.016694604736819857,0.05059570112427489,-0.021862287556505017,-0.004527382100874904,0.11159735925505818,0.015890476557800057,0.00701323606832582,-0.0004566479707086995,-0.10503345194381279,-0.12129876585563103,-0.30904008299333147,-0.2774606220827945,-0.46374975901494686,-0.34359175168780753,-0.33211022414800595,-0.13878122840496468,-0.520639458496698,-0.6250558043645168,-0.4787976387774963,-0.22300618777745868,-0.19748226345964676,-0.03928253784957895,-0.11704813937680134,-0.14877374057161197,-0.026470922132198777,-0.05596922756390353,-0.034212137630392846,0.012198281321621918,-0.06102388721826263,-0.04813170443242115,0.014682036679517877,0.04866417493721443,-0.0051101887044810255,0.08756237115429001,0.009496658633600242,-0.02213089489395283,0.00935277917877415,-0.06298692993975247,-0.10055841677249022,-0.04524446118695744,-0.2396702156788737,-0.34502281925471445,-0.30972010772071157,-0.3337812064716685,-0.3508715245885865,-0.2420642414206904,-0.1604208041808455,-0.05753413485340505,-0.05197893434928086,-0.07920302108720453,-0.07222532647045425,-0.02321693310681013,-0.0809654560024218,-0.04098426898813996,0.032516581549298124,0.046317031773295436,-0.059352563486540603,-0.01738535275761572,-0.003945099258070445,0.04206068653226611,-0.08521344077107376,0.05459786017733841,-0.09654679826307008,0.01475790743619379,-0.0058303974367726885,-0.00051446425176402,0.014854956271701313,0.05723810652159743,-0.03966937173755118,0.03851001884625387,-0.028437085167444316,-0.002317688252187902,-0.11777997576681466,-0.02188612646544508,0.031936148453962476,-0.05135638676815499,-0.021985902780229043,-0.03175424815082292,0.03770294500049298,-0.058224610767874704,0.013665154167573107,-0.05328656736468201,-0.02102605731299066,0.036903904968795816,0.023637025542870435,0.08968767291639101
-0.0281056794697136,-0.014059998138594206,0.04937268343676198,-0.00016316330391830005,0.10181676179717251,0.1011988084287809,-0.02372769726918163,0.01722247071453384,-0.013351418464136487,-0.02395851312988066,-0.0015468563771877419,-0.03466544822131785,-0.05662604223710008,-0.06737679196525259,0.008880151967737546,0.0030032811059353586,0.07088211406505195,0.05725420969900116,-0.10121099255411906,-0.01582160953694432,0.03305361085061619,-0.0025196797299950895,-0.030787002297590217,0.021035849896769526,-0.007560565093139364,-0.010442122844206338,-0.025891020031399238,0.016670571181576065,0.01140911421795055,0.03114583912113728,-0.05591386316868709,0.011525482330159133,0.08935897215141679,-0.0335678319198336,0.021669282842163625,0.011812560160385512,-0.024574598501706953,-0.027925714520801483,0.09751912890451495,-0.06454002068586287,0.026880776294001544,0.0383281799668352,-0.12438938923913354,0.006267529668683259,0.035666196731375985,-0.011263025724137938,-0.03974860782214435,-0.010933616668451988,0.06098870018632143,-0.0549022383463231,-0.026125065164753877,0.03399649012849223,-0.0177010155433355,0.0391958630606658,-0.010917819649509022,-0.0652328998586276,0.04287600265777291,0.0001736157039530574,0.024157331511451913,-0.11767634468614525,0.03126331370627728,-0.04140763955280814,0.02733380146126541,0.0021663315479791972,0.06644277584752731,-0.04171724411044571,-0.010551070039396392,0.04828218619280563,0.06552866363255751,0.008469697928903215,-0.08244223611457492,-0.07674100357503878,-0.14159080165163954,-0.15438978017640878,-0.033772807864476534,-0.12348328054519138,-0.11781894074775734,0.013246525094397138,-0.05922009453887515,-0.04507514814892777,-0.015771073965538094,0.09132558279928402,0.018870204929667008,-0.03409846098241143,0.009483015580306965,0.036990878372679066,-0.03056612322449779,0.018398373469004404,-0.016097178165748956,-0.004954677433814987,0.12519663758107852,-0.07067623552965763,-0.00042012611664525216,-0.04302917735288507,-0.028637415195137458,-0.048489538698273105,-0.019584582159492915,-0.15243224567683683,-0.03368046285496336,-0.028173724039605334,-0.056257446518734204,-0.11794786513177166,-0.07639041957464908,-0.005273241315204676,-0.05020427852498385,-0.04131102620854564,-0.002814292517701511,-0.015566009605025407,0.15824482898491046,0.06018002205227154,-0.05715906468221621,0.0124081170787818,-0.030422698452797617,0.011320268755318148,-0.03906112969009873,0.005773113600076288,0.04808824217745738,-0.002463111134681549,-0.023798555562995864,-0.07689014541319288,-0.1260323146495694,-0.1384372325170593,0.029032876181253563,0.047032891147505425,0.047476906468569974,-0.05602924550964592,-0.005154047813806147,0.20406890207369377,0.030952058709306254,-0.04280535455520879,0.11480191929331261,-0.016982254827111937,0.06374302236467631,0.028453768777603985,-0.07035581541143257,-0.06645658664768656,-0.0311040566631559,0.04437016581657134,0.020801393245336856,0.037901296640074016,0.01777263157864812,-0.09016763500190443,0.06522938023966682,-0.06078677579136771,-0.011594244668961645,-0.03258534422145572,-0.04140302940138954,0.0106597915264111,0.05165540907006068,-0.08011569982624682,0.08286324880870086,0.0683446937475664,-0.02118698227838758,0.04463347697901029,0.15909083428434154,0.0310388697558695,0.048274695187299564,-0.20741597029029032,-0.04578341916731068,0.0319493811844889,-0.05213281055532836,-0.04422240807632873,0.04789162343475448,0.043053003993930444,0.019180078949046813,0.01585575533066175,0.03652892563153911,-0.006591246220395723,-0.021306672118328745,0.07590781394710401,-0.027767819045570054,0.0225957199651298,0.004285852840443869,0.11416776856390658,0.04878563881817739,0.021006707711199786,0.05303484565299205,0.14634669171164155,0.04820150004500656,0.037337827135945315,-0.024875859151947545,0.12398665667750815,0.12522778991291317,0.05956300500765824,0.08582732939465489,0.09441874717087272,-0.002123212814520986,0.08985864172406668,0.15528214398267065,0.04551439126556911,0.06361560128591813,-0.12973303735832917,-0.08728695186787154,-0.05832198264143356,-0.012000770563355693,-0.06938966570452564,-0.07148712126965005,0.00521520601109059,-0.0216838630673269,0.03993547606422859,-0.010185851246373563,0.12330049436521767,-0.09122658228400957,0.06034230011778991,-0.02849512653506535,-0.00429197317553892,0.06007248735010982,0.01843520684868691,-0.11693923061095489,-0.047942037144920374,0.12267219554157012,0.03970525103893296,0.07977749769953846,-0.06235659877587553,-0.08285813308710785,0.1718301495125309,0.0678611385942878,0.058366406214181404,0.032164654992847076,-0.09115592221235326,-0.242591564245456,-0.11007264082842183,0.038783546132846056,-0.03411689518272624,-0.00865678785936128,-0.07342545851228627,0.030401982874067594,0.026590346740418127,0.20820318374565672,0.014915873852060328,0.018493163847850325,-0.1655572371894296,-0.1825623755323219,-0.00952050777535075,0.012565785014002538,0.0031858973525415797,-0.01734204680004404,0.10994346031785046,0.07147142773486567,0.10730470722338369,0.03712618976424717,0.016750892607896455,0.13699914237571126,0.05942497612348862,-0.007676300730521056,-0.018342937747718856,0.04234212018032323,-0.11273506381688951,-0.17623020242910714,-0.07189670416571232,-0.039368240504145176,0.025205587807860506,0.013124014447275262,0.02439192142659819,0.01683081064438981,-0.01376808285175183,-0.0010636280447651853,0.010190189933577336,0.0003253376930411473,0.021647611230876003,-0.12794223626087817,-0.0008359909129722246,0.08672418506369596,0.017612878644614683,0.049056628950945286,0.007261368096970094,-0.005722736161549472,-0.06274551910261325,-0.04677700903929503,-0.014619242527621807,0.005516829566890993,0.11599925177257801,-0.06673459720153647,-0.037645785980998735,-0.007615636161075626,-0.08885170136990456,-0.12482679304651242,-0.08773647183381282,-0.060480490670380485,-0.019319159926318597,0.15343907961634043,-0.04408598953967171,0.13154099600443575,-0.041738209194939126,0.0032024446088496886,-0.08282151024706416,0.021239036484704144,-0.06090576093126626,-0.24198709833141765,-0.056763006959418036,-0.04445942887936265,-0.29775995521734094,-0.13671867559580447,-0.08638017998203515,0.05993233119728511,-0.07430777287532359,-0.08136516457217384,0.052055414496662136,-0.04830141462828771,-0.09557842902215312,0.0346320387076242,-0.17527165106343787,-0.16639597680073398,-0.0343910962528526,0.048513640647195336,-0.05433554032283865,0.07807708677263869,0.05127400482890576,-0.052133601154679673,-0.08669283524142223,-0.006129955832398482,0.021379664779378284,0.053210572833017396,-0.08250555823861334,-0.037029243892068,-0.26562812575834344,-0.23767435453466842,-0.20399500174044508,-0.2511464202795196,-0.31880873657201936,-0.19817862087390678,-0.10908301205341936,0.11936987795410639,0.08142608412463861,0.0022362016496728877,-0.026479301343694767,-0.22152587894114775,-0.0846257024484435,-0.07912342160095003,-0.19697957386005246,-0.31789955121167424,-0.09600177334543705,-0.0847921194657776,0.00792578647752412,0.05361178437321212,0.002393314911903526,-0.008138754154697331,-0.045684209648513205,-0.05631650578995734,-0.037016978559282744,-0.1390070439171109,-0.2529554051350983,-0.34979057097521804,-0.31154974051848405,-0.20440681090669635,-0.04884231139132743,-0.13498184916096462,-0.14220710153739882,-0.16281896487921077,-0.023315901453955724,0.17327285812143423,-0.015413500996549678,0.03913612481894927,-0.1257605513013102,-0.021701531997631324,-0.10279193611599112,0.05800276397040624,-0.05226579594705975,-0.041470409973061804,-0.08401098402019208,-0.03233951984243631,-0.02980565797145116,-0.06733408495925049,-0.024520593187153692,0.026716074222468147,-0.08003733127201985,-0.04437008729295274,-0.07046067613882048,-0.1134647137454508,-0.12628294176218424,-0.14361521394304883,-0.12495208747695569,-0.08341041721168463,-0.0727255763047805,0.05524929490089981,-0.1348373958821252,-0.1485673961055798,0.1265659134301934,0.05768898405323141,0.004663921016121484,0.09981642304243214,-0.060899496733602405,-0.009371568607192949,-0.09319617391016204,0.06261804718081267,-0.07356321695701179,-0.17825344127901085,0.04087592040358993,-0.06352187993480313,0.04330962241097153,0.025449265410120155,-0.05170126865259128,0.03432010342052617,0.0018811525825241449,-0.07311086640795769,-0.10793952327592264,-0.06522238311285106,-0.02421196616241086,0.1441735131290587,-0.01619976501256607,-0.12739034919581324,0.04682635159451455,-0.09861905758913905,-0.1044118278697554,-0.056546560668209615,0.08532994921466493,0.03459257152425759,-0.020149503525986535,-0.010592859626838423,0.043411770972128165,-0.04361315079417033,-0.04496603839767098,-0.045011520774491484,0.0491300986650158,-0.02820807032176194,0.06885991255396673,0.06757641736769425,0.07294616880274483,0.06611704508574505,-0.03449474118545719,0.009512947401245453,0.008089220575312583,0.027497420481326258,-0.00644307941203419,-0.13772446538457953,0.11424945729504783,0.046626769761083965,0.0014887279330136143,-0.08507790885837292,0.08513077973346551,-0.01755529646905373,0.06445863455397302,-0.007617056833984955,0.14694397350273705,-0.04733398724874277,-0.06979360405396659,0.030875305225761825,0.06587875678978457,0.08552843755896795,0.021327789774998576,-0.05029563076042408,0.05598267734404949,-0.0012334374760799177,0.15761635326881865,0.07467874992472187,0.021402153456657382,-0.06084183715079478,-0.010521392823332231,-0.09539439216684822,-0.05721571673691912,-0.018712032558243816,0.00666726877923213,0.00621132579474366,-0.025163103986981357,-0.016858022067024095,-0.07391389815378452,-0.17505516035720506,-0.024420066687499017,-0.013048961301712634,-0.04510430865865312,0.2132695037211542,0.053600968734465466,0.052778395876190105,-0.15512421064332774,0.053824851572741556,-0.036650792343022015,0.11201868982596301,0.02195254031195332,0.029135886898732935,-0.05947224247464346,-0.005224880617208607,0.013541402144674955,-0.1219633767355537,-0.03995835921641884,-0.0815853904097031,-0.015562051132658215,-0.03076515793751271,-0.006751967212101731,0.0005084160961294146,-0.06803317664544127,-0.07276983762341739,-0.017044247725940227,-0.07160298593599274,0.06497648673781407,0.03271830222608804,-0.028211010697472366,-0.021443061429990067,0.03976587247880678,0.001576336407650601,-0.032372306743270775,-0.03713782515903961,0.047268640279814624,0.20600815142323775,0.03387944180798142,0.008470882707929044,-0.0643724129053362,-0.1397174735442385,-0.0009508158558570932,0.04946909234980092,-0.014805170655685025,-0.059387813991887015,0.01722164063288064,-0.10873946514038087,0.009296588135790302,0.03150541862924412,-0.024905191389680136,-0.02108929166943449,-0.05870799364737231,0.011206788082337,-0.02236053470403337,-0.006547851158017339,-0.05011341859898172,-0.17214026482491215,0.030114556268144188,-0.01680688977581145,-0.07136098941599184,-0.13263315958906136,-0.21356946160155083,-0.004296513643426614,0.1384716434858532,0.07877923655931081,-0.1879364735932296,0.0912137921595313,0.01401485738766324,0.11270067678948849,-0.04920621406381201,0.08833047406567156,0.02164633418290303,-0.06266026973027257,0.046243247425056096,0.0076920234003950445,-0.02104030187311272,0.006564399348644023,-0.0012412227838868646,0.02464274016473643,0.043574469824016165,0.06365668259728258,0.041898378264798614,-0.1187240025864328,0.06202079266644428,-0.09433345835740123,-0.045959705671012735,0.08555309867895068,0.12936564473908618,0.1537664042219961,0.020489591448246504,0.08452414811416548,0.10773937791514265,0.03945487080410285,0.01299242437166396,0.0719555232013399,0.09239532066793606,0.14098363153464172,0.05216383392317726,0.0682544697491917,0.029413705466051834,-0.0014546559225731815,0.1424891243157579,-0.077578367910905,0.009765988553188297,-0.023567972022090888,-0.03865379780469241,-0.004315927966325058,0.10902712770423618,0.11283711919577573,0.204730110357766,-0.10756878354874874,0.11614525246859117,0.2263089864705882,0.15339904675468552,-0.0738088067065468,-0.04956718929115302,-0.08323269411221579,0.11074349845131638,-0.01768583713903765,-0.07301067924085931,0.13520209927910407,0.16703509274869432,0.035597970808717225,0.048996145122549385,0.015940355157749754,0.0660825510847023,0.09654457437436188,0.04389517976675178,0.010324221339867799,0.0064855898490619145,0.013891814594341583,-0.0074965585950339765,-0.06439241429341125,0.01629866128407435,-0.015180988420926956,0.022532131713271248,0.14286451863274904,0.12959335108752854,0.07194722962140179,0.17494068313517291,0.06259063033791239,-0.018399872836534388,-0.07339844849645441,-0.04245422124165483,-0.071482679544292,0.09565074453167476,0.027001458887212185,-0.04482315953692014,0.004328324130458354,-0.07538162621001916,0.10110170694532264,0.04336163137784816,-0.011281289755220044,0.06005207280595169,-0.0465251259050971,-0.17322822744991467,0.06804947843564411,-0.0012701787775654745,0.05461022705726105,0.10566378613139712,-0.008883858536825747,-0.022448389872304474,-0.036996248019172236,0.07441625414145413,-0.043684528202409645,0.10287100435529546,0.009303987804877664,0.030286923095261632,0.17477385177217253,0.05754764694087938,-0.006681789609370901,0.14023885207190404,0.036574860917408046,-0.07421869394840246,-0.10624978691364398,-0.05878049534571352,-0.07141230283692142,0.1410915290779309,0.08706059413521638,0.06560449538270802,-0.01905632755222136,0.12636890308950355,0.07251779589012071,0.02275534340495448,0.014109803863786845,-0.06902026984503472,-0.058798446070507986,0.03315118502547569,-0.003165922412576052,0.023215896143722943,-0.06482261638573891,0.0010497931516316138,0.030261014266887716,0.007011709088692567,0.06678795452210431,-0.10458058868616159,-0.1743321026507637,-0.08030835019296906,0.12988413258354228,0.003376892259130111,0.0614698247372459,0.11410252311328033,-0.07809007114298674,-0.016259688432786867,0.0160150684359201,-0.037354171223063885,-0.03091918221495782,-0.026750974901867473,-0.050131051200894075,-0.1377325966761619,0.061633824213125715,0.03189066926632613,0.03765513135555741,0.04469850705800114,0.05481027409825195,0.09252967334347707,0.036952308102269876,-0.038183978376531216,0.04145414727581664,0.062254173671067316,0.1442251387659575,-0.04040930181421828,-0.09240277545497072,-0.024133597660643068,-0.032273476759252025,-0.019281127325688648,0.03596357965232283,-0.12516379980122314,0.05871070906262952,0.09108538285963332,0.07860902757505299,-0.07923070483623917,-0.12107087375820441,0.039174276730932475,0.10429143496827843,-0.001187717640286382,0.013986736715392646,-0.10645455723654759,-0.03935530918763354,-0.0824355584608224,0.08270249760556847,0.021759420727832837,-0.0021633943126111465,-0.0784545139064602,-0.06761869687352842,-0.012975743643604756,0.04762756702313301,0.017105858667163326,0.06969037898994658,-0.045346048767672585,0.009088615702744489,0.10447466829202091,0.20853429247057473,-0.023252573515302237,-0.004137696262221964,0.07061584198285294,-0.0031002011863435655,-0.015141130300830887,-0.03631252681947728,0.16424623426439297,0.26994968030664884,0.08274298760978403,-0.04893580663718585,-0.2008588401918394,-0.04905709021855381,-0.026046627699527557,-0.0340577148819059,0.05665319224531821,0.14945197064356763,0.12200126780206395,0.028390684886858544,-0.010811657892626681,-0.059821296509495636,-0.033551199401564896,0.05707568722236205,-0.024176409700070914,0.03302531191427774,-0.04793001301310382,-0.05130489442466163,-0.022582359643310325,-0.0529879166920829,-0.16147848379232527,-0.04769613337221934,-0.16251639028298223,-0.15731287166522692,-0.13944739498505895,-0.17467847303949907,-0.14739700717823215,-0.07309905980174738,-0.0494882202068068,-0.07838575842745917,-0.01028680696111616,0.020500134846386915,-0.10474657990728174,-0.01771976106132443,0.007828635326916621,0.04623464574349018,-0.02023011776704179,0.041147081542910045,-0.08674982846553705,-0.010363498409255826,-0.047200623812970154,0.00834890017333649,-0.030505655039870197,0.06087678467129216,-0.00926783399675422,0.05016388370511667,0.008391575341443094,0.035685466620428534,-0.024537129092082048,-0.04911733372758432,0.00461987179544215,0.06580132358127688,0.02317396009399516,-0.07593864199252216,-0.05979369797693954,0.006779355942323182,0.039143827179850696,-0.06800875290376626,-0.07555399008756035,-0.02578280257513995,-0.048323743784597466,-0.0471264601081785,-0.028968346149504345,-0.016620242130958644,-0.08797818958679003,0.04740765220374338,-0.0647211508256281
0.05723683114075351,-0.10593799628295088,-0.021857923738944,-0.004944064456141219,0.010108490256778768,-0.0025627922762682417,-0.047614819993500465,0.0073166748649374875,0.019525269362433532,-0.0455716161457751,0.060522927913019886,-0.07886923520341588,0.022470128596485048,-0.0939008467829705,0.0024320378647496245,0.055498350373072866,0.052030614730779565,0.047416444647870634,0.014279520050874458,0.07942693030849768,-0.0727880841338921,-0.049336210951378925,-0.04497571474983927,-0.03184185472513645,-0.0338399978598055,-0.027438447131447597,0.06750494274759769,-0.035275006278260364,-0.06368994005592192,-0.07929282699009578,-0.05797757714291011,0.05038198303757883,0.047620514409691526,0.021258183507045263,0.017916174209883236,0.06485844325488478,-0.054994331135493284,0.05468814752607991,-0.027076933820040547,-0.009775283026066612,0.041177724101284355,-0.032590208746615675,-0.08752017795050608,-0.08088404011128097,0.05157903610671742,0.003279049960025592,0.0395468881525298,0.033333790595702434,-0.11728007124557359,-0.04959022598522964,-0.04179818099266665,-0.033069985229019924,0.047876647055771576,-0.09549684713027119,-0.02363378234877148,0.007210312694919616,-0.029731137939677403,0.0296750920063921,0.09023562923232549,-0.03787835758946433,-0.04480686399763331,-0.07577034340110272,0.006754210526507257,0.012533823234806691,-0.06358033911413095,0.12885276051026034,0.031202538310956186,-0.12184956108492286,0.008492509728661645,-0.03188939517914056,-0.13426235996021907,-0.08583184972213805,-0.09807767467288442,-0.21453718404044428,-0.2004208509282231,-0.11626107226732382,-0.13647535909524772,0.005073736733394694,-0.029921819534854198,-0.016846770402015637,0.07375553895976424,-0.0613478501461386,0.07595899593141428,-0.004428002329808705,0.054895717699314256,0.051316042756752236,-0.019795154169760413,0.0194340152798443,0.06309406075867191,0.09746265605673854,-0.030680384368476615,-0.030714231997953076,-0.11975335059826918,0.055600857376385135,-0.11282347522736444,-0.21006324514524818,-0.16816787371507413,-0.2264293885277595,-0.28475821454528794,-0.41807940866964355,-0.156072231423921,-0.09329913596432891,-0.2099782680309489,-0.12879722702140572,-0.051279138601830455,0.04838176463520689,-0.06834332178351532,-0.030159642531882126,0.03620142735504998,-0.0253068470694109,0.11634894735493155,0.08561997554349732,0.012526309921785522,-0.01630071087729786,0.014988331339410785,-0.029343270162864473,0.04187652560098026,-0.053659921322396005,-0.036534706954240076,0.0458077517595675,-0.11723183341057392,-0.1551004820652624,-0.01174444935880079,-0.11636468069463896,-0.10139216827611292,-0.023856892370392943,0.046421715597536634,0.018721479588086037,-0.05527348792373035,-0.0982641456657937,-0.0418573378398067,-0.04651987965986547,0.02748909752669664,-0.16746415028568115,-0.10096582635669565,-0.03827720984250485,0.013598313028692815,-0.04171848180011615,0.0024469516747625012,-0.01798659387428127,0.050468884178746606,-0.004877900291140075,-0.030235310002257935,0.06495746807276712,-0.016592967960162547,-0.04143136964971477,0.12560593352999547,-0.059828875046892556,-0.11010517226722419,-0.08543879435684756,-0.05175218024413482,-0.19072724954840833,-0.07165029797608571,-0.005664901421709973,-0.0655595716786614,-0.17265887260302898,-0.04175325878888187,0.014928400174814458,-0.2226254000705821,-0.13268445620481492,0.04190398722614169,-0.02854918050087943,0.05844100766141453,0.09074742096314246,0.16659553178049843,0.08921079039971729,-0.019453847760889497,-0.03311792671114847,0.0030237510148631123,-0.07317559406894461,-0.10942723813906935,-0.032171237366027214,-0.05112551619555683,-0.0039340378411257355,-0.1235463714016963,-0.023352326892386765,0.2434377751563652,-0.20267848383726086,-0.0423339938167848,-0.0404450539541011,0.1930627452584846,-0.2603641051681069,-0.042352010700462135,0.04288818526792542,0.14911298717096713,-0.09693279038479484,-0.0852462477022633,0.03373159425145061,-0.021603154368650963,-0.03791522222147984,-0.10106969957579004,0.004503188375361727,0.07963194771879935,0.03992584196482606,0.057179390916826375,-0.02260165689889045,0.08622273697123266,-0.004762005800075807,-0.08710396039663686,0.018729119766020756,-0.10865580402716828,0.034476016581974356,-0.12337058329878142,0.06393217023252425,-0.0067426033873226295,-0.09816191946890766,-0.09536934551154257,-0.08551692198855418,-0.07174373240869963,-0.18456037638992562,0.09028398850768436,0.0374423637313606,-0.12785703490954553,0.006598939706459823,-0.08446253610042354,0.07870958324294372,0.1859426555597445,0.12064064244817994,0.027673925956820163,0.06908241578161492,-0.09326624357710556,-0.1587239203998933,-0.0018190058348700009,-0.03385369794293682,-0.04606967550223694,-0.0004959469103523217,-0.005856435356496659,0.08562219439981768,-0.0527560938000131,0.02337806827864169,0.043146002982961826,0.2604880131890348,-0.0567929191017233,0.10271197284410592,-0.041797329918664604,0.05023624455487974,-0.07204233990227835,-0.11800311907331928,-0.16007121624802018,0.03125054238731565,-0.05441967246069197,0.12553936291266882,-0.05735863578336814,-0.11196636702470526,0.04271260127255866,-0.0476780667715906,-0.16708966378486376,-0.01832620892881471,0.02858437392805501,0.07700481513760965,-0.03970977461143085,-0.05820549830168536,0.0186776865480272,-0.06342755511214211,-0.06474066396178879,-0.06006356503621469,-0.03458528863022822,0.001695676951329799,0.00029401979849743464,-0.022589873810432114,-0.1411856840496913,0.09704425382822623,0.19505422165209338,0.16390225149533508,-0.039435654909849495,0.17050544265406478,-0.1882486710634327,-0.148488558481834,-0.24152124619719706,0.10256999811681489,0.004812557144506108,-0.05558743204570949,0.09546055333086274,0.15811139220113077,0.043047986144769915,-0.04307058422762717,0.05854640331091874,0.09169263523842294,-0.009596568236757775,-0.02067545709541519,-0.08821532696147061,-0.051207591290248426,0.01622987193978874,-0.0746848704083438,-0.07352108574004458,-0.06876729032030209,0.08487797397994289,0.10152849991060467,-0.038779652392380036,0.21024716670120844,0.2803846652226425,0.24446808697147723,0.255351493149545,-0.00030692769640219765,0.11780979626495094,0.048466820935828256,0.004340614111547132,0.2598387506379466,0.14873127513393586,0.3269826428753142,0.039101860750300074,0.2647336880688563,0.08109630062729535,-0.11246004212551156,0.1297475298001951,0.18417494646188848,0.025459900996081464,-0.018276404801742106,-0.06680186836273463,-0.05934122426149455,0.018782697025554122,-0.01353302113189031,0.001671536674806265,0.046711605674483514,0.19083584250897773,0.08352992411887523,0.07439974307757068,0.15514099663805686,0.09286650636815033,-0.02859694673537026,0.13014098005728889,0.20233798346216225,0.047901753498898816,0.16019066945944027,0.21470644932163394,0.35424895788052385,0.013159084835678068,0.080596926331446,0.02505953478162532,0.09115206726910963,-0.08028388215727564,-0.2390306088844751,-0.06584530610383148,0.06426108075195114,-0.08538567179580442,-0.03720174681129499,0.04830922228356875,0.02950661362384945,0.06131456453270066,0.05901133435425454,-0.06776506482624407,0.15649564156365958,0.18731706341290125,0.19121741328351585,0.13355391623195745,0.02249609448427257,0.04360944031844454,0.09068613037846658,0.056503875190442567,-0.05754018098756295,-0.016601744429653453,0.12940510311716447,0.0862507026173735,-0.05631476258719168,0.2952819794609888,0.056841106154286315,0.2491841562365343,-0.15321568408075525,-0.21263146700462582,-0.2099420882955785,0.002543535916529294,0.12030378656376114,0.052998008982096834,0.015984667353142114,0.005344797653488996,0.09898858635827067,-0.020802041875231703,-0.015406542024703937,-0.029720031276114042,-0.07937105817583583,0.040390108496533204,0.17415781620997056,0.1596190379878915,-0.14702796105063354,-0.10847961695549549,0.1740343622856542,-0.016777908920782632,-0.08402883677493327,0.06525404843751954,0.017715059361056027,-0.008427916469292045,0.0499435910637384,0.22619082457576878,0.14912676836967895,0.12158528898343385,-0.11026923522562447,-0.17738594870908542,-0.01614519239904058,0.09038047041444965,0.11797572815500555,0.014315943519345616,0.005862768387157311,0.04932400747761714,0.03402058691035327,-0.04241047764524422,0.0019336833300525656,-0.1082474539226982,0.025299219455782465,0.05282517601928388,0.1669258798754432,-0.027508509458555687,0.12636645482878234,0.05380843392494577,0.16612544206354019,-0.032156035629014874,0.12996405742320397,0.12217958998848921,0.27675996505195744,0.2039387431906218,0.09775833650165083,0.30365775299826236,0.1033970761846062,-0.04729511715110376,-0.26967602791639844,-0.16584773506921865,0.000946095772446042,0.003318700464880534,0.08879775468871587,0.02260545562458175,0.034263801849785926,-0.01760767698525453,-0.03921855854703738,-0.01346019644419723,0.02000539247408967,-0.2521344311577294,0.07148023077420879,0.029939766955218484,0.14986926065288914,0.006394404686426929,-0.20843502263683136,0.031822516630039224,0.04534660831059785,-0.15338724045947344,-0.066668281823993,0.1299819537390006,0.3378984118090972,0.30972008832065917,0.13406015547212724,0.03011119804959223,0.05324659390168677,-0.16837912480967768,-0.24200187242439672,-0.11807362295519962,0.06273909934700679,0.0478674771181921,0.06364584074942889,-0.07087239234931794,0.05884560857965412,-0.022672170236645754,0.013965141686906692,0.04515706732358605,0.09227784637566828,-0.06695544943434836,0.10856403318173398,-0.07281624069621528,0.016291714741570023,0.07104101557250718,0.18014950846286845,0.08208407162702021,-0.044810571504156314,0.23591394550448558,-0.10912043782624914,-0.003742331452072467,-0.012008393323788696,0.19105183314202243,0.05094981832880729,-0.06653776015090804,0.044481313965283306,-0.020021559688591168,-0.17307713084407,-0.2561572799851928,0.09608343973251776,0.030312309923903234,0.010331589309670958,0.04647916264443778,-0.05074118311533199,-0.011857542963665603,-0.015915382833995476,-0.06883712126901168,-0.01833631717045537,-0.04802474862936919,0.13492962382074059,0.11669700914369692,0.0021990032458262254,0.036791948237792346,0.025534947216511825,-0.06498065129047062,0.02116370451320734,-0.20774662950062328,-0.03238492746453459,-0.09910225961574388,0.21896493760032595,0.338461502593398,0.06802216830030416,-0.05695023822217838,-0.07372811677286037,-0.13624596703898498,0.06569894325991113,0.057475904417234575,-0.06688752855932181,0.1645349311480954,-0.03916440807502445,0.0026830834311554435,-0.06112707486803903,-0.020540911124134816,-0.001282279365547088,-0.05331687009549399,0.03185358905123928,0.09469620256068975,-0.03648251223921328,0.10562950491790868,0.10818385823187457,-0.09362498993192742,-0.12166837594065377,0.002147467954182839,0.09069707633017775,-0.02057499764314522,0.16493480364063434,0.36151143480829034,0.038674471574656595,-0.05327195726840515,0.003416625483706781,-0.032333818914148556,-0.028835017727147038,-0.10358908242944158,-0.003182130591568005,0.02773751073803039,-0.021000612516018084,-0.10076815246187272,-0.03334220737567998,-0.010640243150168727,0.09356651739691085,0.024384180609763093,-0.052253034369154426,-0.013474047543245384,0.09503490594313357,0.01001408701529942,-0.09408123630760935,-0.048546074468722195,-0.06630031083638084,-0.061112314247922045,-0.053365317317577654,-0.13991131882510338,-0.2595043364775445,-0.17020271145680385,-0.008123164411754275,0.10949335780123647,-0.10423114818871042,-0.3464930282887036,-0.3801160267480703,-0.14218966840123146,0.07204764258165508,-0.18181909563311732,-0.11118974609816179,-0.06531278065399244,-0.06452760696156051,0.04618401656695115,-0.04186606272744532,-0.04692250598483558,-0.038360193287173563,-0.06782099355186366,0.12617316941758025,0.07613389823741286,-0.13359608416792929,0.002005573481313568,-0.329114292071067,-0.29996739962294966,-0.06232144225253669,-0.2076953431669213,-0.13216072852070856,-0.2748234016147541,-0.2008805530070362,-0.2179130886961736,-0.19467286316852037,-0.38992428577337285,-0.06811982598410173,-0.22031251899988602,-0.09817377080117268,-0.2421700513677765,-0.16640189073227246,-0.18214363231837613,-0.20617299560017388,-0.11410804335882963,-0.12072842869252098,0.08845356754644113,0.07024801326183336,-0.012344372270541325,-0.027422018160757743,0.0501648721522123,-0.04701067207081827,0.10091631724674693,-0.11731881823605786,-0.05714763542625684,-0.256095276918368,-0.1980310584548134,-0.1564237514283235,-0.03313191321266372,-0.030322535163405336,-0.0418271392933184,-0.06543814332653757,-0.21299062306001368,-0.24669146752825408,-0.10315696377493186,-0.18472119441094656,-0.07275753453550113,-0.16821332654381507,-0.07196510872148745,-0.13231699249281997,-0.0996962983322945,-0.1315881233580505,-0.034582747384499596,-0.07870097449623661,-0.01970823089426829,0.13050680529163894,0.12308677737564115,0.08661435296880703,-0.07799689660798485,-0.00934103812172149,-0.03047663706328872,-0.12497180424930117,-0.037111684767339136,-0.1762152368839175,-0.047509473792150224,-0.2440077191763471,-0.10514784967207497,-0.1141120892919147,-0.06942875687760329,-0.10321727545756337,-0.163497952441613,-0.2118968496522246,-0.279997982971927,-0.21981393414860553,-0.2553740781853685,0.08234310398882909,-0.06275260578972292,0.016661279948309453,0.04912181551633812,0.03859439104018565,0.02468109358180604,0.0725137192272098,0.02850018951972447,0.04460437815557638,0.056691233986774656,-0.03642148023596658,0.0999525684216654,0.027504590817489093,-0.04451947169371127,-0.09237476936619675,-0.006814039914096296,-0.014707944780651478,-0.07023602572585981,-0.09323063660924359,-0.15583936787468458,-0.24690135527713925,-0.1913660038984063,-0.14987739906879485,-0.07543378664981865,-0.12693257301917057,-0.2665442720576304,-0.10029132626715069,-0.16739793169887085,-0.33387761937246446,-0.028279642846791783,-0.019500755907661566,0.042506621123164626,-0.04157143126589082,-0.010746358033873794,-0.05353530357835917,0.046643703499364184,0.0280630767076637,0.01524292947271431,-0.04241299781456989,0.029978454231083324,0.029933544445673074,0.058928646635065224,0.02653193412872155,-0.0034377323371707832,-0.016881141541470322,-0.08918695529956427,-0.19261901972839243,0.05127417562013939,-0.07683621267735603,-0.11624699339609386,-0.14306825869176318,-0.180850066947434,-0.12112979149725549,-0.21348907243085607,-0.1467342893644737,-0.3217928952272599,-0.08226947623955766,-0.1311894269404103,-0.14215084091571395,0.05990558537305858,-0.06130004509931369,0.05990469791991251,0.11678300596488975,0.11972423359641576,-0.062155762776150314,0.0308359129799524,-0.06123885522302766,-0.025805609704018323,0.033801723331772046,0.06738875876685188,0.011892286377358674,-0.02244677045598763,0.06727095103175589,-0.021018416807288026,-2.873461879299343e-05,0.18813192765656223,0.0755912564879844,0.020247635053845928,0.03743326366614646,-0.09369332924336525,-0.062400705699610856,0.05585650524665161,0.18983474349728133,0.10336561302928049,0.06607907233480266,0.013260881734928655,-0.04923153817053468,0.03614142667318096,0.03261247465595519,-0.08254804136257715,0.0412176966541654,0.03219879087173343,0.07747638202925711,0.03872122267261581,-0.02389562645216701,0.06054235023582188,-0.011594098345050433,-0.0029307898721237058,0.017265039640350737,0.05768795909187109,0.0045803949395264824,0.062207438718209294,0.06746885009824505,0.05487866165573211,0.1124713757816901,-0.019494148082078513,0.08442011760572748,0.023993920131789033,0.15298115273702906,0.23915157716269111,-0.024723308851761414,0.019224353874895756,0.06531006489376368,0.02565747187016424,-0.033772767516099686,0.006769748695653722,0.021148423625445854,0.07869448843521946,0.056018356511835087,-0.017421785336179142,0.0908600679585567,0.01923518631340996,0.009832405477856077,-0.1113498646105222,0.030280718658719806,0.02215987943942773,0.05402060905321036,-0.037811133674060464,0.006533137496711338,0.018004445685596386,-0.10057103372280567,0.014605589760294536,-0.024262213709690488,0.04524675965792755,-0.058429171428470816,0.059832652624590574,0.10429543993044331,0.034762119539957614,0.006965476248068953,0.038455673227284826,0.06656345326370486,0.09551512019109394,0.08192771785173641,-0.038514073582786114,-0.07923189974055364,-0.04476581877431027,-0.08403563101832873,-0.07879547023095053,-0.0016827599853782961,0.06162980894488143,0.06858940915756445
-0.07876641744487568,-0.02193314934987781,-0.06464054971932584,0.0007794674509826444,0.07781502813545965,-0.00017926307589167435,0.03782820889867404,-0.020910200751998637,-0.016613422183036644,0.020469582183060504,-0.036112092861767156,-0.03145767627435159,-0.003976341922901556,0.006066326070284714,0.03563451591549137,-0.01988477969646459,-0.071108441278917,-0.012291969835459873,-0.01570234314310649,0.037164187652240784,-0.04012569124563666,-0.007919628540473081,0.034116201152017855,-0.0077802918754007145,-0.01032501803378834,-0.0493395300599015,-0.081040065606778,-0.07900752641138918,0.030653916337572154,0.06508668748766713,-0.00616594094864655,0.04187231567649863,0.028460304957512807,-0.008971956632038088,0.10918249487253946,0.013136895593675844,-0.059562576916518666,-0.022029889231513045,-0.055336076488338944,0.009592159208585083,-0.017844376828102457,0.002958819946314623,0.03488199952162241,-0.01037100107553031,4.995132919288432e-05,-0.037780326117736136,-0.03791806912365327,-0.04184736246401196,0.01485618162001506,-0.104656824840328,-0.08687144060822365,0.12022460459369079,-0.054748693242745713,-0.018706820242272368,-0.019592868861202387,0.007792804810319293,-0.04019653087427038,0.04790245976288978,-0.0501482776264436,-0.001930694920019663,-0.014509076241480571,-0.05453138327363417,0.05777531940712948,-0.02326759504099512,-0.00422249481018263,-0.09020551768383567,-0.029565751301170787,-0.028049048043764357,0.07885142376930321,0.05108156906955592,0.046339392145266875,0.09159708006741193,0.003927607777657212,-0.0012589563965414966,0.05678381821118672,-0.009445781951545166,-0.07653504083758247,0.012776842872228019,-0.011559005546288355,-0.03311404497479024,-0.026662672608544217,0.030137350313561878,-0.0006143847047776297,-0.054315526522860993,0.05819388924993107,0.08259249218574216,0.019609300134440615,0.05427339082020857,-0.05217080001292422,-0.0601419350656718,0.06978136810024513,0.002229287739879133,0.09578145346584191,-0.06836496410825298,0.06449171750634021,-0.1271606495219915,0.054010145568092804,-0.034334550666368556,0.06883172272597347,-0.06355621650217637,0.005581855012913785,-0.032112677237622074,0.016395674065200497,0.021551388473236992,0.006759306408387799,0.058507361864556184,0.08646472687963218,-0.003881986679977119,0.06634374712186,-0.08539884744042289,-0.011656447339488068,-0.06838167317500235,-0.020703696760625473,0.02645702139917237,0.00011912222840574138,-0.028012654302036227,-0.00021500084450180797,0.0025602437103188548,-0.05889530083216121,-0.03749194611553436,-0.06677685225668728,-0.01735002110974786,-0.00395229457917916,0.0015303509369735725,-0.05012766892435265,-0.04379155570530026,-0.025430360467172924,-0.08900661830590116,0.02184640250479091,0.03523161359738485,0.017857209828384287,0.0019593670973268866,-0.024239265513800155,0.03778950049536134,-0.01412024428996869,-0.07197812114570531,-0.010870151634475364,0.06366182220768579,0.03867409632828477,-0.012752640462505547,0.06512409599062612,0.0003034169013311151,-0.05020217193999553,0.04217703882509155,0.009338158659174317,-0.015246515736887426,0.03593694427156874,0.026228524774564124,-0.09590864288793625,-0.04864965838422713,0.07222013109546802,-0.019203730904863114,-0.03473530321534028,0.008234195884322953,-0.03369240054685607,0.03853568249412518,0.03400732212247046,-0.045939009958311926,-0.040405337778224505,0.007165714842103049,-0.0659234047972698,0.08714718231124495,0.05173026087989918,-0.07206535051018417,-0.04613078743781126,-0.0034919295796932825,-0.12437779204963045,-0.06623164366903801,-0.04670598998601674,-0.022854727144402984,0.004217726387043557,0.04526407158359967,0.06381980122756355,0.06920683754545359,-0.05739666300693582,0.024255988973773155,0.033930895904636986,0.02632759616843961,-0.048103613519135446,0.0020045922655523877,0.040161633738775085,0.0023235114140682024,0.07234992444884362,-0.020588970314989498,0.0515332259487762,-0.016914097588494614,-0.021055755096016524,-0.0077724997931636775,0.05151005503947426,-0.02659689643582039,0.048472789363677306,-0.03290945715520487,0.03140869126482598,0.008337467971431688,0.055374562971533925,0.10108157718523496,0.004099828252951857,0.03770975384222042,0.03876094269875074,0.06058487207743085,0.007823600397042416,0.011331844309400313,0.004924129248944934,0.041568986892187534,0.027345530303535533,-0.015432272646219918,0.07474955246272984,-0.09150059089294382,0.042290022329934986,-0.07011645288541622,0.01577979587260924,-0.009682203143741363,-0.08047860499077598,-0.025810477196911787,0.02920350748833117,-0.0015994109936266008,0.05959338559302591,0.033015671760522634,0.01058555525496396,0.043797084595202936,-0.0014709558539656887,0.023864973444723412,-0.02586453469554927,-0.07966266331303026,0.014948420839622703,-0.0025254572927073614,-0.008028534148368472,0.004500831628117855,0.08189903517391531,-0.04227545338059147,-0.01199876265324755,0.03435854479056497,-0.000721496637464965,-0.0716230602145944,-0.011984129752965205,0.07445972337918262,-0.10301200367864906,0.04400234946829508,0.013866479006399063,-0.0022914970481840847,-0.040705005315521396,0.0485086458326442,0.006303776968287648,0.0386150883753231,0.007972654741341425,-0.04250046542273884,0.011414396174979755,-0.03596154237042284,-0.06475265657086748,0.08013346022941881,0.050823793724068894,0.037410533715681066,0.03735905069018472,-0.028023709472041445,-0.03372825627117282,0.06889467804101701,-0.04186174062869962,-0.04322538600713403,-0.0037516932123477,-0.014371185069709197,-0.019721004171865227,-0.031164288044714956,0.020587594812874532,-0.010420497984812023,0.02355779754268142,-0.014409138245848725,0.02486578834391456,-0.007432889367188696,0.049150434166355526,-0.04271087065730016,-0.06587200179540424,0.013800253441175424,-0.031304447810540446,-0.014544002480915731,-0.035416883439826005,0.031434828654325765,-0.0355380552742096,0.025300375593708988,0.08345260929537433,0.017468753766056267,-0.008934430650984055,0.006962776938578233,0.06126498145935641,-0.018517140709932066,-0.006394647326278009,-0.060590354756779104,0.019191869451688243,-0.0077600422294927555,0.013832749911874585,-0.02946409236700072,0.07607054447843295,-0.0789938946960125,0.029368701412039223,-0.09222091518174856,-0.040113940760284926,-0.03216288168188493,0.002580402493986144,0.02207954079632523,0.002267889091864297,-0.0549404133003862,0.024437813965835862,-0.013756189957059264,-0.03393582094922735,-0.013392979275821568,0.0057177618103300895,0.024523593276030025,-0.02764531689525936,-0.06744849270757373,-0.05280697878924463,0.02304228261985892,0.015616070771203278,0.06179201232815313,-0.07239891975320052,-0.04396847543201555,0.12753095299798403,0.01795909954035591,0.036308573382769584,0.006864713356674105,-0.020586801374990228,0.11826710247583194,0.032763130559722575,-0.06430799910756704,0.0012786179693923525,0.06819449339809419,0.05014962052302998,-0.021403393153665993,-0.025912187292950133,0.071948502094278,0.002785590174429122,0.058944978641058944,0.0281920719204715,0.014946911773454143,-0.03396462819988339,0.024306833071054492,-0.13652007091882085,-0.024818148533124508,-0.01647206462028163,0.020343187039595954,-0.04110802594745172,-0.052999280157559475,0.037560191715246834,-0.04547442442556792,0.06917131896799668,-0.024321095651759737,-0.10630789173885376,-0.014582901475120334,-0.04298701905909592,-0.08590490692884123,0.0408831176378062,0.04459696017378629,-0.03764006067021649,-0.011153627300348858,-0.026494256558264533,0.01969981602526176,0.017115023311337647,0.04356822306917419,-0.008390276234054174,-0.009548947777847662,0.06281308941078058,-0.0770049438915599,-0.09239908277664595,0.050203651296462135,0.005905507017872823,-0.01866149735351699,-0.019338377236339754,0.005187036805084419,-0.06194753135284443,0.021037730849604187,0.09834553033289836,-0.043055190856295694,-0.05176374534506493,0.0049293087248590585,-0.005486613063350622,0.030851357248700428,0.03491919417552605,0.009408697961824147,-0.03901036437406415,0.0024259350315033513,0.02865648339593281,-0.014332876223976023,-0.004797192691378701,-0.041822808675494635,0.008579945343266773,-0.0733276609805624,0.05775698091290782,-0.10379509558069092,0.02906661139149751,0.0054970372542234155,0.04010462050973371,0.032530351920334176,0.027114835087594127,0.061043119634231036,0.033170000774306305,0.004613040901653722,0.05760020096045619,-0.014746475219360993,0.03866682365981324,0.034597212282194784,-0.05923885155032792,0.01796709393028905,-0.014729616306646699,0.032995072545237515,-0.0694289892934851,-0.012451884797893498,0.07079131500376785,-0.0012107215984928866,-0.012173204210129957,0.01903857618342872,0.07031524972513471,0.0021176431456874467,0.02181630085373696,0.004579084349140105,0.007758365038104911,0.021411690574801634,-0.04004442418259075,0.034240523468384076,0.044652099544587515,-0.0593972225844092,-0.033393209915737715,0.028792071400967727,0.006414571980591832,0.06646646784614135,0.029724672985795605,-0.027929250327270293,-0.03911876378445429,0.014905659792843617,0.0279130254335687,-0.02113612131153873,0.014472086267096802,-0.021794852312908723,0.019646112011836595,-0.0051564715563163326,-0.04105938454770636,0.04192323679980387,-0.03660845109939186,0.02104083606882882,0.021532431042284618,0.06724540761574084,0.039249948196355036,0.02735347951938952,0.11220086380769204,-0.009822486794126178,-0.021194784229549388,0.015028381009940287,0.045019347731892485,-0.056371622983403424,-0.032927400511232344,-0.03267529900301038,0.013759462103325404,0.0024642445860607034,-0.0014692931233891405,-0.09247990136993586,-0.0039653394881937,-0.035722835966929864,0.020488324771607187,0.0179183611731193,-0.05494245723787175,0.008136817233223993,-0.00954146919613662,-0.018054358664143236,0.024575281650131182,-0.021819676873512776,0.019614077751392598,-0.024610270640764875,-0.03254353597886421,-0.01910357622572368,-0.10352874281807853,-0.010277731586708135,0.059704158139091086,0.07160389006531716,0.025030153097835985,0.1341289875795598,0.06855869249186482,0.021337185485935398,-0.018804606214078666,0.051726785690937735,0.06319315307913756,0.05007173338599966,-0.04675689746190892,-0.07134115496114336,-0.010837559958497067,0.015839405561401496,-0.04239940677456386,-0.003525717205733059,-0.0006116362435073314,-0.03727705656439103,-0.055997234312393396,0.05476767003383521,0.018181171782868877,-0.055248147246457074,0.05541084118309546,-0.0015709167132365637,-0.008601189839147629,0.02576901463714401,-0.045403851012913596,-0.014325845332806534,0.029493380558032363,-0.08867489820674135,0.05135283959872351,-0.03748899910910756,-0.024850032652985753,0.021566291772496842,0.003884778292715375,-0.05514162446867654,0.03451291978597472,-0.03913980370345012,-0.048646244497610326,-0.0026855033934874793,0.027194428128920218,-0.017412490977412695,0.014404015474863021,-0.03817159586188211,0.03585599256986088,-0.02780674111711912,-0.055919002125732656,0.038657679288632715,-0.007328615091940819,-0.03549288932919623,-0.006574185604766897,0.041136545887114746,0.035700479897250184,0.07199805107725558,-0.032309599539151024,-0.010612858650397496,0.04078130426583717,0.07957552424863253,-0.0110281733572336,0.06323588319362676,-0.045231881285401586,0.08469809812760329,0.008968632990097552,-0.03195474409707551,-0.07898363472265993,0.09474222355248432,-0.0176286579536091,-0.008597354912536043,-0.11486761352854219,0.0012387869010004487,-0.04957478896257686,-0.03765013241244371,-0.06952430626051993,0.057389510609123395,0.013954794131354809,-0.04892045377178214,0.05799339828591781,0.02112529936126364,-0.02288776010912539,-0.0270233838068349,-0.008268454102181456,-0.0065083214527337785,0.0195880647997974,-0.046179109131589305,-0.00731136395128426,-0.03499195608758162,-0.08893008358408547,-0.024980353766952235,0.029713677758435527,0.06925730452859134,0.06048190980470453,0.029517794756043467,0.02179743005995118,-0.002527680097089944,-0.03446447209860001,-0.03576327876412562,-0.0017699861139598423,0.1077140855441226,0.018843276740322067,0.029430475708979782,0.03295558087597798,-0.00470257207309441,-0.03391192962183007,0.12000373900843782,-0.010574416559331055,-0.09461478418530025,-0.04240378587833741,0.058073431139089374,-0.051482862683687416,0.014284357374697155,-0.038690997461605495,0.012781669187814242,-0.02810439487206751,0.0025057887720215037,-0.05346786085232667,0.06076946912698398,-0.08826592462664737,-0.04862565777679564,-0.01337738863538733,0.06280913489545221,0.061369978931280086,-0.0706702647627225,-0.027433564039130873,-0.00921451823503633,0.01785772013083372,-0.05960189674303355,-0.05630544413599462,0.051069316391861574,0.04060004213618587,0.02807497620571872,-0.022110715471453612,0.005270236516702604,0.0005441240536032647,0.0313960233133378,0.09669226205481381,-0.0899776838161876,0.06095022019530477,0.05930699383879685,-0.039396349132317064,0.0969562665445258,-0.012344290492685626,-0.02666031168452896,-0.09329851009407283,0.018736625036875988,-0.03363477242323591,0.018899492319916108,-0.022258018147090396,0.03607745132061639,0.010701328346728774,0.08597985887201463,0.030590384954329444,0.002949382019607055,-0.00586796598480389,-0.04662875786957514,0.06765687992533474,0.010484166046398962,-0.06427108817871591,0.00079496967545856,-0.05879463867555944,0.009929302194011053,0.010762661326580032,0.006840509300864835,0.031884211281469926,-0.023004441817986828,-0.028497206616256314,-0.02713224727095919,0.009064558518092779,-0.006605714189392075,0.05898493580286078,0.03597512178048495,0.09439117591591409,-0.07686600526086859,0.0080063231635025,-0.04798083354089471,-0.018389467868902883,0.030918397531172218,-0.00023508413700672746,0.03452621636584077,-0.037603161951501415,0.04657937797012601,0.054908275767400615,-0.008959089328490828,-0.03897994449710706,0.014521206904475057,0.018614443610484147,0.0007727975093174928,0.0034794453039004767,0.008998576506261671,0.07987664799250682,-0.04137167073718683,-0.0019803980070572714,-0.02243344004703943,0.06678855637813362,0.05758315347174196,0.02387114308862521,-0.06362810519101386,-0.023375325447799546,0.0222131154645732,-0.05233575118790112,0.004794570996074883,-0.03997488418350489,0.15035876058420958,-0.04246637624584146,0.01746900343263055,-0.034916923302721996,-0.05648806941401256,0.027813114718067262,-0.12502940416386954,-0.023541234075800388,-0.021810982355520706,-0.012638986833222782,0.08936251409474004,-0.07835079719124761,0.029853632309924907,0.009926975065459913,-0.01272533061417977,-0.058853673386194,0.005921635202711011,-0.00601287437938,0.02136153859763909,-0.03792345738903531,-0.06953529959933583,0.020588087392475966,0.043442399530598266,0.02745534888748932,0.029503330282896978,-0.05467337747692121,0.0523810808030918,0.0045051852487733,-0.028125225376467954,-0.08808831569718846,-0.019511312807971862,0.034251360337082586,-0.04233091427881932,-0.06904036802517183,-0.041156090074022586,-0.04713269826094682,-0.009589823768528365,0.010246220005539495,0.06420245262108577,0.007891193996506762,0.010337922177409694,-0.024387894973501054,-0.01824518302445921,-0.00037280373095032214,0.0460152091678593,-0.009953958282961436,0.06367901948159628,0.028676612530708818,-0.011802963981140505,-0.03945565799613204,0.07303070864945843,-0.09596878076990768,0.016030250121422375,0.023614540330402823,0.04748603013226885,0.03900957290699769,0.002502259397493758,0.06317772321433185,0.01921545815451409,0.09073299683398045,-0.004369334105528964,0.019799639549388286,-0.017308275556498467,0.005912187683367324,0.08466941571425719,-0.01916903145510639,0.030939015685966315,-0.0025230495879533664,-0.005531797381688584,0.018293543972634153,0.03348540359592081,0.05419475389453148,0.03277656653618256,0.07798118782780265,0.026767211469057448,-0.03394703931999158,0.006356313539368481,0.005927001604616132,-0.022637895192404434,0.07337113631013638,0.006301663652388039,0.08018429795536643,0.01775447786661423,0.042723873219292066,-0.005122101303352349,0.012537135725426217,-0.05630753353433512,0.08425575556598755,0.06325400609768461,0.058020839307450035,0.01891999782263217,-0.020426994870122152,-0.020942917129017115,-0.032088047396128944,0.04731817412535101,-0.09136099128785713,-0.0008265082676109801,0.058976241365523735,-0.04917837244162822,0.04036410404620934,-0.07149421251494562,-0.04848841930823978,0.010296668664326398,-0.013907058394446788,0.03879191888502342,0.011244887008819225,0.006241860550653411,0.007395745502123057,0.04020471946166125,0.057082734866346435,-0.10855224291344107,-0.03345018938142712,-0.06602308315280996,0.008300259260603566,0.031173031764200058
0.008793423839332888,-0.04328774121747943,-0.018368036606997266,-0.029944660894507934,0.022244651231506582,-0.0746035306641981,0.03835876369450585,0.06453848802274822,0.03138342472705071,0.0694900240717044,0.01552319727686857,0.023389934157424467,0.015984039318135832,-0.03150608093536166,0.06326517795202392,-0.025934584567192658,-0.06692558907286691,-0.01826282502945346,0.050964375596877186,-0.01594732718501848,-0.0016212842712557548,0.02598560669162314,-0.024145921442117902,0.10889353732832927,-0.016117075033418155,-0.010276344212987468,-0.040501196343789604,-0.017682314711752623,0.03467038487865101,0.04464691941993429,0.0013356748241366906,-0.03525023216815789,-0.024626723645801357,-0.01227361490920012,-0.07280921003401461,-0.0016379086378656117,-0.0436106549119968,-0.10765413427539619,0.0071867593156381025,-0.030240170677298384,0.03233567551908987,0.013629575882604045,0.051734475942751434,0.08151145120006861,0.06160246056388067,-0.007449056678959076,0.04502058349531275,0.01315219114601715,0.029382054943195877,-0.05980162997190551,-0.0640421929600444,-0.011495431082015634,-0.009444946919960987,-0.02612640036727602,-0.013772807298461667,-0.017884946870594595,0.011540857963013275,0.049548570585267744,0.020190787482924015,0.10251362709089877,-0.03314583716511642,0.05360779849436116,-0.040051919123962706,-0.033917380163715684,0.0021014809124834974,-0.05077397765294292,-0.011124035457803808,0.03899641840705782,0.03460286076723977,-0.03522605761499313,0.018862316449688298,0.0078123130631451545,0.018754153785437044,-0.10159907059559369,0.09322703825267101,-0.005872177375116045,0.022081259668171243,0.05034267292709097,-0.09796737772499639,0.011457715094102296,0.01654115296485918,-0.07117856597613195,0.041682409195840146,0.01567888330747895,0.004923874704113372,0.006097194179651107,0.039899553299109124,-0.059700751027260024,0.02429190023259789,0.07485230719591676,0.058543787963450895,0.014874076530660502,-0.03777195404471368,-0.024581614117249597,-0.022677327046348547,0.06789344246028223,0.0796063206595876,-0.022909132538402995,0.03353830619333066,-0.04641285148969778,-0.0023427436183038335,0.052891908324797905,0.00927804102005838,0.010381979404180916,0.0028766819845700863,6.970215658182877e-05,-0.04782642507984445,0.0046984523084343125,-0.058028412095808155,-0.007272753651243545,-0.03200399812372009,-0.06809854959210733,0.0068452990888562505,-0.016701680797385324,-0.015654524961605257,0.060647916434276174,-0.06156435378868107,-0.00392491570914914,0.013182118712794582,-0.07740180773654118,-0.03551908106293768,-0.07782791900760883,0.012653666224767367,-0.03899311515350161,0.05083927169804746,-0.04090141903415363,-0.05409800496033328,0.025897907326086662,-0.017303802917306,0.008199408819789167,0.020908495840485097,-0.03494846404324083,0.0013596526927128864,0.01036332696245158,0.08002408746821368,0.039197513557774795,0.01675491819926656,-0.009978921495958895,0.026563397140233414,0.0006282375071116515,-0.016832280635858534,0.021243032348181375,-0.013583696034287607,-0.06303209606287338,0.05269843648814383,-0.04365774520994921,-0.028450781849105537,0.01927035396544016,0.01883960364110209,-0.03781978121840344,0.02684316895443393,-0.014318505916163154,-0.04380962101425806,0.014233585767148884,-0.00798484869859523,0.006005321702702177,0.04087891022476751,-0.05188813770732333,-0.010939334319718432,0.010347855135363963,0.008380654902842817,0.0572421961973539,-0.02547594981872229,0.04542526356159508,-0.04933140805122587,0.018941741444969035,0.07326497607936382,0.03467525649359101,-0.0074983921470273066,0.04633708168087878,-0.015396243081252956,-0.05602987372699388,0.023844164323680275,-0.01645160203278007,0.02674574319661598,0.06282174772401677,-0.026659869211080937,-0.03362633766224303,0.04079494670615645,0.024480085348555312,-0.0002402165787978287,0.013511292572217427,0.052613337523414336,-0.036498275759121186,0.005799147843453362,-0.059645912801355096,0.027367619260310255,0.022549359751189324,-0.04225824901985276,-0.018838766900715072,-0.016353670191352605,0.028394976468853896,0.03767928396422895,-0.057663348851194465,-0.002432435854486726,-0.005166980340855943,-0.07293170957377548,0.028621450946857356,-0.09080153278445048,0.07476643414071053,-0.006852389290895419,0.021339453735918057,-0.07018809347123509,0.01215164533620053,0.05163507799881995,-0.047584248042826655,0.006063825158262296,-0.03414725995845322,-0.002088037464860761,-0.010008458204687347,0.0246446110626738,0.04948471617470083,-0.04727717411610216,0.060433081439166175,0.005921912560636211,-0.014651383385223558,0.029064867706666716,-0.017143262607938213,0.03850819433906216,0.012990957758612465,0.007447523005159173,-0.11961342869701164,0.048072004864696385,0.0029133535802011454,0.03489992221760735,-0.03007512514731823,0.003005022041242125,0.00523560487050917,-0.05621111718092609,-0.008298329786919278,-0.04228008269613669,0.00874908884585088,-0.015412531046857029,-0.04565651045354952,0.01294080415331561,0.014369643782815815,0.006640255117460088,-0.014716203180941651,-0.02342781299735769,-0.01572266234634117,0.02273070721718887,0.010270435642521862,0.003141777657043279,0.0036598252555308007,-0.041809435745980665,0.010603347425138498,0.011942718936203326,-0.027724678483455202,-0.013978207690635142,0.10703841575577325,-0.04587708354608884,-0.08893514076142983,0.037607896698031,-0.0876645239623239,0.06456642473755175,-0.012815909213465322,0.008525501896472292,-0.026230618015050288,0.0308431243428527,-0.06716145534402392,0.039490686025072066,0.04202977356276786,0.061481859538003954,-0.011851193815182726,0.03943312916713225,-0.024935481862832655,0.03531561952725599,-0.027695708728336904,0.014638028982688662,-0.04743385790970893,-0.03724755903146726,-0.019253981053013028,-0.03799406538926222,0.03594814026952993,-0.008777148690912683,0.03904422543954077,-0.0028130557624010456,0.11954939480268643,-0.040933373539950475,-0.05071734090287813,-0.03304677184241519,0.02036449146951454,0.00928841341519354,-0.05256493147687113,-0.04058532457680108,-0.007917703896730957,-0.06654481854072165,0.016975401405737448,-0.05017625135354351,0.0241591482384517,0.05450250671735557,-0.07722827128605657,-0.015663293991860432,0.03305917094558265,0.005942744940629226,-0.06299498754949594,-0.00429991759954021,0.03570218584253245,0.06443298805510958,0.043561820124496026,0.02282427981640933,-0.007769206560955054,0.023043278400191627,0.023023192712074318,0.003904172787278024,0.002926419927865598,0.06910917949385004,0.03720894446055577,-0.026759076043006258,0.02512102126413519,0.0025442945542514736,-0.04075151221622352,0.06878544376717265,0.05501352119356481,0.012390891630746094,0.01108556384559728,-0.04179726146310841,0.0002560789707595899,-0.025759815032057515,-0.02482220440212768,-0.009215387692782828,-0.033003275711171516,0.009695392771592202,0.023674923210915137,-0.005578828476898727,-0.017855596286596113,-0.04473564802972887,-0.020455165181222663,-0.062026027310293934,-0.0050959921896898035,0.02308273927278498,-0.04308982072958402,0.052228992387044385,0.005031063945275354,-0.10189986998707345,-0.011590333513255597,0.07099618974403868,-0.01440174803832854,0.06029993717208232,-0.03829905005698602,0.015910092553595292,0.016298691507561695,0.028260179368171896,-0.0503283427373615,-0.011638166244765548,-0.02522538320032065,0.04666409306436133,-0.023152396304407342,-0.01944575340467655,0.06989892803808524,-0.07515515989606199,0.036811714156643645,0.023191566505073632,0.041224380802844275,0.03021053999970512,-0.005278523653730473,0.007363007458233598,0.003004664811109028,-0.011723030009840499,-0.03312544398684148,0.019121078171425117,0.09373661907975477,-0.03871041034844335,-0.07929080392636212,-0.06954507539031553,-0.014201532254621396,0.03390654747735965,-0.07170584979663572,-0.00019028195724271664,-0.031425265023254705,0.08331041248639938,0.04769971831802679,0.03442107016368049,-0.039254171311062694,-0.005041848071708732,0.04592067841111096,-0.0289319957822724,-0.026173083005211182,0.02896417953089062,0.007380076883249369,-0.08417843818948162,0.011282610370639644,-0.04418018074895017,-0.015449716945604541,0.04273848277144376,-0.04146537902971088,0.01777838082474854,-0.02429937965063806,0.03673894548741617,-0.026913051816928307,0.023873084283569095,0.012843813094238966,0.005446744600452948,0.026545331338468127,0.005630921108755858,0.037071635237783125,0.05902055664923057,0.027628408756496844,0.011397960820211734,-0.0656622116661279,0.016012592513326557,0.005940015583008693,0.027590304768364708,0.026149025372583602,0.041780184828101384,-0.02907449932658772,0.008493470957672798,0.07713984094465484,-0.04851878564290917,-0.011930875855793107,-0.007256877852057236,0.024294912798760622,-0.02520226997370213,0.049181038501091505,0.02380449164226108,-0.05583299760513172,-0.061658068084111846,-0.019630439518871588,0.03999321848789591,-0.046942886478832734,-0.02151423526777781,-0.05396251624602069,0.16918305047146875,-0.0646202536301441,-0.03011943297404287,0.0562285448691025,-0.039153612010589575,-0.026361348482189125,-0.031150670102055338,0.004776065974570738,-0.0008353743608786989,-0.07901919913627051,0.025246201062046333,0.06316048566084856,-0.025198854998813438,-0.011153656484241064,-0.044549278179545536,0.02803270457410528,0.06214725723418548,-0.0594480988008092,0.04873928062591347,-0.01734081462244744,0.012264472363118426,0.015263491538899108,0.00469876333517366,-0.0027847989353507866,-0.09125025540420144,-0.05793813168671493,-0.002799554005565291,0.018234827909464294,-0.027125859270265104,0.0634449403899493,0.02071134936038883,-0.07496053267372194,0.08294607523590149,-0.0026403900417770057,0.03240768689736423,-0.017987193237885585,0.04480019377825469,-0.020153085010108117,-0.054848444694953404,-0.0002297184309553046,0.0025447460196850263,0.05792906406204014,0.03384580635047291,-0.08657652687127783,0.009329519184293596,0.022350832314334292,0.04573693608744704,-0.010305651774365295,-0.0585768459920774,0.04784788992052389,0.016870425368320265,0.040726495453904235,-0.005943521366514809,-0.0005725489948237855,0.04167097696185514,-0.026365059121972165,-0.05780463371752946,-0.05028256217198689,-0.03954211434475853,0.034112715095653695,-0.02167342986155767,0.017790006528704674,-0.014059144697574771,0.0024784330479731337,0.007883453717116453,-0.0381623351442025,-0.021304350760384665,-0.040761147761130156,0.026968990592643433,-0.024922026808497453,-0.00420477439905282,0.06601908364500078,-0.004956627824955886,-0.036927685720716544,-0.02727881636291712,0.04894329830759674,0.08327414271026956,-0.016679604776122313,0.013017194028140108,0.06111401064975022,-0.05158527298839836,0.05108473464673001,0.07649256575712128,0.02422365148289666,-0.07787215437400671,-0.054893179990086256,0.0437278050970135,-0.021848654690432335,-0.018513250393237996,0.014691870798089434,-0.07300162261399881,0.046876781397053216,-0.0029522823012179144,0.04102744451192281,0.04725450928271187,-0.03883488062576604,-0.0425189780705186,-0.007951774576250197,-0.004142788435569723,0.009590344899641612,-0.07416947194719369,0.03861367002707838,0.054526181471763246,-0.04963029247799606,-0.00023568908936035085,0.0303401281662844,-0.009965636489302354,-0.028837383343191074,-0.0504447804270991,-0.09464753443654915,0.09620543201451978,0.04175875792672313,0.07990914701726802,-0.01141284276967074,-0.043755205027878594,0.08836454704827115,0.013688540213065207,0.019496835587490685,-0.022715613092437102,-0.020274269358613074,0.01307332292000558,-0.05083087946403629,0.04418978445551363,-0.0032412431312641905,0.03620256277775845,0.004044863948068785,-0.0127638930150101,0.041200892856742014,0.09834331422279624,-0.026382974176592404,-0.022213218668128205,-0.01640655000112278,0.020650138555433184,-0.014185201204479674,0.006215894912924094,-0.0022443171228648104,0.115296398971666,-0.033143666711475846,0.008861403634424335,-0.055076092539942806,0.03287569327040498,-0.018879673633889912,-0.006272390589360193,0.0076613885561320405,-0.04044527824915245,-0.03664749400983945,0.005883395197098963,0.018583603779485935,-0.028940451008606215,-0.0002860759357050577,-0.020567640823001842,0.04309727752373572,-0.04019307800274003,0.04723588631425651,-0.03860889326388375,-0.06470813715326036,-0.00559891573506008,0.04257788909824886,-0.07750593492455,-0.008384389260640166,0.004257681055690958,0.06136521577430942,-0.04813808986767632,0.0165484991126487,-0.050535130388155505,-0.008350032570165956,-0.029409800938654054,-0.032035087941680994,0.03437059272227822,0.021351327424452955,-0.04471275455056027,0.020122020196067545,-0.030833249731299237,0.021163078749886908,0.006466021353913155,-0.03186433563638236,-0.04523615533468507,0.006353710228942035,-0.020993973325630088,-0.0076566341198545836,0.0009019917763971984,0.024543628376386902,0.008242414648150221,0.014182567812791633,-0.004930388269955329,0.0848659290414409,-0.01806118979554529,0.011616729986320682,0.007649410683090927,0.01895345476814782,0.051876930467772225,0.006370029299236495,0.04398210063878775,-0.06313195718871016,0.06307034175069975,0.08487910538940839,-0.030939209104043536,0.08669310881951044,-0.07439274688503934,0.12917794960164833,-0.029634683304527874,0.07714909734741565,-0.022607155033983667,-0.012854355282714936,-0.00936744698072814,0.08335988922902735,-0.028382477187413123,0.01251682767340085,-0.02675351615094327,0.011770042479593987,-0.07083916337517454,0.005185900044066489,-0.01404534018028329,0.00635711985296523,-0.0005623403364579514,-0.020392054147287526,0.11871770927688702,-0.04510953419963047,0.026232080563099513,0.013364196323356796,-0.03089077944712548,-0.03972429351055383,0.06503517686360323,0.014885689137793829,0.029387588902568616,-0.03719407831791895,0.07322965842852092,0.012156308136991182,-0.05650768594987995,-0.020525227616830056,0.009057516475023019,0.07358717728902756,-0.011798909192475443,-0.03635721664464649,0.038961508934222476,0.01957753296395536,-0.04224264085221222,-0.012720524470484029,-0.009957170754178174,0.04114412549718614,0.036964282705910984,0.012666989179684385,-0.08149932455023291,-0.006301534547567908,-0.018287960601679837,-0.01652189241145184,0.01922494105075371,0.08571928448603724,0.12028420323966797,0.006283015540210146,0.010223649654055674,0.05950715323936873,0.015669109606497242,-0.04171920046578707,-0.05157664120485075,-0.0477601656144664,0.057902510335880036,0.047360948751917945,0.0001502890947672323,-0.036399936016561954,0.015360965975141232,-0.14188111696419295,0.09482556432834463,-0.01402622395290233,0.002127514003387385,-0.015587051088255945,0.030369883744267856,-0.06634258523152735,0.0878598442260766,0.028593832210661467,0.003241620516876088,-0.013828628552110077,0.053992807081237354,-0.0713858111830191,-0.060017031665625144,0.05658723950233523,-0.015736062530856774,0.11439906763433637,0.030792536132722835,-0.0017619548389161824,-0.03560728769776588,-0.03994810498683164,-0.03904608040059629,0.03959428707397484,-0.003988572236916374,-0.014425543856889073,0.10902377912968648,0.030742217250676687,0.01383424113419697,0.0021759445990169627,-0.03878919612548368,-0.017528694901004904,-0.011698042589351481,0.05709010360305991,-0.08077901363001824,-0.008313852450825217,0.013671450063482202,-0.018972030294856036,0.001507767914664279,-0.0596157009175316,0.014256332579621226,-0.032031509463526724,0.029840654811159505,0.06781650113178922,0.006499306474855876,-0.04129148748193782,-0.02563388287186741,0.04302819539198652,0.027167381821307575,0.060596415197880345,-0.013478155117919464,0.010693001239052195,0.1292084304174517,0.033349086629058396,0.0017055821060401862,-0.023010161666739505,0.005669938916147591,0.009066669852533023,-0.013902655923783355,0.09287737034325069,0.049331804777669255,0.13410615794427208,-0.017041483922849914,-0.022837557562117316,0.005017956410638907,0.11771879728794742,0.0627517537927277,0.007088281004853633,0.018650725466313103,0.0761064101171107,0.04412807820860783,0.05982896196998161,-0.005324972118892756,0.04802116119886602,0.024026298407017362,0.07784813868988306,-0.003190467601127013,0.0542766605572341,0.09000346683113637,0.06057315803697013,0.029145260064127786,-0.0452806291295746,-0.08927022230063413,0.054726431399460734,-0.013117088795157895,0.0008963657114718287,-0.034171552498973405,-0.02612906254807739,0.034442171176516385,0.06277594749262938,0.034763524713906625,-0.025356880350994773,0.007586829073618563,0.04440906492721505,0.061177360940818305,0.045305128816238424,0.0947996859868468,0.02015954849848485,-0.03411449382064454,-0.04143632918915834,-0.01961898317470991,0.027815813315177598
-0.04092535652467024,0.03628157538265009,-0.04853357700998602,0.021577217232457428,0.0637325069871703,0.030830466020763954,-0.00875769483570179,0.02164512304119499,-0.02139166177473252,-0.007050440848344253,0.10692489715539505,0.06653617771960041,-0.059134563068666615,0.01655547952714982,-0.09464298389555573,0.05929974253031863,-0.0008866464849440801,-0.018742167718601564,-0.025600176203017556,0.04856580522771294,-0.09036165224596217,-0.007904307388423305,-0.016314328828326945,0.04984126288837094,0.1042953790921575,0.04789085764202386,0.050272036782785766,0.01809111235678871,0.011737582227312379,0.01212310418851161,-0.056771363955047054,-0.02748942970451619,-0.047499636892762924,0.041656985290006485,-0.15998706690773049,-0.014786891397166553,-0.05774347196843632,-0.08944473128113235,0.033994209904515064,-0.02989959393347489,-0.008810424937398406,0.022129974443566167,-0.02317720949308149,0.010768110417748455,0.00345390498723319,-0.022033986759944654,0.12056434154686266,-0.06767153896257184,0.00370894443871376,-0.0047950018127342914,-0.04805136041430496,0.003715776323941302,-0.062418684968906304,-0.016377930164069313,-0.005631588837023469,0.04267287763681283,0.031407948372541475,0.009727287828816739,0.04349404916808563,-0.059176356855468994,-0.06027724108941096,0.027817278184227898,0.014305846285236791,0.09443216111428886,-0.062321462825875085,-0.03608193463079597,0.003572484387300183,-0.055048041819769744,-0.010072424979149707,-0.11570698528457034,0.008211938939952562,0.09021383202771605,-0.013429319914975254,0.011049193239458131,-0.060527762118387216,0.03415220270026659,-0.004290829838796955,0.009170949123343724,0.022300084507125412,0.03444881973604221,-0.057855484820413784,0.033605492682731726,0.08277536051290442,-0.03236223425951242,0.028222447430228708,-0.012911558126540296,0.03624905508418281,-0.07071759172126628,-0.003444680395337677,-0.048157996057927026,0.042207850041083975,-0.017808912178968184,0.035348154408498186,-0.10945433622762246,-0.04546129547278233,-0.01780819836494522,0.007993196955834427,-0.04786498100608486,-0.12120489591779378,-0.043416721621405384,-0.043795793546021235,-0.0034096728844014395,-0.032374986928689335,0.019863621063014356,0.06922848294839108,0.07575146351485156,0.06938714668585037,-0.01655802812978695,-0.06554165429342139,-0.05872064192453732,-0.0011302097430932337,0.035372058242345426,-0.06060099048134312,0.02431670959685687,0.022792329752975522,-0.017826038622161623,-0.009035393559799721,-0.08392005716412554,-0.012150880785291047,-0.06279240186578465,-0.10926988501962066,-0.0818105846426514,-0.21087304815143432,-0.28378910333453705,-0.2519802086887312,-0.29266849335470346,-0.13748019542353368,-0.17033925260681484,-0.02366325151065777,-0.06086861877133472,-0.03251545911873505,0.0766911317203849,-0.17654613564747884,0.03247525024615006,0.011966077764346656,0.05569943796010304,-0.03718145010775219,-0.005939955088730113,-0.09609898486944536,-0.03392362885084527,0.006835402284262276,-0.0261541193323003,-0.03405327440550602,-0.03418864023138434,0.013016089441072676,0.05821111149211394,-0.14537098868369555,-0.16234051744746358,-0.2754660447234658,0.3689508909066093,0.2683797540194873,0.07888526074479653,-0.20177022397708072,-0.09856427025094176,-0.07503073588089186,-0.13278097820122983,-0.31821561662325454,-0.6485196065345894,-0.6572249676836309,-0.5146326612374292,-0.3055837085921295,-0.12548035040631564,-0.048774930510088084,-0.06493768330826938,-0.016951784003740148,0.05797487622614032,-0.06446986360737926,-0.0026815960938352933,-0.09893856495965844,-0.04012973975458047,-0.08003196610802335,0.0008685951070547078,0.045627859327518935,-0.012554042267182328,-0.2052407941268038,0.38219029440376723,0.21124778340821596,0.08722402435603127,0.2084178281632577,-0.07315428096999796,-0.07004879394751094,0.2287897867200778,0.18509042668467876,-0.1087126307215416,0.16196201388031523,0.3574138494814176,-0.041778357481213176,-0.21915856821018442,-0.011164349525399866,-0.0195348206284286,-0.033105203965632,-0.09323173655755496,-0.04477608775340626,-0.03610850774983104,-0.012217706807719863,-0.0095833510649458,0.06254898462481508,-0.03113416799706693,-0.04093943433194901,0.21934079521342373,0.2982325267523302,0.2273810960068397,0.002215539389871613,0.3997587379844284,-0.12675102065374902,-0.07542026029701378,0.3222562734306846,-0.05772896140251648,0.32924349238300477,-0.061106946555190694,-0.27836735980037997,0.09831234315963906,0.05940363972641073,0.40530535631946096,0.10912970730367373,-0.0018331915206427425,0.34721250204935455,0.35007703393248096,-0.07943877589623308,-0.18820177466917648,-0.03459756430561264,0.0219351783303719,0.03615435964879682,0.07137875333502186,-0.0006955877654532494,0.012640551151329973,-0.010633758736241413,0.21345773010529426,0.07790458997839152,0.02682141210545801,-0.1589611822836795,0.1316396249037991,0.168334973313518,0.28602919913097385,0.19964585323604364,0.31895200318743255,0.15827895548783136,0.1974386739222489,0.30381708058457024,0.08573278056592785,0.09560940287981948,0.0751041272029349,0.20065010175359702,0.38246431135627756,0.11277582635451895,-0.042768764260814524,0.08843780907095312,-0.04012771679698986,-0.04660200078829981,0.002798425808554849,-0.0245992713870521,0.03376482439773092,-0.031095621931194816,-0.008978996199388968,0.009436423825133908,0.030432715026720937,0.28943208969578416,0.03870576773388312,-0.03103318068762057,0.15544036910554723,0.1178220361374878,-0.26807197885231426,0.20427633233696274,0.029045650821216972,0.02651617964862367,0.05099604148774087,0.19155901356313962,0.048495669874029604,0.038972051880864236,-0.12866102305889365,-0.000309226808051175,0.34023112423295526,0.018705551271161986,-0.27010630156297605,0.009037980751194113,-0.08346592841655961,0.005183714895560908,-0.04255233999614386,0.06053925484719809,0.034160142592276795,0.021097480380164225,0.0010381852204748305,0.04225958168578942,-0.04080116435334903,0.06723372552147558,-0.0760195426220242,-0.07076332710667627,0.008147378559670604,-0.02230920534612797,0.08151741965010591,0.09725448460246296,0.17150261612191928,-0.45953540512929725,0.07231373385429601,-0.13515475884395667,0.1878746178880934,0.27861018185825726,0.21684243788125285,-0.07671712157124612,0.045258664410827154,-0.13368611807942807,-0.38842119198428804,-0.1856327403928653,-0.16748070276266883,-0.1596473137694692,0.02174772155769502,0.0005542422526730449,0.07487176583468368,0.03546838603143843,0.11619299245716222,-0.013253145915015701,-0.04085563008719073,-0.07753332239577633,-0.21245001403872277,-0.15661120625691458,-0.07099515598363726,-0.018413304353206834,-0.10254554537648018,-0.042681954751085,-0.21465902801854073,-0.5795961926960999,-0.526843167198635,-0.13972095163846274,-0.08862337121895324,0.12228754978632474,0.330139775099393,-0.1093079603267999,-0.4544725173526244,-0.42184337196777644,-0.39841633932789405,-0.20776605113847849,-0.2724654199903528,-0.1597324154979654,-0.04522671349584644,0.003432364622055449,0.045405048060684634,-0.02439434979082287,-0.07838407202021842,-0.020324041510800226,0.04459850820520437,-0.1074288113477207,-0.20859952649190486,-0.27290079694377317,-0.0724195133386339,-0.22328232262551984,-0.5442882579492042,-0.5314566396746963,-0.30717537240296305,-0.6427795581237215,-0.6807597455557878,-0.2933119583715145,-0.1644419289956037,-0.18178873723406347,0.0076566624385950915,-0.2456773385763406,-0.17604176909401134,-0.0913772221204112,-0.21705473395863328,-0.05519945085579849,-0.13913698445127642,-0.19251327940346136,0.07109029873867179,-0.03788060634069314,0.017231380498044707,-0.011906151281808953,0.005054752798013112,0.008340293541181073,-0.01636429001125048,-0.06745459778651842,-0.17417174625772106,-0.12816499331643982,-0.14911079819384532,-0.6746147863278711,-0.8031219939965365,-0.5416222471100289,-0.3878433094419947,-0.3635570739542777,-0.2912996280969961,-0.1981530566043245,-0.05586268402402655,-0.33241854584550834,-0.01343153661483581,-0.2733495439365372,0.19674331071351722,-0.12435709852539606,-0.010635273706425606,-0.1148659272199979,-0.08772725151131286,-0.2286064516395583,0.12025238062093908,0.044812044901434804,0.013690556760836683,-0.008747923628476635,0.02112915593220052,-0.08815285978175057,-0.05337557037735536,-0.06702680533938485,-0.12422033277358743,-0.10559878862458467,-0.09747431429990275,-0.36087997540385874,-0.18000381861254627,-0.0918528219966873,0.025280287569516457,-0.2387336575362338,0.0640947190945427,-0.0162878987970991,-0.03013996448108484,0.38591140081805814,-0.05606898648405872,0.21011665722100167,0.23068641414761676,-0.040087753886211275,-0.13613754371470288,-0.1545986516265135,-0.06681320337436096,-0.0006398296018086041,0.08145832026066474,-0.1171177418655391,-0.09602180371061485,-0.008987813242516964,-0.04147631606454413,-0.031758423810838474,-0.029596666270448886,-0.06714332152786841,0.016829428413221586,0.07559445513448342,-0.09801980645759473,-0.3734811729793177,-0.229854805233595,-0.1454009559445304,-0.27554915317045614,-0.061501801111203326,-0.25154861428569847,0.038704964680975985,0.21535407055483247,0.2414283483140898,0.38869365626140956,0.4863536116636074,0.005158242225123832,-0.028753527347656807,0.13640202415231806,0.14689463488185134,-0.06431857772015821,-0.01827206294683522,-0.17812715394038278,0.01263259300003222,-0.047811349282927545,-0.0017780691018845268,0.061169824952283354,0.015544529087256632,-0.05710273876166059,-0.01537062150233993,0.02393269285374258,0.36253367930544506,0.22029310083035786,0.028780499159533318,0.0056315365494302985,0.010005057676258243,0.029073104273659788,-0.1528914473943729,-0.10518912668541558,0.024501418705394056,0.10504890324511772,0.1340335530623056,-0.08464139414837739,0.28558980114074034,0.07165723303015921,0.1172335693729051,0.18611577520981734,-0.23011016696419326,-0.43116183581679673,-0.444082166903965,-0.1406305707340677,-0.027877711361032353,0.04513753184277681,-0.02135480070152056,-0.04982840204082172,0.08152856767761636,0.0006790841113676342,-0.011057605530964,0.024898722750476558,0.20940420134008988,-0.0030222953750422507,-0.07235134923968005,-0.26720934544818925,-0.13660611219054256,-0.01449178644628912,-0.054897977907861925,0.1692851517528776,0.00991539385466683,0.19794819908740208,0.2615712835586324,0.20382381186997195,0.2708058005866674,-0.42106703115284927,-0.3966935978164995,-0.2105687745333128,-0.2588200088543787,-0.015214606543665805,-0.04062266998501788,-0.01696032667293772,-0.06627668797618019,-0.04743613224618461,0.031707905614898675,0.025353244896828178,-0.02471408069866885,-0.02141582488150563,-0.08986901256310144,-0.15132201333599285,-0.2448864063457047,-0.44672648748622235,-0.2660433154630898,-0.4817253261404513,-0.14268349295224772,0.2907492803256296,0.08942826276522552,-0.17166423660283173,0.20261539301531034,0.24545501089915145,-0.14339282077976095,0.022619231265317404,-0.25276371326298036,-0.37079261467262636,-0.40388899245046833,-0.1372336157358061,-0.3001233480095904,-0.2950665825486927,-0.1336908850304666,-0.03337945790954327,0.011666204299976023,-0.06261378584910958,-0.020949690441028183,0.008554387964192185,0.02157841721464062,-0.026632817998597465,-0.03999360673457585,-0.25432855901380963,-0.5092465260843417,-0.3374606745872514,-0.5090922656544119,-0.26488884917460315,-0.04285853401765404,0.14764031091303786,0.16035196528097426,-0.12114843895557485,-0.12264183062548019,-0.13180031232933986,-0.5216618828326507,0.04647503310318432,-0.28030451114017574,-0.3285375952725129,-0.19875759244968905,-0.11236551657137532,-0.24526577591820015,-0.20642627523452733,-0.1553023933141088,-0.03447342019366513,0.06303319485289595,-0.003652778987909123,-0.009503529821895562,0.06652655485522756,-0.01228186594893025,-0.0033342319194719526,-0.0836661290613193,-0.1883081533733843,-0.1200960860113681,-0.15400325823833907,-0.119424990441168,-0.14258346158389287,0.0035151832565891543,-0.15504106118258743,-0.16402632029927883,-0.05200040042728178,0.0037136684924514362,-0.06550433065019276,-0.36769769870864294,-0.15557018924602461,-0.43095302879804465,-0.3720462349347298,-0.12056878761924252,-0.11554945124381921,-0.28947764666680725,-0.20237357663294134,-0.15459210395452025,-0.03738367436097164,0.042972741256685765,0.0527009732689744,0.039123943814267655,-0.012577380751827669,0.003439958126714805,0.02180942222538907,0.0980328834775505,-0.08869011840481394,-0.16230384399979778,0.05326676456327482,0.03137347342485254,0.030377830107118284,-0.29637997888824985,0.042704800807053786,-0.07671952798090177,-0.1199329465791589,0.062398433756850995,-0.27283692695675743,-0.33122434947326307,-0.3018314316659828,-0.7269581720372116,-0.21512695653800512,-0.2937553720567876,-0.20671278689501085,-0.2054735170324438,-0.14606145245778496,-0.17088597667338876,0.09243108048861694,0.01046592680366059,0.04219022769859508,0.041528198346194596,-0.025635115738786796,-0.021440951702373555,0.0124793754551344,-0.13146488388194685,-0.07923516718197553,0.0870396118796544,-0.02344530834005522,-0.3268172192036102,-0.23790015229617797,-0.21386505721705004,-0.09261427617081387,-0.20054289002124007,-0.29323656728793956,-0.25433753670180104,0.04926223645333723,-0.11644772870747519,-0.2849718399228167,-0.5542039046995018,-0.25715502900250886,-0.24276998072121986,-0.20241410045802394,-0.07733164385704241,-0.21509444984293907,-0.09012586740549902,-0.05076462518501338,-0.0050565425511908575,-0.05024980356094357,0.022840396934335698,-0.030711255288337215,0.015577842621900628,-0.02247449927680882,-0.075238835715871,-0.018249084192082838,0.013912189366004546,0.21862157234962845,0.04046739254072293,-0.333479010820773,-0.03709940346593745,-0.015793038486962306,-0.04007584695428458,-0.0405683200969584,-0.33862825210624264,0.022879416264857653,-0.027084095445831565,-0.2509041709334472,-0.4467976090911717,-0.2810809925561705,-0.24080039251873755,-0.1300594267757738,0.02588349842736743,-0.06640252438017966,0.011532633925060926,0.014399490515767473,-0.11330581447749764,-0.0059707977361290795,-0.03354017849139213,-0.01875418353530527,-0.0051571921227119046,0.006768807110401307,0.11835486354327375,0.13959319858604274,0.021405082511412748,0.11439983619082467,0.31125984452558525,-0.29973527560111624,0.008171837453799588,-0.19662209477908452,0.012448704511880196,-0.38549854629102653,0.0464238080666173,0.18089295480914183,0.14427686387546498,0.21746713687684158,-0.2019987572207579,-0.40314619937772067,-0.2765430922452159,-0.12605790215920726,-0.0008326287764215898,-0.09446014804290734,-0.06909381559864071,0.019023464332053232,-0.026132933117271717,0.09758294803951086,-0.06743259845273655,-0.0073574219072831395,-0.010600272364483654,0.00017336977156926064,0.17964701826275498,0.1546642617166134,-0.24293905334011864,0.04541500764175399,-0.04395254167255877,-0.03493387173324216,-0.08565596833001413,0.004178718170617824,0.08963178038180797,-0.013823857678073906,0.18088946056726685,-0.11809414911041989,0.2327416215519197,0.28760030851601476,-0.1354145819900975,-0.30146970125072786,-0.11253028103186612,-0.05225504506689106,-0.03178684483606563,-0.021859693805753637,-0.027435370642962923,0.005342619391298441,-0.12905409176810498,-0.09464012522651975,0.028431821768988005,-0.02919042288266897,-0.027867227952919103,0.006850529390835117,-0.008105025279410732,-0.030445776367927238,-0.12975051159458512,0.032070469115185504,0.0041762921306838525,0.04606170564095963,0.21058789655887475,0.3300330123141262,0.08305666201462261,0.00800754300442852,0.1698860995825969,-0.03414680398171406,-0.03209466690651069,-0.0390419866489125,-0.0920343322488389,-0.03575039140219732,-0.05218104640582149,0.03464394333801075,-0.012728548132266057,0.11883111367552307,-0.0004221856601540737,0.009903441372040994,-0.04126828661685051,-0.03537458822331835,-0.0783605543619611,-0.05450652190584036,0.03037039527303905,-0.030429023141360832,0.0881005395613145,0.03351999643227396,0.00780764696645124,-0.05955942222736297,-0.08882119499979219,-0.04666562496963754,0.044139314469872466,-0.018685270541095388,0.05870513000937376,-0.0377866079382963,-0.0021455395855333025,-0.0033415009307214923,-0.05109396879843635,0.029682422249943618,0.01153673383281748,0.03283390454344418,-0.00805767905863295,0.08711805956628824,0.01740514599083283,0.005372341392480756,0.010854168476146776,0.0030104164287047923,0.05509680905640405,-0.046304080262819874
-0.04796914166433242,-0.017901694126771256,0.02246859293473431,-0.03946101541038497,0.0033045000194043806,0.04741013607515149,0.07475523409887376,0.023681056763163885,0.008410046765374941,0.08555280506533301,0.059231062683835475,0.05151023896333215,-0.013329038422257791,0.003028235347229887,-0.04396696675319084,-0.02792452747891737,0.010851955359208972,-0.011722375920526234,0.01753581582426103,-0.03569871708994023,0.01427158485157822,-0.01563809775621358,0.00211345513037411,0.06079246992778847,-0.13561310612708105,0.07370279963478496,0.0017291753113167791,-0.003754908016414705,0.08349043461722769,-0.024068797730455855,-0.07220667511276595,-0.0012725131405720241,-0.02034078588102998,0.004301767856984718,-0.08749827648392201,0.0808645670080659,-0.0012981171376329611,0.007097291860660599,0.07071477081345953,-0.00603169034053384,0.03379332283174616,0.08447995083288129,0.01878026169733935,-0.024507077414941503,0.04956103654920736,0.022967475099512226,-0.016210734136381424,-0.007145558911199563,-0.008877690643897634,0.04232867272343066,0.035789659899622184,0.015265787573857615,-0.012168625783452795,-0.0065209111388525075,-0.014590251561231931,0.06220161801865047,-0.004892078856957834,0.03962555928930343,0.0659305046696492,-0.012743973864030355,-0.07586932228748773,-0.08143610460468705,-0.026273137492488007,0.043347894835156206,-0.01499842549117165,-0.12034304060261314,0.008766761269916193,-0.017257749229662393,0.13006985852837863,-0.10354914181226399,-0.39383946711712087,-0.45127747464640033,-0.24298946732657378,-0.09965221739047522,0.029364098367474514,0.013884704223061942,0.0008318734718961347,-0.11851279071064852,0.0326222015995966,0.07626156383415941,-0.024003029267209153,-0.026083262597999392,0.03460694118112269,0.03361627214815265,-0.06395791151480551,-0.0027758390381962656,0.012721861978256033,0.08135505149052435,-0.06486142041742274,0.042575695843898365,0.1249415669619758,0.11765523866026817,0.338527226397176,0.4124681711861111,0.5691694075050008,0.48289507891105177,-0.08287386830168346,-0.016046307401867157,-0.07403044326286685,-0.15382374133023263,0.1723058107123251,-0.6081435441659797,-0.6413919517463456,-0.23473701808747316,-0.3458953013817132,-0.3121762744243533,-0.11069957977021519,-0.014511826323164098,-0.014966869679983475,-0.017271065690186615,0.026522584665872904,-0.03268931149292193,0.04447421705418785,-0.01657711406578544,-0.05091483362175123,-0.14240302456598133,-0.282661260483304,-0.08826328283919387,0.20015428842947583,0.40519745234537496,0.14718869546531188,0.3847963006321111,0.2022805152925291,-0.23039658665400822,0.16940024550493957,0.10092809133825043,-0.023842313870107934,0.3090114090457805,0.16988876675224562,-0.5369414067431542,-0.2232488235271916,-0.3608889032222936,-0.32384635655177757,-0.6881429186991833,-0.49795183718281794,-0.27218751483004083,-0.17271891742886228,-0.027042098924970115,0.06980850768254307,0.057493267662682555,0.010076980733015863,0.13287449059430484,-0.027385455404581496,-0.03464320309295063,-0.12984390940667412,0.173917776628326,0.15479172566271374,0.24629010098535184,0.3230493539592175,0.005685566644004739,0.0639224848101584,0.2783621611377421,-0.08085379840949401,0.12089298579468846,0.19406850215602048,-0.05490876813686828,0.06552980111275593,0.30874389037654754,0.3218510641596643,-0.2859070194142587,0.02726982333327978,-0.372645220495776,-0.166609290697903,-0.09649346324160835,-0.13361386015043797,-0.058106301209006096,-0.0232403214490399,-0.04801068612150926,-0.03854523632640184,0.01978336961000435,-0.0412313238943074,-0.013817478114803881,-0.13735101884227344,-0.008998379950153387,-0.2713153011330169,0.3593769694977375,0.10943951669498021,-0.14416406551787472,0.24761410159003136,0.2934674709018269,-0.26769275529034325,-0.022186949046859732,0.18429156310807507,0.35211456786359163,0.2730310883982465,-0.12273024975870941,-0.015354198013878466,-0.165529259383897,0.04158029138759011,0.04313892346478167,-0.08057565620417785,-0.08864842375636697,-0.1402957236339129,-0.019318783962366658,-0.0017190071959854434,-0.007315160794406898,0.01737551681630631,0.020370159630422588,0.01630534634675455,-0.1411032148205068,0.013769148043001575,0.19157514589202462,-0.1860086297091148,0.14538236022279644,-0.16023855051556352,-0.15139420449017726,0.2670641649340598,0.4462085983201414,-0.1732808450356132,0.1002740039609116,0.07130637961717591,0.19772457893364503,-0.015512200758309835,-0.18153152479043827,-0.01338774402895008,0.18722135784775382,-0.17601848908149723,-0.19405128602665742,0.0387687502641686,-0.14657343167414613,-0.45845584894658664,-0.30619480839087687,-0.01201202857993422,0.0014293389894905343,-0.034096898630990725,-0.07917439993480954,-0.07442579137671339,-0.1635342879860914,-0.04619314306146768,0.4806138084276276,0.2948960008921235,-0.007987292256465255,-0.18846021349671943,-0.1430440759802917,0.35206823985158003,-0.2258990291677789,-0.49136000321974366,0.07590386080921438,-0.37677974504997996,0.12456428098360471,-0.1555665415151355,0.32505090629023836,-0.14271863895169667,0.06859386513892077,0.22993127644774916,0.04646486699355197,-0.01854695849515313,-0.14827054084657615,-0.5197532573408852,-0.40300136234929773,-0.03755675203994679,0.004483973293198615,0.023715911649158417,0.015528118555474788,-0.048501395904765564,-0.2090316827749066,-0.04186913654792203,0.33736619906043047,0.20073773976960718,-0.06390180112450404,-0.12038931582149587,0.26103216918208705,-0.33033681168243195,0.1771603306143733,0.4288158611148795,-0.2277532291071132,-0.4631884928743893,0.1753231190503786,-0.19396186463503134,0.17331307231590135,0.020305978738080103,0.1738247797748949,-0.2520836969233742,0.36189564307632194,-0.1780685266328185,-0.16762168915781567,-0.3574177203172531,-0.052934136656631596,-0.05626716872607062,-0.04790282973208744,-0.03367103951911419,-0.0422326676861483,-0.038775591758336725,-0.11357759626626113,-0.3397537076960116,0.1904637582101336,-0.0757942443864048,-0.04068037132596857,0.10203222368981146,0.2034115029242177,0.34651683537099354,0.17555989648056658,-0.3861156835602777,-0.33956472314411507,-0.595435154032949,0.3046345103581631,0.012873647970156573,-0.12979587819359248,0.06838516418147357,0.10464799359970144,0.09524146431636368,0.0560199570063822,-0.22003238404072578,-0.20511405170924787,-0.14410801685185134,0.008623186140061048,0.017906056313442664,-0.032301399818737996,0.0035859463786016236,-0.024121022368053864,0.01876438862172961,-0.07413718698427943,-0.041117326150278875,-0.0932157493421342,-0.4009729308964441,-0.30198646891869235,-0.38650844565522985,-0.7482155432863695,-0.5039855600618097,-0.6462989338659255,-0.03945804184691084,-0.3516240999417059,-0.9081248399680381,-0.7590609994565046,0.2567420201688918,-0.054714013460872596,-0.43349174898801923,0.1870267928711502,0.018605660943705075,-0.353533795902848,-0.2762809397100099,-0.3081115048803594,-0.19356564089686193,-0.10294075376374236,0.05369733174057338,0.010095726450800273,0.06160146950548678,0.06292358396870046,-0.015442518237464696,-0.029619187436801947,-0.14338649778859108,-0.5380912901333436,-0.9621338255624265,-0.9798276343613022,-0.7229611259544428,-0.5658293345701462,-0.6477393052020368,-0.7084307765941559,-0.3676127190092401,-0.188928648151209,-0.37434606900054823,-0.006557071413369376,-0.32769312702250253,-0.2961644429521255,0.01879363166790568,-0.009302769382333159,-0.13116930982537922,-0.1553988317223929,-0.3103329668722894,-0.17033610147944223,-0.24030409846959513,-0.016371817599046167,-0.02815231124911406,0.09232996727091737,0.03314684699904156,0.03587962799765813,0.04929556128728926,-0.16703221663503875,-0.1339977819543377,-0.7235894233726784,-0.8448230781848824,-0.682399080548576,-0.8910804543352242,-0.9006669715754825,-0.6272342303061043,-0.45763137637056334,-0.16641108619408898,-0.38370756848009596,-0.32763080744337336,-0.42284444119350295,0.29753176072464527,-0.39241125416971917,-0.022245857142123897,-0.13415869149609316,-0.09610829696865755,-0.359449592613408,-0.472726499902321,-0.27178617411836453,-0.040956777152388164,0.023232946592564824,-0.14448960921018877,0.02240940374696511,0.04268943113696295,-0.061960409332798824,-0.046608787776282315,-0.04615872418879622,0.028444624267494317,-0.45670967359089265,-0.31076846290762167,-0.22698962504168999,-0.35338358185981816,-0.41685146614131946,-0.14627294065565113,-0.20524929277889273,0.028962274891432688,-0.06839874812910783,-0.35789357440177877,-0.31614044192421303,-0.30271526651846054,-0.3821611088803818,0.13086667585200162,0.10220474903088018,-0.022630302129382815,-0.43713292656248437,-0.6843875090455344,-0.6417369314036818,-0.12169523452612177,0.030033578843039328,-0.1471039848183173,-0.0665754298665454,0.03356018191630839,-0.008230534926485596,0.020751441350269528,-0.05827425172864698,-0.05299850905545882,0.2613413041549725,0.12700176830344698,0.10106420088362611,0.08375342107000157,0.5906994514003917,0.43759816777612826,0.2616545471809269,0.005344073670583611,0.23219574139364274,-0.49929687756196756,-0.1302470462015724,0.05865695816339271,-0.07217271981299386,-0.1251628697371813,-0.35648954246914366,-0.14118073586020904,-0.2147071301077619,-0.4147505800125462,-0.2887218317429711,-0.04786221582986422,0.053184937903214366,-0.022668221931998786,0.037286301483048775,-0.004240555748576418,0.05359309452108795,-0.09373169406457682,-0.06986566892511126,-0.1285012571498936,0.4929789321820881,0.36321010020245303,0.051757077822264456,0.16649803120354836,0.11171541418355854,0.2511881865100308,-0.3080371122993729,0.20063072629232911,0.01089253774265614,0.040661536150769964,0.3313448040444684,0.05643106986208236,0.12587586593296687,-0.1739056845607411,-0.4133029092143121,-0.21874065935448686,0.11641934093204542,0.5450886135707419,-0.031677285177372394,-0.33924289912293115,0.06639341452119343,0.08235568914882688,0.02365030308577862,-0.021339289933773972,0.036567119779043235,-0.1074813658403529,-0.12666399025075736,-0.10502368674891027,0.20985994285398035,-0.16516145105015265,-0.07213712871464682,0.1448368764318707,0.04911136451878866,0.16694984349885833,0.24227375042818639,0.14135433652887738,0.18646391606452792,-0.2944546037612706,-0.15170222473726946,-0.39833107079761426,-0.3605041323278219,-0.24980776035849847,-0.4992875127828033,0.0355057828206938,-0.10075013819775572,0.022333072829547006,-0.13042210910201268,0.10893685202029356,0.3263933204318721,0.06745733039454851,0.037735386357146794,-0.01504909031510114,0.0671211298304797,-0.18307095293598935,-0.26123854426157317,-0.17533486541602686,-0.03368735078327618,-0.17892622432479446,0.1395451237985957,0.8715870240734827,0.20097911389895526,-0.05139354280354893,0.12721257400186584,0.5309322648557848,0.18528216742206025,0.02322638701332663,0.3293062620367215,0.011471897729547256,0.3200672575946021,-0.10301566736531552,0.060378342344220244,0.40200966962468276,-0.19415141180956474,0.2766079675804439,0.03252522283617184,0.31910235493722,0.5060850878458099,0.0296489378547425,0.08958891933616238,-0.0053530927887697685,-0.07040615469175707,-0.08151932424140457,-0.1339070903773532,-0.09825863714914063,-0.29518760970025065,-0.2661814596154939,0.6581722327001488,0.2539720787579134,0.6596811700340346,0.33562689454814,0.5046704419667958,0.3382628262018042,0.04571926608628434,0.2921528735520133,-0.058052069973977063,0.513446270772054,0.04757235459869214,0.34111072320999314,-0.3059260817410045,-0.04880567860646551,0.37154225653742745,0.4449563596611859,0.15365751138006178,0.5124201776019041,0.3242117733707222,0.007334801195189381,0.006248210055403108,0.0007609508696297803,-0.09487677733100555,-0.031011047940663717,-0.07156056382908962,0.2047487833643118,-0.26417580770962423,0.2216393920359572,0.19666778235077897,-0.13445400576039201,0.3841549690333119,-0.081547736023509,0.1654827527731095,0.08189802529548243,0.14427990908443794,0.05154422928593497,0.3266045379869078,0.016638114089014965,-0.0911723250182468,0.030331846516964155,-0.1359048011848129,0.1754375546690951,0.21178517330615104,0.21006376245752317,-0.07807776490261857,0.2381829106047078,0.06731962710336917,0.10188808943254055,0.013919838179056489,0.032721707270185495,0.019453169173096366,-0.0502121943668194,0.04333478327509412,-0.1781986281157248,0.06954634061675939,-0.4388966317848854,0.23777296802704173,-0.4510086298392909,0.2731937664254732,-0.10712277733771201,0.1205516956932647,0.24482170044369125,0.11783883841497908,-0.44309635007575665,0.06344455016641237,0.23435535943046906,0.153406067482748,0.009423476409159576,0.3896939188178212,0.050159225103991574,-0.03501308236901462,0.1150259248921344,0.07377538755066927,-0.050717600227423956,0.023251485502027575,-0.07917625510527115,0.03582927183792663,-0.009372007225478061,0.041415858632703195,0.02386543379912176,0.009062062479591291,-0.018325244655720718,-0.1985836511672301,0.2695815630206821,0.2552520545004108,-0.024228145563571994,0.28601887039480617,0.4124667978464433,0.2642126137025838,0.17473737181847454,0.020278627845154287,-0.2168091572362729,-0.25170463388212566,-0.2932020629966134,0.0022950315209814046,0.27996736381981435,0.14232336412864163,0.24012706013932866,0.46068050826266105,0.608329847515848,0.1876664689410186,-0.09516283753505098,-0.019766397689904774,-0.0018466898647079503,0.05620222458425296,0.02203888677460652,0.03639194210625461,0.07398902788319066,-0.07431283985110355,-0.11694874954906398,-0.20156875698807847,0.16361242440616347,0.24233634690199082,-0.12216075615552514,-0.40192496265689037,-0.24003733517442782,-0.1449484542738443,-0.2795872684007681,0.01978870750426169,0.09534590716649644,-0.38646136258561914,-0.1406420763936426,0.05298269231403544,-0.15297984896584185,-0.19771663511070262,-0.2200669230073936,-0.04585600852572538,0.4338926591697164,0.16228764967943107,0.011582429271784487,0.005896305124629222,0.05577148324500594,-0.05962607081932303,0.08950836482435066,0.010355117754850228,-0.0006974386494605615,-0.23985241342013716,-0.28861973092209425,-0.41286346800510254,-0.4587292162318074,-0.05723604545625259,-0.2053002127444925,-0.20901549234312855,-0.21232002765944455,-0.04101386867758872,-0.11632185580928109,0.039860391310638385,0.0934747471772467,0.29266415889124814,-0.11317347281375942,-0.17820300350540447,-0.05551381936201954,0.11777725780404351,0.179666793739208,0.05169494444811385,0.4400660823161882,0.06889012043752388,0.0023956560633787397,-0.03284535447046439,-0.07145799644633206,-0.008047542685417665,0.036485455464017075,0.004250636739437435,0.017842918024620538,-0.0402859088549722,-0.0009573679729115832,-0.23817947812797619,-0.31613832680032533,-0.4734182625575871,-0.5093627541387832,-0.43240843392937517,-0.32804449893528287,-0.3692598951441255,-0.2955046179790285,-0.2811907869577275,-0.10871899704028962,-0.34395912000171547,-0.44828131458168347,-0.19859670220346254,-0.2346435550476959,-0.25566779850329213,-0.023639931575176475,-0.0938306596545962,-0.061758950669383327,0.055800411400314075,-0.044464786538560654,0.014097782320715246,0.04855730283441385,0.03717301166683388,-0.028605464664589457,-0.03404550017754538,0.005788026883605219,-0.024133385537001575,0.05442497884215523,-0.0033503244366300702,0.008880186345199189,0.06115833522198128,-0.01842036759844239,-0.023237986279402875,0.014914256941459056,0.007427510458647608,-0.15201931675311908,0.020441721864736116,-0.05444788847748663,-0.017841241280534416,-0.18188417052123435,-0.011908908254254509,0.011273903146410106,-0.03616450173932082,-0.014633446379130945,-0.016613656807375903,-0.1359994179630404,0.04081339836133305,0.007833275487180585,0.0931808760197614,0.06507046447413152,-0.031909568378363395,0.0250368201706201,0.009707663361369644,0.034454107195229663,0.11809814557505928,-0.008793735747437704,0.05252278022485549,0.04540078740050053,0.06087444392759259,-0.008112296483965305,-0.021214924080957872,-0.009338054170833643,-0.034607872881613086,-0.013206951290110045,0.028050725344925885,-0.057328858063822326,-0.04901889493501623,-0.017062191046351136,0.1451984810123604,0.06571966654248594,-0.027582280896951816,-0.07397292266985082,0.059268157361936,0.020220112064080007,0.025600345239395837,-0.022704584589770534,-0.028348281064030673,0.003987718114663829,-0.07556485127108167
-0.07129211088264191,-0.002278587493117743,0.02751436961901934,0.029538195790443793,0.062044104770856964,-0.04783958219719889,0.043979033530631755,-0.05458470644542441,-0.023359638824051072,-0.01988294105933722,0.04229075072488714,0.02938249190807253,0.0008814468616043068,0.006185509886364965,0.058214389607912156,0.08573905654890839,0.013381930345878182,-0.014814665282212829,0.028424177421481702,-0.0284692909463156,0.04446652160039701,0.007943007207594265,-0.011455657073204388,-0.06523787957757088,0.0446720790033124,0.0946963507136389,0.021149240764313744,0.014858900461021859,-0.1071545233503547,0.041333957399628966,-0.017979930632055503,-0.06371219213361999,0.06386890215820468,0.049781499885487475,-0.017143502571323722,0.08197270725676448,-0.002385670881071268,-0.02131331157509452,-0.026693099720646932,0.015904377390340563,0.004615052318165501,-0.055492851612409945,0.05499133341254866,0.0331638764240149,-0.007599781275425996,-0.026964590273041805,-0.012753605101791651,0.02504736079832174,0.014226794401451366,0.04672914363073931,-0.03132582458378765,-0.05707921022716098,-0.059654796584187625,0.02386796643717128,0.036009473714798346,0.0460251734903232,0.029511074441936243,0.009316103142942721,0.012159074720190082,-0.05739767017792735,0.015475326171834423,0.045966321325558175,-0.052748295905832174,0.02033036315122726,0.11477079829090803,-0.033559230761113196,0.057496656658792965,0.013323168987431877,0.026549846079928333,0.049603239517650485,-0.07627126135035785,0.06728019189640581,0.007443226790585219,0.022642139082504835,0.0035973101511177735,0.00859942736302442,0.014671415827453363,-0.07372664563940545,0.05235491672480708,-0.017712213136260656,-0.0391212374741616,-0.0028400005646728615,0.051684005971369566,-0.026251634352510614,-0.023200655139282277,-0.050070955800147435,0.016757901327648504,-0.004992338379511538,-0.05498864071650336,0.05018336059377151,0.024233191061824706,0.01984755469304224,-0.014488277828488385,0.04936173794900766,-0.03286739846683123,-0.05266619838169219,0.01028556570626703,0.05610965545543284,0.0586392231332142,0.008996214696552885,-0.053562336830784416,0.05492389486069039,-0.016729179586960432,0.01074150683525858,-0.02676066600656986,0.07008224383567631,0.0006408529283424857,-0.042040558265330936,0.032032434738424966,0.0021197931114988544,0.0755809638445676,0.04091588781738067,-0.05766520583764226,-0.02794083954474188,-0.01837018848186965,0.009759540003029086,0.011723775777446892,0.0349496553801494,-0.029070690369937553,-0.05165908305286116,0.05250577154501206,-0.026386497975924322,0.017120673539115675,0.09310826830005417,0.014692447814194553,0.03406100168847232,-0.028967114547315417,0.009738548792365579,-0.0015956769907189165,-0.014022766489705895,0.052720750742690815,-0.027085712053483743,-0.005591769615647936,0.003319633203441891,-0.05262873643353269,0.016513958243103734,0.005758289128106713,-0.07528915898506508,-0.05943004573171269,0.11618904417366331,-0.04162652207397046,0.009308910231910725,0.02719174989565765,-0.005807925750462275,0.020123968393609682,0.03688858899018931,-0.0637247020907965,0.04282689669183938,0.0012892293944317314,0.08323428929259345,-0.05174275494864846,0.048481159729261675,0.013460874404716118,-0.08043963509984624,-0.0012433201213634284,0.0626098109961688,-0.09237355878075558,0.05407526734211697,0.016555240203702845,0.047633649838901844,-0.027172501968205098,-0.013434062049217831,-0.04787146102763633,-0.04238279559520415,0.013505569295268053,0.049597210637338504,0.07490328303341491,-0.0813937444328083,-0.03835698417842787,-0.039332428488252226,0.006884406441485088,0.019767522723233098,0.007706757386810563,-0.049690439902297705,0.01664218078683804,-0.005599258322327074,0.01631664179923979,0.027631637803904745,-0.028297109467322897,0.006401807110107723,0.0027621890171932516,0.01854483687026529,0.018089924848028054,-0.054642650542331674,0.10151731790318168,-0.03433957944579315,-0.031962428024250804,-0.03496889770016609,0.0338390847072684,-0.062323054031598005,-0.016311941260239448,0.001929466485946825,-0.007062311532672598,0.008879460308681312,-0.021146649658618438,0.0003446326293435776,0.03791107655433948,-0.027065345714291148,-0.03904900460151338,-0.00799918228886388,0.05088665721903082,0.025479514351175073,0.0007740073946355946,0.0013357073454155995,0.048687354266933165,-0.0663518335836135,0.0414537871852323,-0.009365058613171046,0.009619742791516709,-0.015500827559050401,-0.012131306330929566,0.06865416003006303,-0.023883881202492015,-0.043605101360134325,0.01243633713970038,0.02602126786360952,0.03399316424455022,-0.012523238422949976,0.06117560040480367,0.02500515235955799,0.03904062276215974,0.02000863436435232,-0.02679194648801667,-0.023748676687619884,0.15695340779261263,-0.08270492483173475,0.010064829761604747,-0.005980626865463433,-0.059297345136580824,0.03939655834758039,-0.04230308522117099,0.017759595927205545,-0.006456686956625269,0.06720583922656084,0.005728640174130489,0.0004784181431872062,-0.056710131541444345,-0.020039206596335356,0.033711161140816084,0.03651587312353729,-0.06399862386151974,0.04218491587068682,0.03350995388127559,-0.025726562440345227,-0.051780558011143896,0.01977472107463798,-0.025633766595949768,0.034583013969688756,-0.03243627137323061,0.007094410602170079,-0.04924356822944701,0.0373903897841607,-0.09776537951744545,0.017308852777996802,0.0040753796548961335,0.009038151918337296,0.021193897170382354,0.048908781079048516,0.04365913849826705,0.04216227229215211,-0.0860884376408712,-0.07959239645602463,0.0013822601093933236,0.0366494025528425,0.015842591492030222,-0.006616107064397842,-0.05431629437263076,-0.053441543294133274,0.015327127771355007,-0.00024794984212953784,0.015607209564552157,0.031053165634442055,0.03471837451076715,0.03042881265070447,-0.01686120799706575,-0.051559952788458215,-0.0007103969994209692,0.010942405181093438,0.002313991337251975,0.03199511082476819,0.02446210125286428,-0.032754650387890924,0.0239911110459501,-0.017775812847195583,0.04546850104811835,0.015735306385747837,0.027285557811214046,-0.029241577082299176,-0.002083145964324964,-0.029280666411462063,0.01656422391514168,0.02070757243765857,-0.0184352534011051,0.0008165212207388127,0.0653197395202438,-0.022844002600557155,0.033185164836312654,-0.06773709337370219,0.04502247795269723,-0.00022596508084196722,-0.09556010406714141,0.025003139410474263,0.05741553129407554,-0.00046377575194020556,0.029649165623736307,-0.14122264459513761,0.008392933972792633,0.023517405666525645,0.08642027331815516,0.04855326498258885,-0.019534988600617285,-0.09658036013639848,0.07269680948326525,0.089336488530015,-0.04818432910066777,0.03162457913674211,0.05539143538533234,-0.004080017274187091,0.03100303375651031,-0.008426559660762386,0.01876255259931457,0.01266532390236812,-0.04378028846818856,0.014614497891976651,0.03914813436626854,-0.0472458332699165,-0.05286210262136779,0.04796940519219815,0.08877851813934297,-0.06869715397535114,0.014181050321785666,0.05096407309209076,0.05849264653586936,-0.03416156359021865,0.03888678059837108,0.09607074521321032,0.019655944186200203,0.029733737871578358,-0.02129601166928344,-0.103934256245643,0.03626955635119827,-0.0250420263558299,-0.019074090721365122,-0.005924266173483515,0.0398969865556292,-0.03795305465956416,-0.012467071656305267,0.03223219606928087,0.009375584848809024,-0.040150442071728625,0.06600035104181909,0.032323830853574854,-0.018972609710020516,0.004734975492773197,0.09030984716811197,-0.06026570477758482,0.008095543282344879,0.025495099559070273,0.003572457092390914,-0.059125873545005155,-0.023055453190789096,-0.06067558919081261,-0.04719799373371671,0.011691611393689847,0.01687210072808063,0.06385923380878016,0.027017646968336955,-0.07654509806290141,0.018534139031429406,-0.03903716099866241,-0.007474790123504212,-0.08426311055025627,-0.05255471176497366,0.0317385908312375,0.0411980615081911,-0.043888635356579546,0.05364270601678026,0.016735209470967516,-0.04139899139216055,0.007332277663423728,0.027479124645597864,0.02439224289801906,0.007557343461684726,-0.05262481781348779,0.015730310060471892,0.061739895976509356,-0.039951884385798185,0.015554253402093831,0.01849284840389356,0.008524298094910678,-0.0847595694575388,-0.0565449226912264,0.030369813305309596,-0.023591633593335905,-0.02857234068042421,0.016531699037999288,-0.037939305208299724,0.02571147663827469,-0.013467443292015638,-0.0043726913880611585,0.06191394102326408,0.03993954267053318,-0.01116480870739849,-0.03756325781712459,0.02083085320268325,-0.004188334722926178,0.008276082874092188,0.04849324307843781,-0.06627975806781829,-0.05145232287856329,0.03589183349482409,-0.09253503538849443,0.02333072735198935,-0.02844364398516446,0.004449421944799252,-0.038948545811863695,-0.016208704340971235,0.11212827418061024,-0.013601943980090394,0.020384683354848925,-0.0468416302839204,-0.05582138872004771,-0.0461431888080315,-0.04764910813968974,-0.044475905965374644,-0.005028022311757442,0.013770134517707072,0.009930765363295622,-0.06977380870618224,-0.03332016978879989,-0.010627563269146947,-0.012213275050378645,0.015144255511156016,0.004236935647803351,-0.02201855223982834,-0.009013661115256701,0.006790211978131815,-0.014179598569351424,-0.021917901450113016,-0.003495274266536319,-0.006504671929649643,0.018922069168846138,-0.06121924496691472,-0.08390855471923597,-0.08902632107511005,0.01069752112239559,-0.012425588868904863,0.0993508513517442,-0.04874791863097428,-0.03334615043202076,0.057009528811020074,0.006435726741505112,-0.014063465824389831,0.02538699399028507,0.0896055896894992,-0.03524188833584752,0.07297388435241664,0.06550802039491291,-0.005598492059331301,-0.020525502581608526,-0.0014770622492442714,0.031209715875742762,-0.014791159575402437,-0.009968303117875794,0.027444516868788547,0.028594341145658682,-0.018202945104034415,0.048490551223500516,-0.06579983856804528,-0.030427360710892574,0.06585469377584585,0.02948643869939274,-0.05835393213630552,-0.031063632279699604,-0.04243994533031748,0.09149910735705635,-0.0846649494289316,0.015113678696605931,-0.011720718706837932,0.08434160562682061,-0.0435764830411138,0.043182539122819545,0.0450576379182269,-0.04089060106930178,-0.01349338748736327,-0.017574782400948875,0.040293235949915594,-0.02980748463898046,0.05860515870106402,0.026851218043559576,-0.035640568897618276,0.046689994503240115,-0.04137543012612454,0.026581220898464562,-0.048256221996026034,0.01997332807362792,0.05744574122122171,-0.06432697507698552,0.03524047288992828,-0.008978714702701056,0.032939574697500654,-0.054922728558116626,0.013523947969291076,0.016155845444343772,-0.044126823206433206,-0.028140195657985145,0.0356205890570491,0.09440440496794403,0.008207250538958358,-0.02182544961548976,-0.003388036415405329,0.012319248385233225,-0.022110955306377352,0.028911740435054897,0.013355597140155981,-0.05063388098295082,0.01839376642591527,0.018912897423898734,0.001396943669442273,-0.022896685037059945,0.010209000407062812,-0.1005478716642272,-0.0076568792625000374,-0.01944690943826142,0.07342973473916851,-0.0026749645936600766,-0.11145162515977158,0.04800940068647212,-0.03190567813249458,-0.04594900018240361,-0.006379275685318557,-0.14768062714994967,0.018737167883443626,0.01711384571337352,-0.0712103018334743,0.031195920171956742,-0.004953721524010459,0.022861519528707824,0.07163454285226321,0.06916823286581585,0.06387950242379153,-0.04946863503145,-0.05291736126910238,0.026075787498455117,-0.0026712114323959096,-0.0442755174481743,-0.01219007287521534,-0.017573506274167268,0.053608802789706506,-0.009891278842325915,0.028158050919026803,-0.006028340452846492,0.009120458762620123,-0.01329002615006676,0.06734797976457511,0.04160935304976876,-0.029904442827713155,-0.015155514096598661,0.10542266242454154,-0.008249567360737354,0.034814262508736385,-0.009886093391000403,-0.005143694000409352,-0.003464722398522109,0.04880477790364604,-0.042102711043448336,-0.08519412938089929,-0.13931761814122817,-0.013110452979995343,-0.024578725868290893,0.06566875135139501,-0.07244485336458249,0.03933646835425614,0.027758485221737787,-0.001599440882467723,0.027387848765113163,-0.004984175183655792,0.031615782796213,-0.00572605050710231,-0.0014358786809680441,0.01848254043295269,-0.04244623282504622,0.09340378856331133,-0.015630358803160133,0.039045552723985744,-0.04655208013284448,0.01877994251256764,-0.032242038482657644,-0.04357511600506731,0.013598282099742618,-0.04452887485700044,-0.0779893885602204,0.0432113861580214,-0.013846846698106261,0.15545115388602176,0.008225704037377194,0.04940910424001052,-0.0416189785409512,0.07364223012036963,-0.025604857581743055,-0.00822517112877794,0.03520132029782821,-0.07374300267665992,-0.0056838570585104956,-0.010884037179585247,0.0027176948576053874,0.012747534926854018,-0.1583938089676192,0.0026268066965326083,-0.008677701384165926,-0.06025347498783344,-0.004569031316078218,0.07205754150727839,-0.007957106854073344,0.030162169044887364,-0.027968276000953692,-0.01941653727714608,-0.0642476449687342,-0.006251725623836727,0.093091066945465,-0.001517117455891139,0.0388916114933651,-0.07138380113568386,-0.0777600243499879,0.039178023941999505,0.020220662585807344,-0.04356372579704677,-0.052893711552390504,-0.010182900788689704,0.00578391840920042,0.022363021051103646,0.021116148996256308,-0.012967215204649789,-0.04365503912989427,-0.004511486462893444,0.051314652290087345,-0.0705112468918062,-0.037725930803031694,-0.09439603600248475,0.06622339391983756,0.05534128648830858,0.06022599425705604,0.07609213196541605,0.05008258337878873,0.018879049092834308,0.10615368940160769,0.0514599994030467,0.028720059302403397,-0.08803356610857525,-0.001593650152292691,-0.012638902064287203,0.01748045682584737,-0.018797278051990173,-0.03997431760891623,-0.009953171978639633,0.014391424601208704,-0.04190905197469628,0.02802674202670115,-0.0076752277501507685,0.011216029949196115,0.04885932143328358,0.04205421079082927,0.013217022503249645,0.004810597873691966,0.007478395373612412,-0.013792227805007409,0.028226541738660283,-0.03232236459148082,-0.055000844388827345,0.026304279860220405,0.004917219672743837,0.05213735377127224,-0.08654509511962735,0.011381732278234918,0.035940064912459865,-0.010347727418385145,0.011840210407222206,-0.037817481772822764,-0.07765045304119152,-0.005046426233107708,0.07777166417405605,0.07806485410626887,-0.08559626492438999,0.014766946323331974,0.03583439320499542,-0.0483019325300425,-0.02239062131081798,-0.025485216726275874,-0.01671184414314931,0.07043627170435023,-0.05510977207808848,-0.011023586160580549,0.024671668293316434,0.0038061657803469115,0.02821696940990101,-0.013399307102173765,-0.10095056779352837,0.08404540928789764,-0.06061277048675977,-0.012487415308364955,-0.06427205496320974,-0.08301851258372096,0.007875571392429576,0.036057661948252516,0.014839681905339745,0.03522915510487124,-0.032734180624298254,-0.0818366060838754,-1.0768677592353414e-05,0.007836453001989544,-0.03374304557599711,-0.009655364152726999,-0.03288000051548102,-0.03837978960060516,0.03129497387650804,-0.001448326386441405,0.01568962108723798,0.11646228413803088,-0.0012788860111078756,-0.05516136075369024,-0.08395327239708802,-0.008198222710708681,0.035479513728315405,-0.02065820237359802,-0.041640960072414746,-0.032727216623062196,0.003711631035166475,-0.013400512878097756,0.04804725276524271,-0.0209675099143041,-0.006454135134500723,-0.1008755313329788,0.13675307007254214,-0.004658376541928345,-0.12325625942249084,0.04817779273173935,0.0796458380209039,-0.07520552459788683,0.015933234650185774,-0.013070967138520042,0.03048407061011192,-0.0742791775112398,0.0035880486765591762,-0.030884110437692864,-0.005821068781782127,-0.025933400108699153,-0.019522709241448926,0.05656264114153239,0.043493620063651164,0.0036061777149156335,-0.04421754405397124,0.0018038099716081164,-0.037796002077135835,-0.0011970028854365992,-0.12884040007240516,0.004427754777539433,-0.04994319584532001,-0.038560720982734546,-0.04845585605317691,-0.03228865807912879,0.04553172922490989,0.03148954086016873,-0.0030988010055102667,-0.027657211542588094,0.051884505544080466,0.00743953084050852,0.025223605445385502,-0.07483002085243877,0.0049096560408458945,0.007889231598487693,0.021767276443893886,0.003359067563200676,-0.07332460868154911,0.07959343320754994,0.08140599221998839,0.0547240943391879,0.018294099414826907,0.0662507237057689,0.020584075556182264,-0.02790759375182923,-0.021213050849249696,-0.00011493772561104536,-0.08691740174792997,0.005225162983069941
-0.0007949149902214933,-0.011565839588074544,0.012276204369489917,-0.06649873896078407,0.07149955312218383,-0.02052473055693872,0.08602527577782688,-0.061423179868317176,0.025393951343006368,0.020496294929864906,0.04161097337962126,0.026212336094382775,-0.11823592749711519,0.005909612898692164,0.042580199238190834,-0.006561321581502105,0.07417738618081092,0.011955222012612229,-0.029910929516196966,0.009790324701319476,-0.011563783029340415,-0.06772415228474975,-0.02650049080498991,0.03385755544030409,-0.004211931682341326,0.08213253662180595,-0.052344082296897736,-0.03179539844986643,-0.06072942358969386,-0.04269823600049236,0.01547303101753962,-0.028078863830592375,0.06521031308549782,0.049868489181950845,-0.017569395369312756,-0.01839556198439763,-0.022097455925074613,-0.02351322586594344,0.07784146209802509,-0.05931337576382746,-0.022250960265213476,0.033201162973757366,-0.016231046951412587,-0.0022751292517875794,-0.04764688658551529,-0.07572244255916433,-0.011719666634144836,0.03084765565165113,0.013407637875855576,0.03929737325824289,0.0010103388809258843,0.049074148165105226,-0.027875094502968475,0.004861777654814898,-0.08402987086437602,-0.05615210876148149,0.08203318506755622,-0.029265884182998317,0.04019964000680782,-0.00993895166143084,-0.05154202383059714,-0.123697374164953,0.00694098535386539,-0.023530785286670505,-0.0936837294019074,0.105450840437495,-0.026507815844539564,0.02454417469560172,-0.07882842389226513,-0.04378625599307763,-0.009337242653706638,-0.014997332586112858,0.015524103076639489,0.009990724111866033,-0.03690641468514406,-0.009778648975129263,-0.09854190542695324,0.014234919636763205,-0.06439571640652612,0.007934276292276665,0.01313844835749373,0.04317271242248259,0.0060709345833802235,-0.02413834342617469,-0.05347425278767443,0.014345661828020662,0.021072098825063727,-0.03864612408552348,-0.03041975632038298,-0.031075484120493498,-0.07735069744627354,-0.028231743169790862,-0.04797119552098867,0.09218654726728236,0.05311698125947424,0.03735775178500357,0.0025939182007639677,0.07155428808144491,-0.0074110398090581125,0.019296067540310203,-0.058042245731730585,-0.009632287208182164,0.019802438393567077,-0.02839695643652496,0.03160493124378248,-0.0033607587159475297,-0.02437450314165678,0.009908878892136163,-0.04209278466891925,0.02378223408605059,0.007561508863620684,-0.05048988385897202,-0.053164580338446774,0.0796811961994028,0.014649125150753414,0.038516505132059294,-0.08530623616253112,-0.012378413939924235,0.05807763089461769,-0.00026796242263086797,-0.04093752398173787,-0.04234137232261539,0.030718182944868798,0.06696458072997329,-0.08050335534481698,-0.01185364123287775,0.045264858584454865,-0.060787644423104414,0.05384949588976761,-0.001967858401215928,0.026753778503930657,-0.11326853236275618,-0.01829562324626667,-0.012898203484710416,-0.040363796650335834,-0.034450009071537405,-0.0030026294809067404,-0.011271384052891952,0.0226811141285082,-0.021174049650114466,0.06948938757283002,0.055822512712822105,0.010422185866408744,0.12547263982054416,0.05358124342705553,-0.00927443102999578,0.028914224767909454,0.025405892835431314,-0.05186009892523459,-0.02679356008876973,0.026355406364300192,-0.045667951764158776,0.013181901492783595,-0.03294911609767013,0.023061878947513173,-0.037815599815639,0.017586730026013693,-0.007608585328994637,-0.014690712699258377,0.08008219856057729,-0.024149808575926992,0.08706303627446821,0.007645743017641515,-0.1521268837203542,0.07448269448060008,0.034874557975749294,0.00644675850186384,0.0013541156641102248,0.03902611799101958,0.05834759713875732,0.04901286410864912,0.010402480450975629,-0.007419479451150598,-0.031404099010384934,-0.09116461072569469,-0.03399662269232804,0.038618318363456944,0.004761097213636196,-0.025140874745315636,0.05299693231955135,0.0031360201926614205,0.024094893012833823,0.0077822036329036086,-0.0030417921047652717,-0.0025524025232549867,-0.058632165343744554,-0.010658732416497172,-0.04150004914990262,0.022286966151703776,0.010507477256788578,0.0007243259088124554,0.03987575119900819,0.010454952079253245,0.0021344972869057283,0.058211934829158464,0.07303615960446745,-0.003455918354891212,0.028278100112938485,0.042482854119216734,0.03150427606123089,-0.028533136100679573,0.05169629151286993,-0.07675201917535947,0.0809148957768366,-0.011480578461927776,-0.06600339267114684,0.004695696274125958,-0.031016715539105857,-0.002281150659176215,0.015029180914197153,0.015437473940182503,-0.0483085699962157,-0.015083737271499852,0.08266695551548169,-0.0768618342282307,0.07216688977157805,-0.04432649599014731,0.03367421193750323,-0.04967172447048433,-0.0013538419349525686,-0.041795773306478316,-0.009253962716852204,-0.031175294986926814,0.03345140230051972,-0.027780891844100986,-0.022517268377085297,0.02838753101276254,0.05079448203132327,0.025285671132124574,0.05793803387468877,-0.020380093720138614,0.09448425140709167,-0.002608276189211716,0.012495482447886097,-0.044970944592539114,0.051900228072786284,-0.018296507063751587,-0.015765630869880122,0.00999511661549466,0.03398950305679634,-0.005411101662754795,0.03667982717520605,0.03875946351105268,-0.02904058004455891,0.03889413984283531,-0.03918711483447659,0.0408470615515784,-0.025401618998835862,0.010807256491320706,-0.07003634429960223,0.033033993916341424,-0.10027843430886123,-0.020005085783116872,-0.02215042103735343,-0.1089874881824447,-0.03395547576505517,-0.03218572948830509,-0.032511388464805877,0.05804486913541818,-0.01314792505705436,-0.04083000833940651,0.0641437883156745,0.011083028055044053,-0.038164571464457925,0.033706909035325645,-0.054728708185568326,-0.0066560571223136964,0.020439766131092676,0.006537615575209816,-0.006096134167579444,0.0068458515043860356,0.00885213621034812,-0.017281751512097748,0.02118244436754502,0.054527581136606405,-0.00020187749752197375,-0.011353390718483044,-0.008561195162977722,0.040220617072417725,0.018477485453403237,-0.09771319520804088,0.0001353406284961238,-0.061146912174123214,0.05519083733409095,-0.08562518497596583,0.004669759356578892,0.001232282923250995,0.025282672448332363,0.034222479024240665,-0.04575104855496673,0.029967692903616512,-0.051859236660396435,-0.0042528853179547455,0.03140002327899223,-0.03493448301650507,0.0027079203427677603,0.0017329804442789828,0.06164950175815973,-0.04888212947103012,0.04007476419697897,-0.032427590307012186,-0.003008770537084207,0.0474170263573684,-0.025830132819293753,0.03332587930874797,-0.05970821036721086,0.012858096330553506,-0.03676899089414015,0.023023001477355465,0.029854371780528605,0.010830156803336008,-0.04424584827424059,-0.02887914287358105,-0.045851818846405906,0.051892008997618456,-0.05378426917778323,-0.016920089806539775,-0.026223729610524247,0.008621621192241833,0.007578563627322461,0.014954273111101486,-0.06267299203875219,-0.05972897421686893,-0.010779836797935623,-0.02608694921298487,-0.01105700966023093,0.007764045542049116,-0.01803716037614555,0.021127948649730596,-0.030981506633252293,-0.00028243670796450224,-0.04910198383958329,0.03626727382345018,-0.07291385978149281,0.042650256621732684,-0.10846940856107934,-0.02319772852099839,-0.038041513700212005,-0.07924667608972222,-0.01770929252141722,-0.026539936478346536,-0.0048576354186510035,-0.011569802762870614,-0.04301815631975404,0.001730335398907486,-0.004316090753848191,0.0013397848951009934,0.03839444330591124,0.012421592068500808,0.03297405057860566,-0.007646566885417454,-0.00023591782239530353,0.0010742639199517864,-0.03141826727555626,0.006675760916682272,0.029601211622655856,-0.05536912206059359,0.0177952052285335,0.0006962148387008769,-0.11713300469977483,-0.030388443009005107,0.01805208616632311,0.02794992482376265,-0.03135042592022249,0.039644160367493485,-0.014532802317751082,0.016722853972059703,0.0853631625228004,-0.01558870389924538,-0.02154240845572067,0.06010324776887744,-0.02614879985192182,-0.02829169631002465,0.04384779888163396,-0.0007244994952854212,-0.07245926411266047,0.03930378186154746,0.004789548703584268,0.01420494977050823,0.01918193104727666,-0.07011812459798496,0.05392213013652372,-0.02306816852968039,0.0740326560074578,-0.008227899303239911,0.003549125767881117,0.0384858152246331,-0.0038080084529655838,0.02204089550513705,0.009375531441187425,0.08744916220475166,-0.01694868728855946,0.025128402747495227,-0.06363334458114848,0.06145780322057791,0.026740764684704273,0.014358233484276272,0.026367920417436446,0.05482182228970734,0.02463617368284253,0.012078535358996155,-0.01969216971254831,-0.009873909292070682,0.050106894585962604,-0.02688544547677743,0.010357616263007005,0.013509748310235051,-0.04359582371298242,-0.005011575748219128,-0.019844284602917765,-0.046306753798524614,-0.06411297004648189,-0.02213403022611523,0.055652238039752604,0.021189396998984273,-0.09262817769408943,-0.028742942580897844,-0.004223131777516752,0.0003202958843565663,0.00777537601868541,-0.014282624093733359,0.026597988300002127,0.04788164489436476,-0.04700092162643912,-0.04116960824279024,-0.06847452020757565,-0.038028634066866414,0.05701482767107029,-0.0930841826157536,-0.008056146764006305,-0.013381846997361287,-0.02699986051622226,-0.02387766238487292,0.04296000628808191,-0.006817306341165536,-0.019073447520656758,0.02015756567529763,0.030607772229177255,-0.02168971208160156,-0.02780249304329591,0.0645554808917119,-0.024486200439738107,-0.02450319403848096,0.04262235155717166,0.06639114417452033,-0.008849693040472194,0.052542466642729026,-0.024816393458239862,-0.008870389929129722,0.07066078589046486,-0.00204165618728411,0.07551881111728713,0.023549792733028308,-0.03415409683839189,0.04584722275336138,-0.04753000219297001,0.03584569818172371,0.03337305127617054,0.0051279106078983335,-0.011856745810908773,-0.002556865372911992,0.02634877688381481,0.02332523358271868,-0.03806785964577506,-0.023922195009942894,0.03036863256627304,-0.03823617323841904,0.05675931928528516,-0.02682515098260728,-0.03649123501320928,0.007842639367525332,0.008151627148490511,-0.009598302571084015,0.0024794920400067325,-0.014817817215026353,-0.0755905373221549,0.027492419955734333,0.043576581497450265,0.009208982121555425,0.10671977336517888,-0.030520385389094493,-0.09125446333097852,0.0734199759856745,0.00989746943593328,-0.0025864904149148827,-0.017067256251539865,-0.07088433635978622,0.0515880675588705,-0.03264861973151641,-0.013803113682855962,0.023649058737114287,0.012647872238184912,0.007549727941328437,-0.019028378221305278,0.017007686424623285,0.009338890660083162,0.036274127345220196,-0.013230859745135643,-0.008593638918650578,-0.006081181010682219,0.036624837237670724,0.0172447298424771,-0.04840399199662636,-0.023283047960344926,-0.0463939697706804,0.017309835731520694,-0.09383660747511455,0.08695030592878261,-0.02374402708072681,0.09059351286848068,-0.012377221846954988,0.0334893971247635,-0.0032683862718369517,0.025653686476288025,0.043556926784922075,0.004482779961310321,-0.07077310173860962,0.035985760959735394,0.024950511746344627,0.032668396575491046,-0.0893159356607655,0.0016137770818944715,-0.008131230549312194,0.002789450845945891,-0.06644682515384581,0.01516277213473148,0.047013026064636115,-0.04773675741353707,-0.016801286314389482,0.018159555630452573,-0.0007052055671677327,0.02403439388995416,0.05034742657370881,0.027100459394845886,-0.08857995667033863,-0.09014460424114225,0.02715225627664623,0.014577249611136543,0.028327451769150913,-0.015230934599023953,-0.026058466102160734,0.0008040831093110783,-0.004012986671027938,0.048526374380202984,0.012541455150878334,0.022246324300659343,-0.01052058938153168,-0.003306424289089986,0.05428415728402435,-0.0024790090932373023,0.026450409701456616,-0.08532946406157618,-0.009832360823820697,-0.036838519879600976,-0.05261307105667444,-0.05769035072810586,-0.014806481249538173,0.026316707603518296,-0.03759733893087799,-0.037798136016990364,0.0020599814525916254,0.010849345123247603,0.02576473070975587,0.016536375418647744,-0.0015732914141420589,-0.046308363405419085,0.04965815951213318,-0.035304661796521176,-0.0014388149376597112,-0.0037439010653236644,0.009674969677317605,0.02969463327666788,0.01753733146859377,-0.09109307177961533,0.02217845609715574,0.034138688498479355,0.016022520361624826,-0.017769870399618064,0.012322018978032779,0.03007992692610503,0.013449987111145867,0.06984373243459627,-0.03569866403656264,0.03352266718174829,0.01137913417308842,0.04955711875278856,-0.00799236385917903,0.10340219577949188,0.07990292637233476,-0.014971771298196013,-0.014006338664009101,0.0003594324095468262,0.048751755086890634,0.06685167983257263,0.015160280242617993,-0.022637432906863743,0.001667165671787987,-0.0181912605700431,-0.02883946124331951,1.5866479997569734e-06,0.02513868613071241,0.0020735384498369526,-0.0007308915108279047,-0.0032773046270526867,0.0426688420833926,0.00782252407672161,-0.0027428563333631085,0.061988523151615814,0.04736263420509866,-0.004299297473214371,-0.02141301863853876,-0.04030529971985429,0.01694830219878685,-0.05927142350253546,-8.288751932859298e-06,-0.07358130508090352,0.049078556354619156,0.009631522726897658,0.03859553087645743,-0.010786841266858688,0.07711488446033919,-0.030256072860101964,0.05521690873458939,-0.034643721833915724,0.07327557495881526,-0.024064805177378405,-0.0027891397937694525,-0.014165570476941428,-0.05214496615807428,0.050411843517604506,-0.01638596037157165,-0.010265362236771616,0.011359816211754633,0.003292004931462058,0.006840355823347169,-0.0696367728225494,-0.0035059432674632188,0.05451058853959194,-0.04353882398324834,-0.005117300336735353,0.02127422634631536,-0.00372845303027196,0.05458240034790423,-0.037278425172702356,0.03743302029435475,0.09197210137057468,-0.04275406695957675,-0.030831343370011925,0.01765375269109276,0.020869753111372402,-0.0010263929834232618,-0.003255658914663495,-0.036476524797450297,-0.057211922437108674,0.023761317879986536,0.014158963414084066,0.06259414940767295,-0.07877814756774539,0.038676676449808045,-0.00998615533308057,0.05700714234571641,-0.015923959043997942,-0.025809002389045186,0.06575622718019293,0.03844854076569102,-0.03896786459524418,0.048250128367987796,0.05514883744673113,0.029530181177581095,0.02960388240592689,-0.024412927990498698,0.0625166869931041,-0.0643484659523287,-0.027785381113841417,-0.01721332121375489,0.01599948788145719,-0.006072596588911563,-0.0217668897438875,0.004413209557933604,-0.061142778442236666,-0.020267990914085026,0.012428910115059786,0.029397571897009846,-0.023485194248545328,0.009379753156239063,-0.003711032236724595,-0.016041258873287705,-0.01609883111741821,-0.06025664404913359,-0.0026240348891509563,0.023493138722681738,0.06189021034394726,0.016628767142058243,0.012767898753890823,-0.04465414401459427,-0.07844526113845418,-0.04378282062694491,-0.05993265673670385,-0.09280264179736313,-0.020469189300705855,0.015101092885496305,0.0004910716326035424,0.07348136737132227,0.03756111351925322,0.03173681994423111,-0.036045611393665536,-0.018473243090599382,-0.00098135850579376,0.05407984787387305,-0.044215371118861216,0.024143052592659968,0.008425848920540522,-0.001795190051928776,0.021693063549705332,-0.03824311008077435,-0.019479987119628877,-0.03029884835382578,0.04333394638299786,-0.010465745574995904,-0.09065777630789627,-0.08435433076147701,0.012553019974287342,-0.08197785771916266,-0.015092042007907747,-0.023513015971723523,-0.022381737696165898,-0.0010778793323272175,0.0681000906648968,0.05759836506057429,0.033821917725367,-0.007616683451613673,0.06629036276819654,-0.06422321170169422,0.01375541663074493,0.022541302726250722,-0.0189864609708993,-0.10600637481483655,0.023920995740561186,-0.02614775595176584,0.0031845689697555662,-0.014495021319221715,-0.03604041830607755,-0.06710669472040814,0.0415260559425418,0.032763436012526355,-0.01392418769644044,0.012984860403508894,0.04008850309567883,-0.11345372052650292,-0.05541124844730988,0.11839292954665193,0.028866682459334887,0.011123558675684838,0.014866434133454096,-0.030502339657738076,-0.06455608766740571,0.021580227518186345,0.11680842666980096,0.05444920162607795,0.05037650695187575,-0.020115684600713772,-0.03529536770423489,-0.04233330186247996,-0.0014878493854786864,0.0010350534399374341,0.007818882664929592,0.06947368032795463,-0.03984600956409402,0.021773320047555184,-0.02541539376552699,-0.12275931455605106,0.05013553063943829,0.020322172204253548,-0.07718165519235534,0.04847196007498065,-0.016292517408758367,-0.0027022427454217557,-0.07035440579364596,0.04848182962114585,0.05139498458570266,-0.061343759976385505,0.009136252955940484,0.053598141868029005,-0.06378826623262594
0.00800583150531265,0.010071205737873516,-0.011931537271061258,0.0004779884941192115,0.0005348411424271719,-0.08384229533398177,0.03360614593387938,-0.03858975118958967,0.11749671459861347,-0.0502776961328373,0.048719174660093956,0.029118118272165865,-0.07365979365041585,-0.05981678542328432,-0.049834435702297376,-0.10023832192875312,0.05024617141910598,-0.016452409233508335,-0.008675322130858181,0.0011175445145345797,-0.0813809751692804,-0.02152297255447929,-0.1318422305632167,-0.004923300679553998,-0.004101900719224756,0.011093053071888851,0.05393164289504158,0.04030914141126783,-0.024184562240924898,0.007828232353256385,0.041046247995206,-0.03726459914940773,-0.08693489328256385,0.01488733955515828,-0.04299003718523635,0.03773064870951179,0.02003003756112001,-0.028065107157013616,0.05954284304647677,-0.016829026751735265,-0.07260330590395143,-0.008935708579947214,-0.06338865858405142,-0.05635254007271861,-0.14625958402460373,-0.02816445175752516,0.05409797651012401,0.016713051058830208,0.05963456525451565,-0.05973081550423824,0.03030651266428894,0.05719455848482258,-0.006410521272094033,0.11077036895762458,0.04980508330004225,-0.07404634821426333,-0.0628938576394122,-0.030286192593544294,0.025409195148180293,0.022773793836616048,-0.021117152333358806,-0.0008183770183109588,-0.03232077217289162,0.025777305074235042,-0.0589893861495668,0.08277654836981481,0.001533607173074551,-0.006922304048456305,0.06322439942127349,0.1425032838555872,-0.03759930534743037,-0.015876165374022585,0.11579369863544348,0.07301614967309632,0.0501443355560257,0.04610795982469821,-0.057401359685660444,0.11196193292416799,0.012725470629259442,-0.06431069845377106,0.03382909339909689,0.07634019379945048,0.024401767538292946,0.06686595650007131,-0.027093611652489344,-0.13124316718893134,-0.042645398046884636,-0.019359741573094152,-0.02941085723201678,0.031945014228390384,-0.013216042065262036,-0.006429633093424182,-0.022085575326260595,-0.10355149618510477,0.004508774690263423,-0.15362943812980423,0.11683876971645313,0.03764253775637597,-0.04903953311782693,-0.007931123780205388,0.03692987910970807,0.07481482172161749,-0.1068657693668107,-0.02912931897323781,-0.058117644023566936,0.030318586325748076,-0.004264481299956729,-0.0820193934418372,-0.06220196681335166,0.006425048396844229,-0.03372102040684168,0.04871252756149361,0.0640646481508859,0.007479244014237132,0.03227242003383545,-0.05394855680758334,-0.019619037004913818,-0.06589970850592648,-0.029891131581282943,0.00014596109638315087,-0.030786960020387825,-0.057764088792734425,0.018512139123796387,-0.08518517683098101,0.043620750123105824,0.10137844443833198,0.13619037285926267,0.009112478297108671,-0.11883826100200476,0.1041547262303118,0.10343765116360311,-0.09114917404095152,0.05425345193973574,0.12627888331597564,0.03913487645439706,0.10735864942111907,0.17236962971113676,-0.05367041033616147,0.03972012287235025,0.051786920609724965,-0.04663326485026885,-0.042574671083299265,0.02608798709126564,-0.0059775502942563995,-0.08095914850261018,0.024520603245608032,0.08643849682771862,-0.08851389781692255,0.1187589292263123,-0.003722281193996244,0.09567456221498034,0.21788072413171752,0.07954568150877897,0.08775386454690237,0.20102262787573633,0.11953823042326787,0.17159340680965646,0.21395149286389567,0.10857068018643676,0.054559228317253586,0.12544305497054647,0.1408054701740364,0.2105178226253726,0.0930849776820517,0.07710925785995115,0.005453195808408327,-0.05561952552326091,0.0245821127273498,0.09280069582913282,-0.04797142266454197,0.036299999327774786,0.06580116809490023,0.02890072171376463,0.1317353131026808,-0.07699199844917301,-0.10213185952816974,0.13838700829682396,0.0869824002794526,-0.0617612452016288,-0.035149259189077756,-0.24039502341012062,-0.06265873820255126,0.06876609292952118,-0.06942989025044881,-0.1425039464374541,-0.07134615129229065,-0.1277805000533381,0.057835886945302256,5.1537662718975513e-05,0.08023351599783407,0.13838822058934486,0.22370991819847694,0.021704153734832064,-0.04972812299788294,-0.036426128150116616,-0.07751984290181999,0.06222600605146576,0.005155453148750058,-0.050958433057493875,0.05241589254176507,-0.07308115525411615,-0.13458233289894667,-0.03948076255797041,-0.04114210826585224,0.09057019533066399,0.15241160928725903,0.05106339089722057,0.08719593582841037,-0.18568172735986066,0.13037500828172313,0.14162817774373526,-0.05531187706321868,0.08877601543943657,-0.0030166689536735313,-0.09163976765191119,0.005309683193853245,0.06091354227434592,-0.05162409019580988,0.10106579046988193,-0.07754293326088808,-0.08022905840750025,-0.015002803479532915,-0.0038901217352936253,0.08736963460262445,0.05649026087124036,-0.06876912052033514,-0.043347492818900435,0.06906325598049952,0.04878271316539727,-0.14371701924907904,-0.011516754578325196,-0.15706876706359538,0.05955138653681818,-0.007618736284508034,0.05361755435742613,-0.09639950254076861,-0.061527057168651166,-0.13908278964786241,0.009700571910513617,-0.022224380238011297,-0.12506468998936818,0.10633254766152601,0.11910801783885955,0.0607172395397861,-0.03675401479420309,-0.012041131631387555,-0.02625541488189184,-0.05432883964389975,-0.1004993459389245,-0.10010881329749145,-0.06454304370622964,0.10354778727920563,-0.04288599209891883,-0.10231546312231611,-0.035657766340652146,0.033337558064968416,0.06014061937690531,-0.07993947368412414,-0.013326591947895147,0.10138207281911468,-0.052659345379561406,0.06361347434348566,0.06481104349995091,0.1520740568325453,-0.08267693549311375,0.01106212433515694,-0.031937505558430716,0.0052280491656527305,0.06491872398031619,-0.010990150041298621,-0.14942226954371965,0.06572991641111166,0.05260140884939891,0.2172339950357103,0.2321128450129051,-0.0053187217870083485,0.08350862154141375,-0.0617298117159186,-0.01720149382491278,0.00974193624020823,0.04293874103073977,0.01180738907490313,0.04186736053067201,-0.014186921489787249,0.19882129558382391,-0.023900276771663457,0.07814154084616987,0.07662829829482082,0.20080001814934378,-0.019003353334666302,0.08359075065231314,0.031117666620451696,-0.19608185348263277,-0.014379347457605966,0.15803313650138362,0.15683326684634027,0.10641126277954437,0.15600772715038583,0.04421587953241004,0.17918656054312454,0.005704772128043202,0.0885997752726119,0.11839928353878094,-0.050888828438196004,0.0539748954095296,-0.030577070377366018,0.08660558107473715,0.021668346560045026,-0.05117777366912555,-0.006844356021465338,0.050577034249994046,0.05689563104853758,0.012502200110185806,-0.07500989913137804,0.10330622008843027,-0.002666873257234748,0.054137129506258,0.0927181021482554,0.1210072352016051,0.19344104688976765,0.2888180791810506,0.016265861178378683,-0.17163821709975244,-0.19664116810876098,-0.11198419313914594,-0.06667469623327221,-0.043057430345408196,0.022619017988865016,0.15239940997142087,-0.09696555565047717,-0.01759189468033849,-0.13872188299932675,-0.039394883710160034,-0.023956778214402466,0.14491804360259672,0.032163882390100866,0.0032177389019411476,-0.02171275125039804,0.04567500518686963,-0.06068042314431639,0.09811150712879325,0.14878272429881975,0.03175258407838926,-0.1160225628932837,0.03304511718894842,0.031136361040206006,-0.004118590687673049,0.1751932083710552,0.14904320725281436,0.07758131314814647,0.025658342400952935,-0.11145478939707472,-0.19961334087339783,-0.16784811196281965,-0.06319528349521121,-0.17442199351821167,-0.21962290742739998,0.1083542679729409,-0.18857087055322325,-0.055830611927057044,0.11242268205689061,-0.07329357326500723,-0.008241503676172763,0.023958863570317648,0.09498138870635055,0.01466603134747582,-0.07887169921777093,-0.0023645272007393964,0.14255349628945893,-0.029795204368746518,-0.09834712263840137,0.14528774363497524,0.05993721555045854,-0.14903230592885852,0.01446673000336653,-0.12729850591921324,-0.17615705345886623,-0.15811198053745218,0.1438081259455629,0.07713404591783,-0.1334100340488761,-0.1219911132072871,-0.058641639061142344,-0.013445092963699485,-0.02279970633670412,-0.2717859903589034,-0.032670098113882634,0.03606660570754492,0.17255804060739052,0.034200355008978375,-0.01657931506872906,-0.059513972381469,0.017893300851988807,0.03207801867727738,0.03868039299890671,0.03741156042090011,0.08084181814397222,0.004420695376966888,0.04986900139100471,0.17045584265715524,0.015487053090112578,0.013011909577392133,-0.09628918403297483,-0.04274261388071272,-0.13562332788237627,0.04512364279373181,0.03595859591097233,-0.07565743372090429,0.00955876636093757,-0.03101712917177991,-0.13106080392145858,-0.06521415957402356,-0.14847769621183496,0.02737868097262058,0.026416068365876733,-0.17265328595663357,-0.26859022662998694,-0.010807183359952404,0.043758931291797504,0.023237538303809178,0.0771322026560824,0.13990716721132263,0.10649196455600113,0.07614885667886007,0.05525997825551838,-0.17748993514582803,-0.12727158265667052,0.17793437523567762,-0.07627655599272129,-0.01845822192969675,-0.11209616164262008,-0.059707573903274754,0.32280411625984157,-0.07070020634885447,-0.06546060673625562,-0.07230138733847656,0.06884565728121882,-0.04223221038684029,-0.3041598461170873,0.09048881414045196,-0.15809857377764033,-0.05965485599005575,-0.09823364960423765,-0.12450413196124953,-0.22734549042045715,0.08020623589718713,-0.05051977534923457,0.006329037422225085,0.05954515369337189,0.003177316869107985,-0.04660033240055522,-0.050597886963309725,-0.1425754531611874,-0.2678299482645914,0.06373963168556586,0.1690755327971481,0.10072217554187515,-0.10329421377050918,-0.09606572111344264,0.02205545792302373,0.07322980256147997,0.1123280809972428,0.07552950107818891,-0.07653036058361516,-0.19687233730484696,0.06483994915911047,0.3129076842197254,0.05410867517094153,-0.08675908864040723,0.24667753510557636,0.20402829600920422,-0.03748361095820205,-0.028320266960930682,-0.046445657001664746,-0.058685015475386806,0.01211114699061997,-0.022592093254142014,-0.028961565516659852,0.06220057804936611,-0.08989672820024551,-0.11319937278601315,0.07057043227408831,-0.12368139109269975,0.07257107996426136,-0.04771642714715017,0.06566569705137508,-0.13964262665996474,0.05091904275661046,0.08127293361489828,0.1333470476122951,0.031211763530175497,-0.0320610273989051,-0.02133186744385144,-0.07291045289281789,-0.07013162476319595,0.05673331945986947,-0.10504258865168074,0.031232741190917464,0.12328071107228439,0.1027618840732093,0.06183884182926513,-0.02800238698403176,-0.10043338151689656,-0.012494023280779821,-0.0548593454482738,-0.07072422793524887,0.05537674324786224,0.015136050538581558,-0.21128871766641447,0.14701602337728026,0.16343892297273038,-0.04695168218893899,-0.17431346767859196,-0.043365751013426004,-0.09267796339150586,-0.010486780316606402,0.032591990322034574,0.08073634967660359,-0.12377054011432242,0.13312374972296082,0.07624577906853987,-0.1476647804601122,-0.05681731336191786,0.06292935736314023,-0.06416067222266467,0.1343006963494935,0.1788970807602944,0.0736806452417573,-0.001717881284825065,0.037930839130633456,0.026747270377319957,0.016811643063599092,-0.06322002125416466,0.041823583085823575,-0.013605679688934972,-0.01663457311411939,-0.13786782318301274,0.008591962937776547,0.18387417334609202,0.1184273804727314,-0.012484120095114513,0.15701117258065336,0.2380895472134483,-0.06651920932007015,0.0902717316853159,0.04353037817491973,-0.014081243308443278,0.02782670355622271,0.09820788077275139,-0.04298675258416008,0.10423365539699686,0.008868853809380869,-0.0196210374286962,0.12655221255644075,0.21808397630491838,0.1702398531938481,0.1277537349974849,0.006907951204966286,-0.052685755066001726,0.02162525010809294,-0.06439125866696453,0.044297909457224637,0.062198668583765444,0.002097534720753797,0.0812141505536137,0.17132595936336598,0.0830375068356237,0.06950333327043805,-0.06433552432097638,0.2734185090959529,0.135927439355968,-0.013758824654393811,0.26909863195047773,0.3102497944603577,0.22337796397241932,0.096150886093317,0.010549134061681913,0.17711659162220386,0.06180073395718516,-0.10234112488072808,0.0012867980436859457,0.22014922039879742,0.12380843825569926,0.09108836148509405,0.05805798671812002,-0.05736989308249569,-0.00984156646208059,-0.08765358952335767,-0.015462191926730803,0.07838387243233878,0.011591262794386237,-0.034489163713381454,0.04882039869924348,0.1013355194303064,-0.05652224646457464,-0.038198429691826706,-0.05659547637539351,0.2559881403790614,0.11593748898052984,-0.16702103700430485,0.15952001663958515,0.18489010648636062,0.27043720918439046,0.06469650598816395,0.08450470268549246,0.19509203258416705,0.07362068319330727,-0.06096704495372225,0.11278314367274486,0.08352454879822688,0.0809638273091691,0.18807855107070198,-0.0037020246114121027,-0.01262521629536284,-0.005084891617173136,0.042188146840440456,0.005152126048097318,0.03090977624626848,-0.004821521118113077,0.010991458544345361,0.003907301801158913,-0.027618649070223395,-0.06334809862057977,-0.07550436576649588,0.16977744271353554,0.12821864698689286,-0.08386763826616647,-0.027326382244401665,0.01222287120113637,-0.09445163505940846,0.07977763485361777,0.030608220060598122,0.23850690758727,0.09327414669006845,0.1118612307189821,0.13950996251581638,0.1595973199554713,0.02767029703260695,-0.0401422867549055,0.18003398047394292,0.06002929239321736,0.06803283452733057,0.04889922097348081,0.01690832110849663,-0.004793123936060193,0.10029796502389275,0.00911738145042199,0.059081298460426535,-0.04285668002042504,0.08366604874052441,-0.01683110869603676,-0.029534914726859693,-0.0353385483126834,0.060630212691727865,-0.055653661874683714,0.06608209904346271,0.11780922272946079,-0.021269591333008403,0.07138874050626079,0.1671474883483509,0.007172740060104862,0.14119711868676563,0.12665916388251264,0.2269998076978049,0.1523371676257172,0.11771825162478898,0.09771845465592029,0.0316958615726268,-0.05656237758374386,-0.034972380165976806,0.008477916689867374,-0.0022198045432540027,0.060795467323983984,0.0021976859349477464,0.06802591109851372,0.004811392799135636,0.07021841412960146,0.11182129083332971,0.21260946378673823,0.12945471353413213,0.16669052572301127,0.1701703959248975,0.03323563832253043,-0.12252662319358577,-0.1520733487613132,0.14302540894667048,0.16505482679980102,0.10809749465568547,0.1115067162169381,-0.055052586254260516,0.06785771531260115,0.011715776187067,-0.03652171054977052,0.1489164707637526,0.13157543864255747,0.009616025465935289,0.0057038681129501344,-0.02728398534615535,0.06387243145214115,0.009518822494401682,0.0011018818648744903,-0.007617994832872186,-0.028715784541942038,-0.019278780937677133,-0.011211043592478619,0.032860484437947944,0.0751556586729611,0.09040848730875374,-0.003947726003708611,-0.04881830869032782,0.07994668041898165,-0.05539123084664368,-0.14626253602395878,-0.10711347159705226,-0.045173926244642476,-0.07170569603660643,-0.18165889491287712,0.12967096858935348,0.02634091355027581,-0.13463005543227965,-0.10743809249358363,0.009286661555601039,0.06671529396090035,0.0236523916628102,0.03504713961045679,-0.021882040988814258,0.004035677580443412,-0.003250383298640568,0.06080788238842977,0.054110302138332976,0.03294599995955682,0.000569689488064314,0.02460001894439824,0.009504175817161066,-0.005295955335348065,-0.039686151558591065,0.04289158620312831,0.13158282629145288,0.07174680561021128,0.17985225179506636,-0.10221180887376491,0.014356192683110995,0.1513741533623952,0.12673288162020382,0.16154905949725712,0.07173169931350432,0.010516954956176178,-0.02440753134796629,0.02387820580341462,0.034237428506715406,0.15588578136693812,0.08431861082956016,-0.049614286486483854,0.0011576190243055655,-0.028392336969152658,-0.004763852082110151,-0.05156876464724798,0.007180059323026325,-0.00013713319169876895,0.08704811984314605,0.05534605714165436,-0.04039950926842913,0.03894459245982214,0.10410101229533705,0.06364223130756624,0.025643527764670257,0.03047230948106937,-0.003837345153476889,0.01616518951081299,0.03548463141771776,0.018368511732951676,0.007772047667897926,-0.0036669353646935727,0.03998375187982315,-0.05841575048652713,-0.016846986432826356,-0.011414161765869613,-0.06730955986758808,0.0071747120589840205,-0.034289488924751546,0.0008683338961593001,-0.03699861079826151,-0.08702683057737128,-0.04290682347434448
-0.07855731355356692,0.056602800213545024,0.030343220054312177,0.04052800023654517,0.04054064084908679,-0.011651778018750168,-0.018630754374932577,0.026566536207598846,-0.01931494415932627,-0.04317775462418361,0.042084747785847934,-0.011369755678428486,0.003320838868669338,0.01578490639675254,-0.08076000746164165,-0.034665338784695264,-0.027457572764996604,-0.06441509351375348,0.03347256495761003,0.012857847854276279,0.013540221180623844,0.028218988779716306,-0.01826004009371478,0.006662889805559098,-0.02020142134625259,0.05804232186820644,0.049647300111915225,-0.042622440238534634,0.0611967254964092,-0.005042511827856714,0.005293492853051059,0.05449152284254189,0.018328098265158042,0.053291629533347665,0.025781896244098632,0.07899707476279631,-0.008375654041777834,0.1258363428779595,-0.01712774862008003,0.017719701611825553,0.013031280882761185,0.048007225067515764,-0.03850497791508618,0.036871288342929937,-0.03335835300818765,-0.0389917410178493,0.011831813477509305,0.02411006063488738,0.022489804100734652,0.061365583523333926,0.0593565337577655,0.05319118517011562,-0.0002861524728864629,-0.0005746843121939056,0.051071999844875406,0.023904173327550887,-0.0012203499427089486,-0.04660810600689686,-0.08385638715939994,-0.07851826775692913,-0.011993790275421226,0.004125479543804956,-0.006914957161249263,0.0027677262847087387,0.010875169431451039,-0.03128830895818167,-0.03391666562674284,-0.0186397815963035,-0.03179324452851508,-0.0049094920426956835,-0.022913205982101833,-0.02589013613387321,0.051995196640024846,-0.013078924755935297,0.052168653420620346,-0.04072543843077916,0.02238017710497384,-0.004919178155656932,0.04628722806799954,0.08854979731746336,0.002536734185250879,0.0010690337289804045,0.14998489484685298,0.04725586080376208,-0.03932418250720325,0.04003012399876643,-0.09021333662901539,0.052262323074371154,0.03373573226496788,-0.03143772094946722,0.0023850327836445937,0.061433622018783565,0.05922321312234168,-0.016783545806358473,-0.01952328295859372,-0.02045875868521629,-0.04173654825314664,0.04430406359813578,-0.053359687300011234,-0.017060633379471075,0.04710806076691926,-0.022441084709980578,-0.06195303657645792,0.007544643456574162,0.043353839349422725,0.040569087474059996,-0.08366370647497902,0.011871776347660404,0.0002510972428170393,-0.022265132619097433,-0.05690735911212592,-0.00676881779850473,-0.052047514511475976,-0.0027851246883664016,-0.04303103698780588,0.014584043103448244,0.014912471837264202,0.03525836772694548,0.057982440088287374,-0.012123077238535266,-0.056942498093574344,0.02055750369309288,-0.04897223867159483,-0.012298555839144854,0.03571469873781957,-0.0380200473842822,-0.037234089440315796,0.008581592248596316,-0.016085968351422023,0.0019989147203782003,-0.019990127854271164,-0.058712032471452215,-0.012463355868120064,-0.039816938579959014,0.0026223578739324126,-0.015846637371491078,0.0734021205958174,0.053472910688467594,0.04105465810310041,0.03217409422788446,-0.03785930553570894,-0.06429672885272537,-0.01880349219963677,0.022097245049004847,-0.05426601855334285,0.012155791082400221,-0.05493191437977472,-0.025988707401551014,0.04726566500995251,-0.03274923554448783,0.07541613472760439,-0.002580158229909366,-0.036118355407365514,0.005811180713064549,-0.023802132206550048,-0.009143194380131343,-0.00723259340750062,-0.01560579861746996,0.03963789110399026,-0.03643479821045103,0.0376924142612047,-0.059008795011020014,-0.04116768398310476,-0.025219714279556688,-0.036212148639326674,-0.06223234871404133,0.0620287067339918,-0.019196587145940244,0.05085060678041597,-0.006614328490454055,-0.042999371540376155,-0.01443011050162733,-0.003520878360915923,-0.010518749847386358,0.03203108962336064,-0.024211834664124313,0.020148012450404634,0.03848814357863209,-0.027128429897015728,0.018984833388678145,-0.028528040784852233,0.04673876994096296,0.05898008503772515,0.02034881297793755,0.012610798204717971,0.023865225020958395,-0.06707810055302378,0.02401933849054603,0.0660472846035796,0.010033205709097845,0.009119776016473291,-0.021178055154786296,-0.0013793238471631218,-0.027926845113444225,0.032823191111998065,-0.04635690669661636,-0.006876518580678464,0.025527622620003527,0.03888782559704121,0.03304529140052021,0.013711159705763358,0.009016381160725775,0.008976212896837428,-0.02784769053090025,0.041952208343764015,-0.05074204314304125,0.020187031636678388,0.053165832291007555,0.013480869973737729,0.00548859194435218,0.03236109073177381,-0.061216229311145315,-0.024578594181595973,0.08604490559216407,-0.03729334924341765,-0.03231229146181518,-0.035484624474180854,-0.0014058447655895256,-0.016867062353965283,0.029132391015487823,0.04687746578300152,0.03990286864169896,-0.042066047583665965,0.05728194583864063,-0.05288409423465181,-0.016980346049734384,-0.00744408697386678,0.0047441783071955285,-0.0348413143617801,0.03419197452036147,-0.045846644257155844,-0.010032670564339862,-0.03411100288827273,0.006772893397629725,0.03721630457494419,0.027374075050129884,-0.047193900171725485,-0.042810356173928636,0.023944833946603832,0.030187236875969276,-0.004881913517373938,-0.034523143484020816,0.02282815904460007,0.028699291152985536,0.024736339683240287,0.006882375556508098,-0.024183587909797858,0.02417383234181221,0.017302799798733177,0.005718582521469767,0.032164922438028105,0.051364517703980934,0.03617179147945295,0.020588085721312904,0.0013352339783033436,0.07091063514120012,-0.014343060713752586,-0.01334974249358614,-0.024785953022551734,0.038382889052154215,-0.02869547632542313,-0.024366782781910644,-0.02394350644229425,0.0027449579756123697,0.00794299735252419,0.015344091648940789,0.0146308414951652,0.00553829240333414,0.035339905678449884,0.00019507166021988606,0.03608647106006303,0.00698923414783763,-0.05312371447684175,-0.029751233860449873,-0.015292984632617643,-0.0700386809064889,-0.0412182063186405,-0.007667691462611666,0.016742649053644518,0.013476189277536573,-0.03098907057282105,-0.07998595311702476,-0.04660681916240966,0.03338985227332115,-0.0560133167402804,-0.014370142101757409,-0.0013448913919468701,-0.0011838593456232884,-0.04252187503577552,-0.007813869476881414,0.004660074653499561,-0.049554890458657366,0.01455974347451264,0.008179654975039146,0.022093624295759423,0.010240834126440964,0.02628391570332186,0.0792393804703246,-0.026114757337898892,0.024080286368485103,0.02265886373578642,0.04008479165722012,0.056309693024102034,-2.1256566122966598e-05,-0.011411919775743186,-0.09415409401518267,-0.012236912978155929,0.014229021796659226,0.05566968478378568,0.07876834335723241,-0.06734121460255307,0.024871845434260072,-0.0075175926370172185,0.015697879926244104,-0.05713004287916722,-0.011238063932073928,-0.02355857548795202,-0.06354745985355588,0.0074614609433359584,0.03670403223331273,-0.027906306400061566,-0.004714235776117214,0.08575188364759845,0.009841076470448962,-0.038679963035869805,-0.019388070447040523,0.020583088260412025,0.0016776525195284137,0.11255932788651693,-0.035220393015109076,-0.06612553589388338,0.046336757968517335,-0.028579237764601546,0.05549876085520866,0.02795257867766997,0.06839384197038283,0.05428631342334378,0.08040904617987006,0.004026648926351839,-0.03247667240865917,0.15891308918725477,-0.013151660736739674,0.057123285996522305,-0.0169303253631573,0.0750631679399687,-0.0451948753172085,0.010027517203045613,-0.06124692145071802,0.06639473490075792,-0.02626563608960709,0.062295315473473854,-0.0711052412802875,0.015782009178359865,-0.033552433488532755,-0.029863525000601087,0.03372638435791597,-0.020266238836242307,-0.05638086062536396,-0.014077638200536608,-0.039832913657309975,-0.016147483936587177,-0.07310518009843114,0.014171336902469116,0.04830134252048251,-0.02406792774079272,0.10577978277818738,-0.0614029085143209,0.09863984334447724,0.0330799302623928,-0.03889498548753641,-0.02992760281442277,-0.0034915065288257004,-0.03001982009665986,0.04947980399278107,-0.07458313540273225,0.046787227504516395,-0.021972968408137335,-0.03512348875708225,-0.07806043615368033,0.045468006521418046,-0.013975920322575724,0.06342988754457779,-0.07076002672585711,-0.050323912551079854,-0.020696845856613258,-0.01905465145412125,-0.012302309590362279,0.09791964664757578,-0.028290457309726964,0.03123663968730844,0.06693920372998063,-0.04794927991644833,0.02149031337867081,0.0643729991584307,-0.034617363976781224,0.0033230500862944756,-0.011716361625093475,0.018116126589297912,-0.028996343896277307,0.006716434054834142,0.00833901474065013,-0.014142193086423456,0.009123605529444493,-0.025058500242535618,0.03282598612526215,0.019377644082971386,-0.06319336360578937,0.06688167490068159,-0.032356171277993624,-0.035348041841089105,0.03316149873140606,-0.008671610884104163,0.03462401359204569,-0.04616219230786784,0.10178826578244905,-0.04551684269369001,-0.07790512338402648,0.011029013984272881,-0.09131496317623457,0.0011888990455863368,-0.0804565752145553,-0.016464549419153245,-0.030559523124765547,-0.038882714481336844,-0.01604285688336868,-0.03493531117347262,0.07064323372528329,-0.04326633533426015,0.0009203061714275169,0.07445115497078932,0.0424469124194021,-0.09778823557474212,0.01408873026200131,-0.05862921324827108,-0.013093131543104725,-0.003407799672531039,0.04964783330480573,0.02736738105265516,0.018640172615896063,-0.0009050231535399814,0.018004840157325928,0.013282071439934389,-0.037408065693306916,0.004442065322923259,0.034269977839972716,-0.018995924597682165,-0.021011094665557256,0.03241823253171312,-0.010976832610172536,-0.0050866492396608,-0.01993965076401441,-0.02670497639464327,0.02429704273078886,0.015074285887158291,0.02162671244499252,-0.03842478218854806,-0.0723532770485458,-0.05853405408484035,-0.01810347857763005,-0.0036272909691043736,-0.009278280709091709,0.030879316375192926,-0.11940706706504166,0.014879725308425294,0.022408845731926263,-0.04463122294048249,0.015581729555674323,0.019633078797033455,0.01813648873439072,-0.029598108293628553,0.04869906921647071,0.0006953681282935144,-0.04213083706595858,0.005028685607726189,-0.03044705583965742,-0.01331022465354742,0.05912935432955352,0.028713004838040145,0.06356676923362689,0.048733627264763296,-0.0330028195247288,0.06528479903907955,-0.050311898285818106,0.08178957236144188,-0.045576272807535005,0.02836267467532848,0.03706012836086865,-0.0009507136516066835,-0.052776297962953536,0.03674045507650808,-0.04724121301684778,0.026435686313373032,0.02238012865177999,-0.032112470592714715,-0.0240389327356352,0.0183858285964084,-0.005179177175256767,-0.05239390891406582,0.006731946935587322,0.029378361476929096,0.06435302245848919,-0.040452573555027536,0.024272910636652406,-0.05232350638299799,0.03708970611732068,-0.010362849203100304,0.00527886508433571,0.0025541097992010614,0.014150630654055108,-0.020639689258544508,0.01590691156648425,0.022559799269374306,0.0029494543243687612,-0.017647433929280414,0.03536147998954676,0.014264224763520841,-0.05804982515360878,-0.01769928273916112,0.012602044675673508,0.0002983758952682828,-0.008805258795838548,-0.00018077046978009177,-0.0497543070152708,0.015834961472387866,-0.0025497473993927244,0.02613242396688145,-0.11260671393568963,0.022989359018804903,0.05663473966961439,0.047552279480399945,-0.005734680298198469,0.014521886303865339,0.0007090554181056852,-0.002574388345863538,0.06449965801401418,0.07128512914996238,0.023755603751534803,-0.016657693037479108,-0.001336021556826058,-0.11585981069031479,-0.009982941801298061,0.1012222331969471,-0.04003291723111758,-0.0069384283887241605,0.07898413132929835,0.011880236067510527,-0.07195755747622369,-0.0025855554592397064,0.004553474115261721,0.007043261838954038,-0.039635649340798426,0.0074956982671960295,-0.042244197539582355,-0.018417830977974378,-0.02413586282369767,-0.03844983678444626,0.04004339546263133,0.01581013266245653,0.06269830561381548,0.037571841189559314,-0.04742764534461752,-0.05036345036463253,0.006632117503347005,-0.009390077786807796,0.05398740043228753,0.040572116447227115,0.04449043089241544,0.0701783246735021,0.037070943905368185,0.08049652510699251,-0.09294211458630018,0.05423122316415204,0.00709778696436228,-0.011663066757822322,-0.028618464526604968,-0.030392534572545534,-0.008457719692531106,0.06340851427601085,-0.01061547458248049,-0.002424159477228348,-0.020197077039248293,-0.04105356456708286,-0.012672434505686567,-0.04169818772296884,0.05926146032679835,0.07332129856607546,-0.07417969175732157,-0.024459740907636862,0.04385994346601355,-0.05702321054619109,-0.007842232526300794,0.026564867762428737,0.0568101350366415,0.017295293003969547,-0.058815320843759594,0.03366343203489586,0.029112151837780886,-0.04627990455098753,-0.017079646013978798,0.028396888999704457,-0.010794454388444093,0.049818993886680145,-0.005703659431198126,-0.01368539450202692,-0.04316598783136089,0.0867030324275223,-0.032800246222731526,0.019301451576840063,0.014000424406590169,0.13864066198844247,-0.09669002848682758,-0.014056829787735892,-0.0009771717908526967,-0.02693843949107871,0.10682910492716557,0.00278386214488325,-0.04447563637154876,-0.07164249310656456,0.03851130315354589,-0.11852506257881612,-0.01609861203856324,-0.05058324146644588,0.0026393942445385706,-0.016992048237796674,-0.026436005893990793,0.01664821810739118,-0.004360907688230355,0.012670606907783516,-0.01874102057975176,0.02116139506971009,-0.0603251364204887,0.0053502454655905895,0.031044838692158308,0.03889679613611401,0.024186642445887967,-0.025822564364602445,-0.007579415921749355,0.06332272978122867,-0.000602830585049875,-0.01630352165505166,0.05805898330068336,-0.05899909546807091,-0.0014396411258416014,0.05291476583711623,-0.027240293286411837,0.0003007141813548237,-0.02703315113445585,-0.027586550525615535,0.027899723660844984,-0.014827848923056932,0.050465334780732875,0.018873679600168888,0.03974467759601117,-0.008283679365318009,0.01579118972033946,0.0009039565953571633,0.040215106697248135,-0.026855800245486616,-0.03995032967841508,0.05276789062448656,0.005571545494883663,-0.02750821857438071,0.05323830512634745,-0.05971917328119604,-0.021234791520009334,0.01966965654102166,0.038818470692844984,-0.010302491240127304,0.06425095199299422,0.03102200243521216,-0.04341312910162131,-0.05485790368390133,-0.001968785869374364,0.0045735247556365965,-0.06551413706790117,0.02836550472401142,-0.03447511111636992,-0.060659587707739465,0.010487674958773646,-0.05301127869669712,-0.0065211467539743675,-0.10242899292325161,0.04308005678411199,0.024758109796984517,-0.023899728048349295,-0.01936028137953627,0.0005176764902183692,0.01274429744692329,-0.08080021394888165,-0.013881251267794301,0.060757375103187045,-0.06118482964011933,0.012567830106496505,0.052699860438675424,0.04507150682328897,-0.0021416384386574857,0.058767690607209426,0.02090313157435201,0.02773055040931166,0.062300988137377764,-0.10262453290427188,0.04345976323608224,-0.09984066669048146,-0.00047569600731093285,-0.11916865872316558,-0.07284105249125114,-0.025642764771685696,0.008865130682996773,-0.010427211872156814,-0.01860989535274281,-0.09505447148917351,0.012667266989344613,0.026720763681382997,0.06295789390605565,-0.030933893697574953,-0.008267121226503452,-0.003075226527382154,-0.10316676076327258,-0.08541519069692946,-0.035489180058009336,0.056934675107875414,0.014925737230218887,0.059018943113121704,0.04532454259341468,0.0009789403626086883,0.02629151594284729,-0.019556410561830266,-0.01841830762303684,0.0844829422691699,0.04604387585027368,0.038671016733286594,0.08615618533502163,0.00795280027495764,2.79955470419389e-06,-0.022088165277001214,0.02140417709241843,0.01855729473157612,-0.012647714008013306,-0.11641239428451394,0.09061733915700325,-0.023833141540787167,-0.020914035961248408,0.056610626524543045,0.002940649846440727,-0.05710575842884997,0.04935548609652135,-0.005601286107737022,-0.045986043555746876,0.07212366665867664,0.01744749498962761,0.009443348761546472,0.07731575425111206,-0.031324654905972395,0.017445017677763297,-0.06559447189863415,-0.023595343612069795,-0.03147426850715846,-0.01013602955820009,0.007817426014780863,0.011862665768757835,-0.04852788960816952,0.0531563699079627,0.02229102102033593,0.014559082476143449,-0.020267870590603757,-0.13340327176213038,0.02717139467624629,-0.06348423116166371,-0.014953253805518594,0.01417684579758337,-0.018996023818967304,0.05609800055071492,-0.06940243603452038,-0.01132817867233454,0.019788148125987615,0.055346300919248796,-0.013106032800706423,-0.0024525962630753003,0.02196188173807427,-0.029360212894255975,0.0035925890103927554,0.05493947810797343,0.0002614994041505887,-0.10744033101462218
0.034733163255086234,-0.021455936834304107,-0.03210775710966159,-0.08650579485937697,-0.07760819952734926,0.03564936659347983,-0.02587518731931289,-0.007047157447441388,-0.01817951313556069,-0.0006797636517823383,-0.08933570482413505,-0.08423450378839162,-0.084245563127001,0.03724592391161238,0.0272121992367567,0.05616515325287098,0.09282505346859,-0.0255585811251897,-0.1017750270630147,-0.014246285630775637,0.0060226549226368815,-0.08970427050247831,0.05296679191158691,-0.04335123685867229,0.06258004559987068,-0.06583988616927368,-0.10932389781105337,0.019239766789180643,-0.07763075911750145,0.07441550549652119,0.046713453080504605,0.13135125454437604,-0.03035354794078657,-0.08058308452984393,-0.051005077626569396,0.04069248496460004,0.06910432704782053,-0.10950209773842146,0.0007550374049858298,-0.03280828396177309,0.05801515086504766,0.04068466287261265,-0.05230836220107242,-0.050538604731117036,-0.06027378338940276,-0.044931801801663444,0.0982873551944036,-0.0013364178282924593,0.01814912919138527,0.062042708741157436,-0.04309881792527267,0.04372982376946239,-0.04275607336354307,0.023050259930912365,0.02123965356302564,-0.048271101132702936,0.15787952469452723,0.03872610626941643,-0.019384097867845056,0.01578311078039397,-0.022822481353676136,-0.021821744002198936,-0.059946472031139994,0.04462904377066657,-0.052558039952918766,-0.03818685123427237,0.01884955753677942,-0.004692690758433037,0.014563141988651204,0.01232722979216509,0.06025197007783716,-0.08216817432354326,0.04991000443618927,-0.0345162564951166,0.019544782356786392,0.04561078900235409,-0.05536909829030311,-0.02164964928140802,-0.04670991126428196,-0.029913385243623893,0.010531602900545917,0.03625152773610438,0.06831688327723677,0.03530433183659909,-0.015276581703772364,-0.009972957872370018,-0.05043884377226527,-0.014135203412730885,3.137614547785826e-06,0.02110102047608186,0.031274145972415374,0.003713967100276451,-0.07309750464232875,-0.022940392494974836,-0.032833495481039816,-0.06094318980569972,-0.03910385923064733,0.01979894826081121,-0.04632661877322126,-0.021517810238201072,0.03577549462359376,-0.07954757011445455,-0.003645346961075643,0.10862503049837718,-0.016584519404620256,-0.006264457394593583,-0.07994709234872605,0.01215208358902052,-0.039329857165264645,0.03714082693043336,0.014848565121183181,0.005483285250270864,-0.021871541300173745,-0.1045927293282503,0.01980385431988628,0.01222695321561223,-0.01162643195919149,-0.0444460121768245,0.025825933710064943,-0.012704051135185877,-0.02662601703841285,-0.028760591317787635,0.01469477057137623,-0.043800265474145145,0.08259017352800622,-0.011489452098811257,0.011547074610318394,-0.026675734649479407,-0.03115279391053082,0.026894472045321742,-0.009349878901450396,-0.03580015419357067,-0.009172581929167659,-0.027031167734778504,0.021588503281936493,0.01629404134890657,0.061998102316744214,0.018452420862889278,0.0038184013656403083,-0.021767086917237655,-0.02520334872845291,-0.02919974525876707,0.02262871600078435,0.09530572285316259,0.004631628427269872,0.0803392301712319,-0.04532467713679355,0.024486129316239665,0.03218176602418745,-0.003276725208052627,-0.08057473484252549,-0.005883501847109475,-0.06440967193641134,0.021234741502381665,-0.009657580312532247,-0.00909418678261477,-0.051797074220964516,0.022578591878323107,0.007857629611639962,-0.07489547133936361,0.04516276298292671,-0.04324826119087659,0.020740203237310975,-0.008524935673188877,0.022026654148415665,-0.005830065728022262,-0.051121409337462315,-0.04342365652557603,0.029558389564018652,-0.002144646756958122,-0.001392007749839871,0.027650904312870404,-0.07082523106202268,0.025278908191215525,-0.061289881570608475,-0.0120803109323964,0.016443828812007573,0.07504066225150612,-0.025824606543572243,0.016534110282804507,4.521760542200661e-05,-0.019114186380095308,-0.01768391469566488,0.03828947558825623,-0.016290797745429256,-0.04414297710921315,-0.03374355186431443,0.07867544315198914,0.008656703621234354,0.0003845228841318825,-0.01441721696502111,0.05443909164901575,-0.016293889412949562,-0.06466709744778376,-0.027126883036511028,0.021941850272489686,0.01197273686829525,0.029735358244905172,-0.0030630305701124295,0.031374068288022236,0.047139904320523236,0.10380575466019597,-0.05332333025532277,-0.026395975372191273,-0.029095471173977025,-0.06212465837211037,0.008547486883141848,0.0542203863308143,-0.03176520541610682,0.0188902027397204,0.016808794342160066,-0.041964208476923566,-0.0006177373385698088,0.03281715649403838,0.011620638227694923,-0.09595507026193888,0.03746092942239959,-0.05225375138004877,0.02821178731278574,-0.03742522973954549,-0.056559998195483754,-0.026128253323709553,-0.09650745877379698,-0.10316828315541582,0.018426281260543416,-0.03594520828389452,0.07281036255802041,0.024051178047995062,-0.007574612296998609,0.06202963121724032,-0.10122435119334312,0.036436543346378095,-0.02469594431313533,-0.03349732960237076,-0.002966446540335107,-0.07054007702434327,0.06527584320462818,-0.03631676427960529,-0.002409868369872869,0.005307412405402285,0.02688331121094262,-0.03810315805637402,-0.009045038341474725,0.016049432008565866,-0.020155013318426042,0.06275994356236587,-0.0274995372227198,0.017976862888609366,-0.016046256852360507,-0.018071574894738245,-0.005631768889582253,-0.07636044951574619,-0.001860245621736057,-0.07698623196101233,0.036336623369846506,0.018883630843449843,-0.05527908468674077,-0.004753520064147554,-0.027770542564316308,0.011686690032135762,0.0189953821059175,0.06371720636037508,-0.0713225896451279,0.016825662026468357,0.024890359410765586,0.013901688291272394,0.03904604131996279,0.003315964680893489,-0.0015053743020323118,0.008704549314779448,0.03398857723168773,-0.030009426807248694,-0.039048279584336855,-0.003203077625125439,-0.006337237517079891,-0.015189056260638002,0.006223531453888602,0.03221060087563395,0.0014442905718280196,0.07931881746723364,0.03248289667948003,-0.09246231280648416,0.013882904218819932,0.06271342098189113,0.00972557644739653,0.016499756361462756,-0.1221417262215083,0.05271691088545128,-0.026776687705454563,0.041990821294781815,-0.004591267502320426,-0.040227193614446655,-0.020450874720230074,-0.07884079620411635,-0.08599177787354799,0.0492883780895696,-0.0197557864512844,-0.007804188160922595,-0.021706912171053395,-0.004062895025348256,0.04714483705632439,0.006412005902574845,0.01363357610281431,0.03983820408903763,0.01856073099533624,-0.039369348314788485,0.08998910440366667,0.03679789708064591,0.0081715332497267,-0.007110292584818002,0.007195210982976328,-0.01742894078102091,-0.011204848440720599,0.03999603757586041,-0.0999419354549702,0.02654438051093322,0.050794946461113585,-0.0631978199570827,0.023706283692105926,-0.040497759778973685,0.036994988207472795,0.044855376313620327,0.03763872648328034,-0.03248920204779996,0.05218777098776043,0.03699814204624516,0.01055120951998026,-0.05077612540193432,0.048977368849596026,-0.023507986827452552,0.010352930304219268,-0.0478835673818543,0.04272470800065096,0.03139445842612529,-0.01737011315030452,-0.058084118814251795,0.06712724410762894,-0.019538179918836628,0.0068540011361998355,0.04863342255964225,0.03265637142551171,0.003979712652583956,0.13112337879239455,-0.0014744215220081774,-0.012941054422666022,-0.014137174062257592,0.0003554767331870659,-0.025505065535274075,0.004661529486476782,0.0011572836578649243,-0.07015228522415168,0.017639960856321815,-0.08995519425035056,0.0705014238471537,-0.00794102502587184,-0.007373749688417331,-0.03535820796134737,-0.06885004178661656,-0.06188082007296772,0.04543091372508273,-0.0359014568539269,0.05367010825325848,0.013257732958145486,0.07212461965959617,0.010060360317011676,-0.04124156259478554,0.01774245682886678,0.022797807525222986,0.04812046502437394,0.03852191666541098,-0.046627816725440016,-0.03209734611761808,-0.017303154290041027,0.006252800213305146,0.05744010798901093,-0.0724554380207837,-0.011175095798038808,0.018756316721403574,-0.04109611923445038,0.00870271386798582,-0.02208151322900511,-0.0062720811083159115,-0.07090178753636282,0.0464086602952788,-0.008386770101044364,0.017187776852796304,0.02743613742801116,-0.07529445773786972,0.07823768662965729,-0.05104790426251966,-0.027167025725425394,0.048812333952793295,-0.01555928418339451,-0.0437666984158394,-0.07457018697390731,-0.0424320419214143,-0.06838744719370295,-0.08584517685308193,0.05795814617734412,0.011639917722882188,0.02894766401219316,-0.008465253794598579,-0.037367916233539876,0.000643809860318059,-0.03567865279583679,-0.010733336757550399,0.08246856672755487,0.002760214619668374,-0.025769473452179843,0.03370806803427792,0.03058263664092593,0.029624133159519162,-0.01981825642272225,0.023181495682640444,0.05773068184440885,0.026065864520536722,0.04456442581986865,0.009339875586987569,-0.056576230765016326,-0.02619291546573334,-0.09986294636630588,0.020217555486531223,0.0400335010405373,-0.036218379432563334,-0.005367593702113989,0.02537681764622973,0.08172163120250837,-0.02249442251525797,-0.012400235062855767,-0.00988197417292968,-0.019033373090907163,-0.01923870868329713,0.08327024160688128,-0.06881953079794083,0.06358253004259966,-0.01479864868877521,-0.06422669060990233,0.012218475177206275,-0.01608524792489472,0.025576150217452402,-0.058566665652948956,0.021614697633278068,0.045104407025153836,-0.02457462465776805,-0.046108587938116376,-0.06433667552378483,-0.04954282490253927,0.10777302435346119,-0.03898559438972014,0.03777779003501173,0.026162530876952063,0.042273950831812436,-0.046771932745098076,-0.09956801019576644,-6.0935218186078266e-05,0.03579223618246167,0.03179761635251859,0.004045923989458248,0.017412208678377075,0.01636914233709915,-0.07927436968512494,0.04683680131832819,-4.232534411281327e-05,-0.044854349958134594,0.0045069137910380384,-0.04630242598746314,0.028584756809030727,-0.042112026985931326,-0.001452683808119471,-0.003035504684325946,0.06505943684280845,0.01286734062689238,0.08177929388185327,0.026635005062118407,0.05906905213304539,-0.009992172467435232,0.03663101547617175,0.012316755580371543,-0.023970703390749856,-0.07693634934084055,0.02456038799531797,-0.014069653769929184,-0.02659933598306163,-0.02084967585932298,-0.048748725645685456,0.10014586562023767,0.03440708218494563,-0.06611046530217833,-0.011230075350931885,-0.03235086640810094,0.021460880905405936,0.00630279686776776,0.02484531449507424,0.018306418442812236,0.01615604805598345,0.07348752496105686,0.04379049246529363,-0.06662129737913125,0.026503815101960867,-0.06548668138717968,0.07892804427434955,-0.03964618887579677,0.04635560973647527,-0.033457385992520475,-0.003919145877960294,-0.036833776616333025,0.028262898543728956,0.03887469819040646,-0.010748801804753287,-0.05220930443149324,0.05151023617818102,-0.018946866764590602,-0.048639453049808726,-0.016589376490508907,-0.03899202617789009,0.037568051696189465,0.024207034302289477,-0.01697462424295598,-0.00284700624888203,-0.008394676044314065,0.01154020471275727,0.016551617540276918,0.01577924113357084,-0.07204922305422079,0.0031858005715705837,0.029955235415798944,-0.007101909917146823,-0.028816404355000803,-0.011152409158929708,0.08148738086730478,-0.02606090702630254,0.00010648233086908377,-0.021247895393442198,-0.019725113090435648,0.04365828377560183,-0.04952332353584815,-0.023826332782709608,-0.0144622866504391,-0.03194616552905418,-0.0592956618274549,-0.03238692091651948,0.05228001605665226,0.04610818337618944,-0.01810623358744419,0.02101092723324356,0.026071680980834865,-0.026516362599096868,0.020288175178177336,-0.05142464227030088,-0.06407212779904593,-0.006310757101442722,0.02261248273898168,0.04267052303941753,-0.054860221532419776,0.018888134470050034,0.0035245392936314847,0.11171652907081965,0.032771935448011116,-0.016944894687686847,-0.06118720401415219,0.007870682903191536,0.038977432023003064,-0.04589250680307762,0.034542258691964534,-0.00894914060600772,0.017579210312563633,0.039107006778921184,0.052176053726788185,0.01835648527561729,-0.00426757307979781,0.014669055903632947,0.030617655429172486,0.022020631341239678,-0.0166849993971286,0.03422108781075643,0.04348120576298535,0.004647472266364462,0.06895049553695698,0.06083117607081032,-0.0009851493583187356,-0.05334079127184061,0.03673797821230421,-0.05532903212192462,0.039812622837805206,-0.0820209985562028,0.11011400719822691,0.03972840417375341,0.018431469758257314,-0.08615349229918039,0.02360869601158665,0.025481092325256912,0.03896989484054776,0.014598327816725926,0.015878465610606504,-0.020777715848137156,-0.007750317993301842,0.030063280736048335,-0.05058749182973814,-0.014878800672920712,-0.006335980641585627,0.04660975720327102,-0.032122968261927405,-0.04277019162542363,0.04700187497035569,-0.02084366255986337,-0.01517521920583505,0.030269642057831763,-0.05128300095021471,0.08626429485408517,-0.048899047036145456,0.000677182025000058,-0.048578217232655464,0.04918848979974116,-0.03248155219608528,0.022998037654746804,0.07746440459864572,0.022214236635595606,-0.029444477764594346,-0.022873891512927756,-0.027079737459368314,-0.03152031263133158,-0.012718959165748642,0.06282659724034015,0.025166366644148546,-0.017260350024783593,0.026172270742842618,0.03843313472811123,-0.012026515472391698,0.023935605101845326,0.028441722324166894,-0.014592332654777372,0.002088838064591138,0.02954076085182056,-0.03037999674903844,0.04414269455189315,-0.02663403525677981,0.043293331665456014,-0.022276208908638337,-0.01697214934698231,-0.01769286384316063,-0.017954259637080847,0.012621524591752671,0.000967305080716109,0.06808383933822454,-0.05193984301168541,0.06782216330636406,-0.018128738370595317,0.05506926753983212,-0.001216802082904968,0.0006222890967072636,0.013445869468418078,0.06177111612407428,0.07843862936252897,-0.005668581131257496,-0.01544560747828616,0.017052940673064565,0.033028354658666804,-0.0301191615706394,0.02517169074133258,-0.005723458037880156,-0.039577415324268034,0.01772096798077133,0.018665980634758918,0.05013180142840611,0.017184393543058462,-0.007582952787579812,0.026446396758174416,-0.02249985055072072,0.03564187409654736,0.027177491044012583,0.004813767801600591,-0.03992682954954352,-0.022112564972924593,-0.013173081628597472,-0.06445027086632985,0.006385248290173281,-0.03805799370849285,0.058209276564637334,0.03850362857941033,0.02564362014293076,0.03365503582033876,-0.06458774672232839,-0.020947662998029234,-0.06291524892283344,0.030671140646307837,0.028097092274093193,0.0002856580593692783,-0.020303943524026938,0.049365372338328724,0.02412320117995977,-0.0139133279926192,0.05575744847368823,-0.020463288690637925,0.0906724550444583,0.0898834082997358,0.07343742368560573,-0.0004526208823351426,0.0032571233018929653,-0.016723986175953613,-0.0399900967032961,-0.061201335908841026,0.005211020801516496,0.05918748033244823,-0.0845262339013661,0.011766947216046377,0.04409956540644469,-0.010134501995237513,-0.07105892407557769,-0.09701693126662295,0.043008532240984235,-0.04918713281911583,0.0684204209861517,0.06415721424030142,0.012596054912844266,-0.004142941780774648,-0.054401711928192924,-0.054702939977973174,-0.0836543393052023,0.06723613006481023,-0.0663997884370526,0.045751149305355565,-0.03607640835381112,0.022681608787201546,-0.009278635393978694,-0.07397458399389911,-0.033534004815521,0.050204684646526644,-0.008842731587021042,-0.020624756383187774,-0.01413260710136718,-0.007842111898450946,0.08615935270550563,0.008926072940340202,0.0016778238898747,-0.004159327247660656,0.020021586437289643,0.07011169607689592,0.06336778132552924,-0.043506438325375096,0.00455877537471363,-0.021967130161165034,0.005823966913117145,0.03474064568311374,0.03383470852796838,0.00415656170240765,-0.056897082034751904,-0.050847807846675946,-0.07789198524480043,0.027174953061223257,0.10649757177521506,-0.025122655499817917,-0.009458869214179546,0.019606541819520894,0.012970645776829968,0.04558961623765515,0.020218825857440434,0.014650070367628401,0.10175809532252293,-0.051106502453056195,0.04236463533107556,-0.04345270943206889,-0.0036045576373032674,0.014774703472683715,0.009311454918194613,-0.052551280819849576,0.05101864195209095,-0.07728015523723031,-0.012358769867436833,-0.026234730496362567,-0.05199763944351348,-0.011742800729078443,0.062221282310523346,-0.05221725863526146,0.057639703265750145,-0.06595569379645831,0.02725177796949737,-0.007977184794786854,-0.016366514834901223,-0.015651767617660725,0.0008942858797545521,0.06767992851462964,-0.04905920655000539,0.07944983577324034,0.03150182781310812
0.03786135715011466,0.08734378604179256,-0.03375879449938781,-0.0411462077866783,-0.002668691381807284,-0.054883923885024416,-0.03912266644015407,0.0426628956333062,-0.038637317237987856,-0.010948156689050394,0.09531219776975135,0.012035462417444869,0.02714087209944214,0.14057947160404224,-0.058403975307116364,-0.015442779253132071,-0.017677536073115306,-0.004711011307874251,0.009297674026976406,0.05091724922753488,0.02208567840226692,-0.013266698143108841,0.03919594329679027,-0.034343353881995095,-0.024401904904881193,0.11322834568428915,0.056305650636555064,-0.038082661002307436,0.041671760237657916,0.04420131512079227,0.10833273325187674,0.005857192311474258,0.020122266466247884,-0.05270666764097088,-0.06919149105285857,0.07058317100297029,-0.06358023926375345,0.05631291639739527,-0.08444359698362199,0.03594664365304377,0.13077959241449386,-0.00398075677493512,-0.05599514320134543,0.05048695046951949,-0.005108105424469565,-0.033283426677648914,0.05618390481061096,0.02156034232134174,0.09817210534500156,0.04270212147564277,-0.06280432901075991,-0.014280202272572618,-0.10904969451951431,0.0516563825392047,-0.024130008127671018,-0.027300983988098566,-0.027579099137656816,-0.011455994283807593,-0.04496903597922335,-0.010412699963489726,-0.026814107409192527,0.006869933209366558,0.012033155641002418,-0.045810557778017215,-0.025994297307625827,0.01605781810111114,-0.07070728829832293,0.010145790633757354,-0.02425979951402339,-0.01894625606094308,-0.0694863383793963,0.009590853888234932,-0.0057108328043716065,0.07150329591004848,0.006819909127673322,-0.04055421464310956,-0.025022378129127037,-0.05825431383210416,-0.0650030072136631,0.009115061873390071,-8.233528580870415e-05,0.11395556421501213,-0.06797194212313463,-0.10258479474864766,0.04694602346047781,0.09757910620105123,-0.00542074971919716,0.03295171756269769,-0.010775544520139596,0.05988520643203169,-0.02334781443338924,0.01544090592294791,0.015208306884492682,-0.12680455416335015,-0.12231438539120376,-0.0035431500624393303,0.022921864054677898,-0.10727524233951631,0.046565282658596364,0.01829802976432667,-0.09107574432823308,0.0362332710776651,0.03446933740423479,-0.006882832883262681,0.030920515434289704,-0.03600984165203093,0.027609724975492713,-0.03471522817488848,-0.0862923781606151,0.08144107597749314,0.04901722445789364,0.026198338521159954,-0.042545522940174274,0.05226469777750399,0.031052400496326123,-0.06270972113579171,0.018940166091599837,0.06547431715564299,-0.035251861746796606,-0.02704185243697245,0.03296717228996284,0.006818255878082368,0.05637260346302538,-0.05384062154099885,0.050231303856697586,-0.03468377528996933,-0.027447067283803882,-0.03910326150270225,0.042441406458343774,-0.002921131192278053,-0.018271277431999557,-0.028708285188324797,0.05470485029864261,-0.03344639607872658,0.008493478895653389,-0.025218522649769044,-0.02469819842284469,0.051054581656015174,-0.02733556150854407,0.09576718507986526,0.005790783184689815,0.027135083952209593,-0.12967117658423347,-0.003119006804427707,0.05772365401136527,0.030100036445034367,-0.04474190473649802,0.016063745201433093,-0.04739808537967751,-0.013918514180404712,0.01618870087842572,-0.0544584997944845,0.008041830459423487,0.001459360703524412,0.0613121132003657,-0.03223083907531426,-0.046644677258336244,-0.07255071877657139,-0.012944112103632924,-0.023693014357043712,-0.050751045903404804,-0.006588873060005476,-0.08956200158427095,0.056975892731449186,0.017164259923501502,0.036734558737118374,0.08439163821750556,-0.015648713533736328,0.013158365424028698,-0.0535458873919762,-0.048623228374008245,0.0012869131785474871,-0.013433186568295877,0.010489148041060116,0.028755231668040993,0.015407884538146035,-0.048541893511334554,-0.009114346107729345,0.05325251379727965,-0.006417304421519357,-0.03943813712826092,-0.05855524239199233,0.017507391005168824,0.011975134634034277,0.06109334962980158,-0.0505763713421549,0.03216510835502042,0.03427473270644145,0.043863346455595704,0.019603014609934456,0.06975287652555887,0.014611543720985788,-0.05807095770002175,-0.03446936156280962,-0.04057224786321955,0.02176401164729481,0.0734026299089356,-0.02099255543154996,0.10402063015866388,0.03600393705317204,8.416464595735388e-05,0.05568005678856171,0.003123021702235817,0.03412445199252687,-0.02779600529513905,0.01905869935891545,-0.024838566786928112,0.012337896714632956,0.02919228759568895,-0.032773908432375244,0.005645586816793122,-0.019378624456286502,0.005755714669559935,0.0018221225756404127,0.04497035104632907,-0.06398225635390871,-0.022679144850928444,0.08535180490166301,-0.11527843406032617,-0.014025629927103114,-0.04283714929844074,0.09567499517857665,-0.04050497045115353,-0.08709685030052408,0.04353928455686668,0.056630042783223374,0.07989082158446684,0.056282610030307614,-0.08637145780524685,-0.0052879099440183075,-0.00259300683057384,0.03245125012171394,0.008416548606971991,-0.07951119727913983,-0.004540421880474274,0.002856040672340566,-0.007689057936402797,-0.009177778332809607,0.04076028505832255,0.00965406710465397,0.04685873489297232,-0.005913351106259834,-0.03505522221497174,-0.02159485685285923,0.042599660900009384,0.06037952610750718,0.06618769686587245,0.061105293442026205,-0.0227328882489962,0.040560945242513496,0.04743324537327677,-0.018778386186324953,0.09549570101413296,0.026451109068873015,0.020539181910477988,0.06569325401301473,0.01267338228657438,0.031444661919321416,-0.00641158948200392,-0.015428231752268649,0.03498643362342399,0.01322561704817947,0.011786611418516016,-0.0227491156512444,0.028172409371224737,-0.039236668051689294,-0.028145044150026846,0.05311876967703206,-0.004367347067694588,-0.02113719329840369,0.03878867134664336,0.04355206287345071,-0.0405374823271267,-0.06708698822991369,0.025045355845296165,0.006269402595378592,0.04366239280444399,-0.0009226026882325789,-0.07946233040293622,0.024990409510964356,0.11392696711736083,-0.0946578833296913,0.06863072101013934,0.11371817243377498,-0.022112473712292354,0.021802135895164148,0.06884805550093556,0.008009603757426818,-0.007012158360251873,0.003384439735115662,-0.03776279565977229,-0.041283145839631726,0.03042066144803701,-0.04480434372808824,-0.035925291903282204,0.022765909083311837,-0.08323476160969973,0.032337718986340344,-0.02459291968525931,-0.012620605937361919,-0.0016235145746293475,-0.011954423952146704,-0.06502628927079873,0.008511993158512613,0.09022963995657328,-0.0864534867256875,-0.011208231557023045,-0.11775045466683483,-0.033137497165785935,0.02259149775758419,-0.05079960553149526,0.013439923967377348,-0.03999615409790489,-0.004541401277111408,0.05146406858520794,-0.04389252221207059,0.0016514866500071748,-0.002048978499638266,0.05094480977793766,0.0039211774241549565,-0.0085371589952072,-0.022389393732055375,0.0007407618793412722,-0.015955138911849576,-0.03763621124593092,0.03043603468600238,-0.04141570973112207,-0.04475852917311653,-0.01263815488276034,-0.017740124882256843,-0.02738635282448613,-0.009888709923304219,-0.08948396066661109,0.008763923054559475,-0.012116876538766554,0.1197461199718813,0.015053398470930922,-0.03855236625911089,-0.11860006532782123,0.012134188179262597,0.014315543712482018,-0.04369487890131146,-0.009785214307831152,-0.039547079470790135,0.01588829073115893,-0.021124718561437886,-0.012257371225137648,0.04562187845501233,0.015558483404630792,-0.008731133642535287,-0.02288678057174801,-0.01612886399806047,0.033594429922019796,-0.05331644221542743,0.03685045782401781,0.08899944282332659,0.06540063727366717,-0.038609325598131974,0.09407126806038325,-0.11330179752652961,-0.0027294801310252643,0.016883815420347975,-0.09708163083632805,-0.10803124948856489,0.02744041236428502,0.02030517745303043,-0.019684695029525974,0.0495926926936345,0.08080461742097679,-0.030135859464151215,-0.014411856449843058,0.06658468574936173,-0.05499813176329812,0.022849548795179652,0.03232536131573351,-0.07413163152546795,0.013409077903180737,0.0010305885979691447,0.08617636492824822,-0.03387113204895263,0.013247245791422597,0.03671456219366721,-0.0752667925525857,0.020907417992821867,-0.10625699296405675,0.051129551734596206,-0.04148627266192163,0.03961626905569328,0.10495377228124439,0.05062533431500942,-0.031684871603484176,-0.10266183197564703,-0.11548955433559858,-0.07807490033259014,-0.0024248897452423743,0.04699567336994048,-0.007953921221720606,-0.029458448510951533,-0.04004082497863342,0.03179520603863953,0.002171827629353118,-0.05775334215529199,-0.07260789874043626,0.025750011724927767,0.011741960715848317,-0.06643339141151082,0.0142641483642275,0.017296111036988394,-0.03025284259182984,-0.005156526078924254,-0.05614967952176967,0.030271665808124563,0.05782542069039721,0.008007792642170867,-0.0851520261399747,0.00859420563152502,0.04481882764631631,0.02945018634467817,0.03740716960753398,-0.019410402534317642,0.008932242923666569,-0.0009817792895061167,-0.0649181167065628,-0.04882061318895355,-0.10495907353952083,0.0671180241383555,-0.028125832789606623,-0.04144206948876909,-0.05436413457957492,0.09188511299499387,-0.051019467097919456,0.02946901766039214,-0.025701857176355754,-0.03618465838028209,0.05169514586817031,-0.044332147304377616,-0.006811784693449607,0.012919623328954521,-0.030696556763506112,0.11349263046124439,-0.10091736768169915,0.0659458342649136,0.07237522535043608,-0.018777921726552006,-0.07321219156377962,-0.03832365941150297,0.007665238251000645,-0.044535084604494804,-0.052456592310348535,0.03709722951783869,0.02612201352666781,-0.006236700057002856,0.011324845420042941,-0.014969399296244744,0.008873811125325702,0.002042964347515026,0.04138876327276593,-0.047233499095150386,0.019607014722024422,0.026598583380693788,0.051096384248197166,-0.06045565540747792,0.02002276633381612,0.02492353649573214,-0.014754117458131813,0.047175870147294935,0.00529978655207344,0.04017018366395599,0.04124217688982303,-0.05755012613032595,0.006323298127145142,0.03374532101731796,-0.06951541384177728,-0.03451318874278688,0.05503412923666011,0.07591434168910975,-0.019155431510008807,-0.058891122787623734,0.017113829180049906,0.030147590609490724,0.07885099661222225,-0.03153644497305447,-0.06511633836815149,-0.04820736631755167,0.009750889591847047,0.009573933430861749,-0.0397651063007731,-0.011823478507857477,-0.017954457004850686,0.05630431740498436,-0.03976967217029461,0.026150722494762323,-0.018054862939405718,-0.018640104929761352,-0.04289903518657865,-0.0870485732267144,-0.01229748671159427,0.024482762262536276,0.004093650448289276,0.04236494681256537,0.07317259389104533,0.06054555325505551,-0.059266354409963695,-0.0021791898834007998,0.03726363792796551,-0.06064819550549333,-0.003364930046245807,-0.05213737267989287,-0.08138922519177134,-0.038770302781513534,0.0673120945355639,0.009331083154253956,-0.01531024737526503,-0.06704127262552842,0.09846247326561254,0.009471817569810453,-0.028087896900519025,0.003629893795927217,-0.02095654459327456,0.023985679342773087,-0.04885492620189354,0.052829537864481566,-0.01617931296926198,0.07423286543550718,0.07053927393458333,-0.05716917140549474,-0.03508644239555365,-0.09091972640484469,0.01049036012797568,-0.007627462728025258,-0.08113929844019327,-0.04276697216905835,0.046728954959109344,-0.07505057328665066,-0.08699129354465769,-0.0549691662826323,0.04183789394108172,-0.03596516380397951,0.08419236892192822,-0.06531449874053358,0.03577338855665805,0.02614826148894386,0.022628836548652644,0.05612118455520898,0.056910611937999823,0.06553974373429226,0.004104990972495617,0.0016130051204963074,0.015424170413170776,0.01841422263931557,0.03283785368162962,-0.0700578324717143,-0.05099533401392254,0.08134566171438534,-0.07131420251527806,-0.08159600029959184,-0.020195775028624734,-0.022144456113131164,-0.044099792492041844,0.06157337951286233,-0.02003493368564187,0.004859867217303775,0.11635202365664171,0.05683679223264388,0.009687007860410443,0.03575306177998679,0.04609790778875086,-0.03517914565660414,0.04971885327262385,-0.026701700683404994,-0.0394365933682893,-0.002485998377646149,-0.011441769761049216,-0.02185918975226616,-0.03146082213740147,-0.008053056952270269,-0.03775121248164717,-0.02229838158887308,0.01371814898449344,0.07808136026070832,-0.014888641769011217,0.09531186344655822,-0.003292514342585306,-0.03544898756177175,0.08594219216815946,0.011925849377139522,-0.06804901870161048,-0.03311758036693044,-0.025888750012651604,0.03124071835750865,-0.03931384800995483,0.01773021607298291,0.059668718873237596,-0.024742785459841387,0.013080439492235767,0.006028213038348997,-0.04715266648308431,0.02206094800686461,0.019208391043659408,-0.06118739961582667,0.011440866497257599,0.01124425637755046,0.025726788581807714,0.08394679502028426,0.037696421244530605,0.07015609692398313,-0.047244202511696996,-0.021358596088733334,0.0734224122252338,-0.031144841960143905,-0.052295186859908,-0.045756583393224325,-0.03385726156970643,0.025331116313470542,-0.018452171182792854,-0.0021709317561680675,0.1304835339418032,-0.06051544245910551,-0.028568558588033276,0.08742169228433788,-0.014111994779492083,-0.030901309524057636,-0.023448141689272055,-0.01819276347850192,0.04515235342931895,-0.01612809918543261,0.04575976032468307,-0.04829590634427408,0.06015271796981127,0.007431739888412265,-0.040366437337749736,-0.06285646051561998,0.09346745550612987,-0.038910802115719526,-0.021624318318051276,0.01664014231516656,-0.024024774509858595,-0.01224806306235586,-0.0028352300160864718,0.03613757016312022,0.07901429448854255,0.0028329238230811117,0.044479979474953905,0.024843959247768152,-0.02137988527603468,0.07548692521005776,-0.006126682071262864,-0.02745977679102024,0.009326479703429405,-0.06808873129169259,0.0009079828872235379,0.03916285516271547,-0.01576722100799457,-0.008281959431257377,0.02696689611346621,0.03302315679812979,-0.08877447199522562,0.04052948244598109,0.0441990954764172,-0.05818800741032243,-0.08552858120058875,0.06308158578752368,0.024135701187850214,-0.0032250771032381626,0.041409411026486355,0.013163582235879519,-0.06441365670955448,-0.030922511957638364,0.05708694559727068,-0.005529533828559563,-0.06380138363553267,-0.032222916220425786,0.008552821892344836,0.02109728006085354,-0.010177185576594533,-0.05482899009200235,0.06774139700224321,0.03293165028269691,0.062273965563205844,-0.04409203294860114,-0.045368460072621034,-0.020915563906426512,-0.07470971265674513,0.05697313405777684,0.02970438011685374,0.017504460523844773,0.036398676620952065,-0.06290414863428465,-0.009212405539364239,0.006956612423467026,0.011684273821424675,-0.05527338189917268,-0.013467617906989287,0.026255848197869455,0.036724267123685206,-0.061293754190416216,0.018820993993011903,0.06692809242068877,-0.026350368963933418,0.050352337094851846,0.10090374611303081,0.04890950243994379,-0.04863445423013684,-0.01691321078879333,-0.010612391971997849,-0.03170753827197585,-0.06754646892685026,0.051824879816194595,-0.014852856191463286,0.06802042846626037,-0.01651748419908107,-0.03244025792603245,0.03913781334306341,-0.0446287288637778,0.006439403433708072,-0.07474877819667712,0.07400051786933784,0.00216322828865094,0.010256077483139213,0.010365324585826983,-0.017075379278743953,0.015420152741413055,-0.050820064847677746,0.04453813942866737,-0.029105859223025013,-0.010072216034278735,-0.036562697176690535,0.007422932857235306,0.10139477549146135,0.06488361466624071,-0.019200451544324246,-0.04533872147811293,-0.07630165839353277,0.021517118600742825,0.057045680207363475,-0.014691425468999935,0.0005416373307242382,0.025077871561086033,0.05368089756715782,-0.032255012772397625,0.013469805606871126,-0.018695567489832705,-0.026210603447960494,0.05547926708344837,-0.0013047978354475218,0.05810568214920538,-0.05230336071995461,0.002979011401783058,-0.02070115907115002,0.012419068363236587,0.007691031837100386,0.01904737342268684,-0.010147255750295738,0.009063444139566763,0.061003943646953,0.0471450775259169,0.03447554262717025,-0.042712296518468786,0.041317791198395126,0.07307483239624532,-0.0025330003340970947,-0.027434118756264298,-0.03614306737912156,-0.02196825890234876,0.04059463755521762,0.04193888054362139,-0.07797658775737103,-0.01817622773554012,0.0416151502432878,0.021304589747532444,0.013954279124812438,-0.0209887810407274,0.012442034564205347,-0.031176072727668053,-0.024191916726492055,0.006773316053720022,-0.027752445390472693,-0.05245036897044997,0.07944667626675044,0.04494993994619363,-0.0131584597200783,0.013294911007034563,-0.04980236639086727,-0.0912192978032253
-0.06858763547191452,0.06742552146952638,-0.0034651823913815134,0.048876724386511416,-0.07338571561885078,-0.00226513722524578,-0.07217145568012018,-0.014474033022215208,-0.01712829707788221,0.05859393840696702,0.0284638013641148,-0.06060610997908597,-0.08835582609398977,0.0828659266091787,0.017925771588097935,-0.0332027446325139,0.0022833728910769515,-0.011110144103361159,-0.014680340648727652,-0.0197962564461574,0.06046802062255262,-0.009720296690896154,-0.009392417110591767,0.02296596490134128,-0.03613956201957929,0.06948486838020877,-0.018389743505753234,0.06568220724986651,0.046258367641470205,-0.023343437966475845,0.01250026402206457,0.0025773063283440877,-0.020066110695740963,-0.04460243719627441,-0.05585430861806041,0.03180007692603216,-0.03257513913186023,-0.058621981212822485,-0.02770982657653079,0.003120754452860258,-0.04556481944631969,-0.041816637082255366,-0.002699909143883928,-0.06320006656461642,-0.0250621003272438,0.026796355910215158,0.06793942164501938,-0.06446064133998392,-0.031440377342032935,0.02521412741302613,0.019103652341363977,0.05186604599123489,-0.038281867383676324,0.002326501676527892,0.020985855452801606,-0.02546738179848541,-0.023011429480009234,0.04568510788092595,0.03220153709176801,-0.016762071556287797,0.011960059574977778,0.1157486634287947,-0.010649623835184962,-0.0002829736192351188,-0.03202915199402725,0.06422096669062868,0.03186814149816174,0.1075385974057917,0.03125626530963236,-0.042331540361399196,0.0020515073457409573,0.013822140343711669,0.0044386887397065075,-0.022618380356997685,-0.08250103208663771,0.008013778626921535,-0.01965427880004917,-0.03530415031204625,0.0778684730453329,0.025058064398420888,-0.06653129702555272,-0.043963572649626984,-0.06654848792582718,0.026598844980877473,0.0023059487747677863,0.018848250255472588,-0.03145719613321765,0.017980384931367145,0.01443023242445626,-0.04297769908648752,-0.05075030326295554,-0.00586884563693837,0.004371647264307809,0.02305813357659358,-0.055777554403558124,-0.06452431255055033,0.16060394809842266,0.0694002525649369,0.03468212727736889,0.019599154489778087,0.027127445566385546,0.11154784434546389,-0.0349066035684376,0.0014608867456705886,-0.04358823017945512,-0.15187611457505495,0.00928860863947805,-0.020396525218788247,-0.02944104545787,-0.00983070600588566,0.032830555741754565,0.010498324542294827,-0.027624384682960378,-0.07087247811136886,-0.0014964674800821444,0.08257248774817931,-0.06439785091733281,-0.021204056809909843,-0.04516889892767718,-0.0622942743168617,0.0004543996989515191,0.06616382608005823,-0.06261011566117954,-0.022288246836660766,0.08246577020752527,0.1578289911293685,-0.026591808017293377,0.011190189422379477,0.025388771270611312,0.04346300227467638,-0.14041455260316743,-0.1233131466430932,0.03093412889497924,0.003924257766332675,0.015516432368467644,0.08630166695122525,0.1006966788666271,0.029675717032082105,0.048783682295207374,-0.08563017378629567,0.0623802544267736,0.06834844870580387,-0.0018364551124616332,0.0381841771192185,-0.033881994379893386,-0.08007888059048623,-0.05206149945176708,0.022071250804353813,-0.09863784045896175,0.10877081925650767,0.12652581382051897,-0.17082343011882334,0.04178367149704814,-0.10515512852791738,0.00679984785861373,0.04422394776590903,-0.0004843222479829771,0.08143801870020262,0.033423692749101806,0.12104929463886155,0.06578272433717036,0.04972492436668055,0.047473793163389406,0.06348451467700039,0.11811465031496358,0.05556326811986569,-0.008873745057836113,-0.025851337422425017,-0.02000887371907012,0.018031453075621033,-0.007595110951819331,0.08545566002962564,0.033045547314528634,0.06276976022176041,0.10704133722500353,0.04256031173219339,0.16894151098337523,0.07290940854176611,0.07799950351598411,0.01922315589474618,0.028839053251499578,-0.04215234810858184,-0.09608235108635267,-0.015699624883680974,0.11549999831604163,-0.0315943124237106,0.038220152749549284,-0.12028745795434594,0.05968124700881954,-0.07873243549296134,0.07263562962141422,0.15975621412161234,0.09087455756169059,0.024932336903171967,-0.01661621669676126,-0.034887885618937436,-0.06497253551709581,-0.016264859544227874,0.07720781653172973,0.011461669351247913,0.027454298801545263,-0.032115412635462054,-0.03408103547769509,0.018830472813761844,-0.13611718758130345,0.0203358815615154,0.03322799726449361,-0.01803506917215541,0.04750797865766731,0.08688824982767424,-0.07540188417745156,0.09080836031787377,-0.0344406154209228,-0.18309083507665258,0.07084275656361756,-0.1331021482890181,0.13537319971550651,-0.10808740183873887,-0.05196674151610278,0.11089679299474206,0.1891524903319972,0.1797755656588629,-0.03180319903664258,0.018380716144337974,0.03101290497708113,-0.05737249087635257,0.040923649104184064,-0.015630789937169667,0.025713014857773716,-0.11640972518188444,-0.22418874983045597,-0.007222853290052659,-0.11547244112189632,-0.027796318900290114,-0.07909167378081666,-0.06547102854998936,0.18192900530767542,-0.0583678578923406,0.03008246486605114,-0.19461935889999932,0.07532778134858933,0.04815087201152549,0.0070918164506401675,0.014241454140713124,-0.09431769195000318,0.031247885750944403,0.12872630358353665,0.09106771607668326,0.15240678893797585,0.10568458443577207,-0.07316169028931044,0.10527762526688839,-0.013557857465660522,0.022126223554101664,-0.026019021156799774,0.052275845321005564,-0.13132396240460958,-0.0694017886923052,-0.19351434471004547,-0.14120932696278965,-0.012838777188381013,-0.05480515242903048,-0.10515123500474496,0.0035772665486767455,0.0359956607875646,-0.22616875834882852,0.005714789968381142,-0.013857048159857789,-0.08070735151244927,-0.04268450231086892,0.014365604023016051,0.08206303450278667,0.08227043468636035,0.14170075278027103,-0.00101584439083414,0.036169287446773675,0.030997865416726937,0.11073488220421708,0.008358280994903046,-0.021728492414451787,-0.008300188241576535,0.05704410718696478,-0.023919274290377504,-0.18375514417478012,0.01936221746731659,-0.20906655471591068,0.021842244676845375,-0.03079950027002395,-0.011689642687768852,0.07011392984374176,-0.020858127000352136,-0.031534876760577826,0.12842798818899967,-0.011954388121422514,0.08801091219123178,0.00841891684346514,0.10172856000602767,0.08282256126325438,0.06008643771811676,0.03713501276465458,0.133762291003831,-0.06717711149697526,0.007574692683018698,0.04979804116423232,-0.024152286223229492,0.0874246051246311,0.06590431341216191,0.03675133449120505,-0.03070137138453795,0.02105131507502952,-0.08347967293263515,-0.00592948076671564,0.041302111623026445,0.03709315892686654,0.13325745301380734,-0.21374352651817652,0.08378338273314713,0.05606686705054478,-0.026005807947546342,0.14545414891306846,0.1563293060942029,-0.14411391825672792,0.1136443519295797,-0.11857772168442053,-0.10590836299560738,0.04150727619045608,-0.1218470046259297,-0.11369027923546271,0.1417554891699213,-0.04120733120544452,0.004798496105673119,0.1133099669252389,0.15884872330823008,-0.0639473967238861,-0.007696659834817477,-0.028203644787935415,0.03798784263885656,0.07590657230800982,-0.029191383333957363,-0.03839384944075498,0.1192991230176846,0.01938965610267198,0.07246606457797339,0.12151669169579296,0.10875654714501518,0.1157980101932359,0.15937746483413712,0.10559990309644494,0.012233069429257294,-0.05797163665325487,-0.12327438819945606,-0.05826036405665759,-0.1290979495458548,-0.06181919185625016,-0.09024699100150908,-0.09706057219188227,0.11577525873835721,-0.24832634291863892,-0.270050895012966,0.0594315048718301,0.04110256367963967,0.04683499339167191,0.015069040639864173,0.0033118151204962207,-0.020255871363580737,0.03133841216248653,0.015963409058865743,-0.11720696229131311,-0.12641767668588483,0.04516589482043434,0.09845234486047139,-0.01537093019716638,0.051052746793620075,0.09572651215126686,-0.03070199847561143,-0.0005151097316193659,-0.045844872335557126,-0.23464647511479345,-0.07004682594101953,-0.14551637293598696,-0.09389198520663088,-0.00011190329300603445,-0.1357061097659831,-0.1445810820802748,-0.12107053578319703,-0.04251584964828509,-0.17885892158773023,0.027209641204539555,0.10815860007519598,0.09031112910125011,0.06725794492654012,-5.53378934916114e-05,0.009920476259487568,0.05878081066602873,0.03812670708103081,-0.03415339598788521,0.04921821179215373,0.04027176678086937,-0.012778865624517606,0.06117495289379898,-0.01783794047060658,0.08134860621564846,-0.046213332874613766,-0.12109105158484208,0.05549277944964745,-0.08775657985116005,-0.02381138590399348,-0.11995235909767722,-0.06825332122541058,0.08623909007794531,-0.03508583481215154,-0.02734394029927241,0.09163391245567559,-0.009234062516179723,-0.09701595525015971,0.10587842306775769,0.2001275606049891,0.017476520525047633,0.03121397022355398,0.07221351207366,0.1022518826955907,0.00996493502065841,-0.020807432856029418,-0.021153674074630053,0.037147587467253454,0.07966594236364599,0.06678581848436065,0.13704339687480058,0.05612998607564921,-0.08226384344147225,-0.03930498351252562,-0.16020434772822933,-0.02461942417734045,-0.00791380375395414,0.08695437035256294,-0.02924121140212123,-0.06539219408063238,0.12449984853477648,0.07279074845371009,0.2118623760895222,0.07141886317588937,-0.09021615889224179,0.03978258479833296,0.04569691210267961,0.005550733148026878,0.03656568707934542,-0.10978854733386606,-0.01723639863052555,-0.03918665486200466,0.008449922642082296,0.029668416991405943,0.04355288828703782,-0.020176736877115894,0.03323354867601006,0.08272614217373082,0.09278835823275411,0.21533257321026292,0.0846883644088884,-0.24966691708885744,0.05512722323301015,0.0780153522109322,-0.12521331145793688,-0.017249350840334486,-0.030164766109337965,-0.0054771482536554875,-0.017839630922399725,0.05151943848798578,0.030810367860556912,-0.15763606512852596,-0.07903611625774729,-0.06074841773576149,0.030556278250455957,-0.04813163454835908,-0.060702385685011004,0.07454073251489803,-0.09457924760841593,-0.006180333163055533,0.06742738249750142,-0.07056893759430012,0.00655244304419999,0.07731283967553203,0.05379520573117974,0.21070028320982906,0.2545344016070089,0.3120782106040308,0.18300971261029927,0.013200662580673268,-0.10147806616380775,-0.013729186628833798,0.02591011443656711,0.05719693041272214,0.042552642429423096,-0.007353850026462795,-0.024872706976906613,0.08419693335502079,-0.09336498977474843,0.07496031522593924,0.04953978666076321,0.03603057078122944,0.09578936811266714,-0.021878686453285397,-0.015077626949617543,0.04961256731642196,0.02887289051763608,-0.11051537540982241,0.003103216131202669,0.06612124005125465,-0.018419632406396543,-0.0685905334027559,0.03155444075152522,0.06732465506309115,0.09975548068247428,0.17579070270614014,0.2452919653782769,0.20605692519767374,0.007348142322662462,0.034453336486142475,0.1579039101274985,0.04779888229992403,0.028558301271392552,0.09915746281316372,-0.16555913014711188,0.13026441076671155,0.0010929307110429916,4.858543286559629e-05,0.26757323987194725,0.14704109437541504,0.0135816231962464,-0.010016244221982022,-0.15874361817164925,0.03303099654714337,-0.03544800324785597,0.04369709956439632,0.027869644848257377,-0.02010200268911294,0.07957515410196286,-0.03389621307521636,0.037294926874593515,0.2443207702478396,0.17888875148300085,-0.11750985116603843,0.10557856647425777,0.28442056405265054,0.14780849321361872,0.02329275716483442,-0.03352490104967665,-0.020278937996838928,0.06620320538637514,0.06572832740359566,0.039085882393280355,0.17739803480073668,0.09278578335022997,0.03448799911396426,0.2118931763789488,0.15719411448637202,-0.08015933396132009,-0.10124559589322067,-0.05400078393049829,0.029075718722497867,-0.006161772362348643,0.011694714817636433,-0.06177724314928918,0.019748510018333994,0.03537834307439995,0.0038968543356656805,0.006489102045977528,0.12720965129112635,0.02714685352600951,0.073477919811616,0.11415837214523052,0.07161411468138817,-0.06567003768881684,0.005211088863267742,0.1062730170253476,0.07241168835318201,0.25843852477485507,0.13837656480263374,0.12682563014792655,0.24097368787320347,-0.05469527027094981,0.03425351704953475,0.11151645082044208,0.1301470982741259,-0.03835852912571155,-0.040689352444778,0.02770884394939675,-0.036089129653091495,0.005849215842016216,-0.008339407278755637,-0.062018022287310584,0.040212860414301166,-0.039257814594227655,-0.03128820047440856,0.004321456043383745,-0.09329409750382923,-0.015442636761021958,-0.019547739614885363,0.10521761713548654,0.060356833627510785,-0.017701015883981423,-0.047109143149290655,0.08691991097574092,0.09853947841266252,-0.04849010318993678,0.11345892260739053,0.185096857450009,0.025291683702116523,0.06719377473407301,0.10873386357408571,0.10125952209140547,0.19853202914265508,0.004110551781376341,-0.005520757430745853,-0.0670664229213542,0.020975788240500365,-0.012323361960655088,0.03626148516525406,-0.06892359746208904,0.08359442528178779,0.05531082325054166,0.004334743282058561,0.16547683655703216,0.07912688726330065,0.04071072792028115,-0.0856288399208177,-0.14845804860597092,-0.17278433808429322,0.06477276295352927,0.029772045922875422,-0.11590982654565427,-0.0825125069957438,-0.03653778689212528,0.031499418043559935,-0.007343191282287134,0.17540039020588497,0.0561383183587832,0.006935988246735611,0.03175283244995739,0.22061885809052603,0.1131179868657653,-0.05637096704151844,0.04175365015393521,0.022137885603863126,0.09303599433400751,-0.03486955708401563,-0.03318152422718569,0.015802938044774395,-0.07975188380304393,0.1058303670024795,0.08074570477463143,0.08563617583588579,-0.01860082414095537,0.06419325117675187,-0.05204067576842271,0.04525367187856482,-0.12644812970595332,-0.09254401543586722,-0.055856044561986624,-0.018493454234007892,0.02335246313750516,-0.026713470987525013,-0.021072578244398746,0.17343026962577873,0.03513228327898794,0.04611890842585556,-0.03227000926248736,0.10854269861022725,0.09636799143690356,-0.05030308998444944,0.05217045438869751,0.049145094626110004,-0.024777945401244138,-0.04307101829614568,0.01784389350325308,-0.04738771363624392,-0.06413192010299931,0.031443724005591395,0.030714777461330375,0.13656720987627524,-0.02452879488808969,-0.12150740095809746,-0.09636187094195234,-0.0867083227457862,-0.009322465636235218,0.023168722962013784,0.09921921401652187,0.03599589953137726,-0.080517369874442,-0.025299416559579554,-0.0798006004827383,0.07747448126677753,0.004283594047477476,-0.02247488341246761,0.01346551046959332,-0.029500522380162375,0.05919732446758288,0.05479287005028888,-0.012881046684688391,-0.04132179845894388,0.012508054805822526,-0.07588317868748243,0.024747194758575345,-0.004656631309796678,-0.038421832643657915,-0.07315828635806655,0.026169768101919903,0.029042349914413543,0.1329745242886924,4.871418707507312e-05,-0.007790538376929192,-0.030961809339496053,-0.06959381502882883,0.09617525177536976,0.027621582151225163,-0.09612177966568639,-0.0062344960536705706,0.03381748216280182,0.04423492663435183,-0.1177468648085506,-0.022591688125306198,-0.005678568975426634,-0.03375704013609796,0.056169137628406196,-0.05750227713507488,-0.09216619287007302,0.016670857643175014,-0.029689625700155445,0.025071172506875843,0.02914638644187476,0.0551555996204813,-0.021087529420672702,-0.07453196812452141,0.00021253689159079928,0.05155368641785614,-0.027386949029772352,-0.04474198131718646,0.018008419691315256,-0.049128457780979344,-0.07320165898667937,-0.048030488630286,-0.06408986950843074,-0.15722781189636442,-0.13193643498918156,-0.12382338310552383,-0.07727619726892063,0.08323567884241274,0.00830076715010515,-0.06976287005792366,-0.02211078755140241,-0.02994267725426168,-0.04172494590729961,-0.04137331105716661,-0.015192477063445538,0.006278404225755711,0.03463829994456779,-0.024774834468812984,0.010967128770887187,-0.01728775682846349,0.016353993943979,-0.03842933357849029,-0.06073137585282564,0.049305711306291945,-0.044458381713989505,0.01761503311333301,-0.003592879947579834,0.10256446685898583,0.12735362562676808,0.05886063460897807,0.008193379996918737,0.15370286419771556,0.08068891623889372,0.08285238966714788,-0.06864558268932903,-0.014569435570375445,-0.024143103867132535,-0.073059141224459,0.018346059053465587,0.12220333221187399,-0.015998652281583123,0.029648652407991062,-0.029016978635809876,0.019660914181494224,0.01339037496460127,0.05257941677106804
0.04622075268330652,-0.03098599767807196,-0.11040301818767523,-0.021376023531448088,-0.03777698569355935,0.009775158221489779,-0.04394635112715743,0.04425807670651611,-0.015203466013284688,0.03859197043711945,0.08079420543456005,-0.021518331386668636,0.045807834759319314,0.04632171182973393,-0.06232972989007855,-0.03137307762882152,-0.031074738957772522,-0.08281374218038488,0.02284391166954518,-0.012954771991213325,0.0034895727236519776,0.01278375460064293,0.07628225391562218,-0.021953251984923695,0.06231151962001307,0.02978113214916834,-0.07721671099215227,-0.017949975131825648,0.043581617129846484,-0.07112796220357757,-0.03275358326336573,0.02745911744574362,-0.1200490255707796,0.039421987513816384,0.008936302786134682,0.035623649879550634,0.021877881053736312,0.04350266721853615,-0.02551751767711034,0.09327022474044569,0.0935830380029015,-0.01329963830037381,0.06275874827398284,0.02650451289968234,0.058225606621984206,0.04216314231238258,0.049251611244099464,0.004383756987728248,0.021956353659821997,0.06704114044521203,0.009255335163675372,0.016292272455641653,0.05229965400138881,0.02335486653802597,-0.03782633677693815,0.07965014326243866,0.03136122858493682,0.028756886513170803,-0.047873423647203345,0.0394198482928735,0.09602012125633515,-0.025775413250118045,0.06741690803286744,0.04673421666903516,-0.07368731689981611,0.012976048947996496,-0.08762780430650917,0.015890322000416478,-0.08417166191531425,0.022137266065799133,-0.06734711308109627,0.12093452208964774,-0.05482749078061135,-0.008202303049594312,0.022520197580805968,-0.006531609234013084,0.020818177205084044,-0.06670074883052891,-0.028779262053326416,0.019240668479513022,0.02564061417892678,-0.038737940615559845,-0.07343051814978585,0.042102408071064946,-0.004879038609069706,-0.01499972785567261,-0.04448292881048684,-0.12845335492920498,0.0597997267080771,-0.0066683604503823,0.021048779930432783,0.10311690474251502,-0.05604299935210422,-0.029058237699551837,0.07676404656307328,-0.0562890248626291,0.06752618262347562,0.012146242935643628,-0.013558493151723845,0.04400274729395913,0.053899179893298135,0.0917155873437386,0.03701577672278529,-0.020231225568455757,0.013981500717802945,-0.1105364149363887,0.0290350486237643,-0.04059722712855661,-0.009049227575441106,-0.030377331822288856,-0.0018776315436216196,-0.05226594825853683,0.07997328137493741,-0.02344982463953638,-0.0348761594522971,-0.016544696404920643,-0.0716749463778958,0.052139977427343824,0.03368646380949864,-0.07975448354348898,0.1502008660232834,0.0957752374561871,0.08441726152547127,0.03922870199176968,0.09426240136877166,0.05815559723043234,0.18493014431637725,0.16337748926027865,0.11307997756528712,0.12502007762755998,0.01424611604416135,0.05572341965208189,0.015926212744697254,0.03842288622497342,0.08947860504257607,0.12690649295756098,0.008715021724543814,0.01377795322140884,0.023181541726916884,0.014353974699773429,0.02179794798462055,0.01892195245821233,0.06064426664461365,-0.06512056831693021,-0.016492934386974967,-0.0716462364867472,-0.007986818602010611,-0.15484533057406788,0.013679181287310571,0.16884092100562725,0.26305873849791417,0.19778479403551716,0.32382550543457345,0.3329946137458252,0.1219603210227983,0.235216688459627,0.4218874589601547,0.4041136572560664,0.43717949150527097,0.3394854824816049,0.18115817058485364,0.1842989985855,0.022301614591167584,0.19863031786537866,0.09067743514528476,0.04953962066009662,0.010723598855379287,-0.006614145647390783,0.10247192831999201,-0.013148280490619061,-0.0017039649129159395,0.005892660713783702,-0.02569211670455565,0.24340223854561188,0.25487240129148514,-0.10173418094594516,-0.07991872299272611,0.40441100224439674,0.3818376540689023,0.02636925958085881,-0.015387708506161002,0.23751063370500755,-0.041459665750549185,0.40180756323814953,0.1995349492048004,0.02708658125766066,0.27663922288404014,0.019101184804779486,-0.0015760234655646395,-0.30216483790562626,-0.017803087668994987,0.1855538680313579,0.2305541522761305,0.050096933074249006,0.07730992066686354,0.014143252538432073,0.03284944184560581,-0.08830284559134366,-0.03464723814762101,-0.08897468516359212,-0.06072640413832686,0.32156733197063525,0.41942761746542145,-0.043021180604636784,0.03778328404117063,-0.04844660882604871,-0.07876487236006162,-0.28369277491104333,0.2098075281520965,-0.2798067004906508,-0.03680640293311766,0.4262420008857271,0.45564957827239244,0.02786689316194187,0.016352167584434144,-0.3021018377520954,0.2262247492978063,0.36010890901017384,0.39112415065179673,0.22771007878594474,0.24384163003980408,0.05033105304075684,0.023975704226471873,-0.003240141211044269,-0.012113961864579482,-0.031107671612681798,-0.05400465350123692,-0.11681383666454676,0.024734180412459426,0.1417741110890459,-0.11309635327584677,-0.19597368952996896,-0.26126929381346103,0.1375015659256372,0.12156197494870005,0.3370607338223176,-0.001833207308872974,0.05888223090535328,0.005530579944543477,-0.09947463729179687,0.3121542930955691,-0.45187570836553265,0.1364596933406711,0.14423261132363627,-0.16355447318383612,0.402982570536324,0.24968376930544045,0.10363225842708451,0.1097209858520234,0.20126363491948882,0.05996468933343272,-0.03284365034531021,-0.04160632119259833,-0.09746018040747256,-0.1104863732365424,-0.026371466743502853,-0.11321908135607256,0.13377188115151828,-0.18659936396205257,-0.01582079011839094,-0.31674482601901655,-0.28742176387180196,0.08357178475932261,-0.1420761638205839,0.09421322652633561,0.34227951449105903,-0.1314004172991914,-0.027275087301184532,-0.12185145019139587,-0.29044344922116117,-0.2743452979659161,0.06491331664565488,-0.01194079129710678,-0.0015751695713964015,0.05434910643344954,0.11491305867065818,0.031798251251356026,0.09488281946699685,-0.06391838867738443,-0.018097338600975607,0.03893223369072443,0.018499475213751122,0.026939600421998174,-0.15483494528693892,-0.1701610191314139,-0.1499148545391147,-0.3285911328114365,-0.06947620075752013,-0.3290722915082091,-0.23776618072633135,-0.3262001667387416,-0.30912178149015623,-0.03923178118230347,-0.6579184328041651,-0.10714940789226388,-0.02638773453022619,-0.17832290129909686,-0.19226250953522792,0.15567569125688688,-0.042762692049791655,-0.5609416928861526,-0.3309800997578973,-0.2119266862638728,-0.16877928450240695,0.00536361951050811,0.11393844357358439,0.02247996510081587,0.03233086964842567,-0.002199880116540339,-0.037373012581107486,0.1265888321788642,-0.22447352527303538,-0.6852702730496802,-0.5364428047836791,0.054602920016443485,0.020128597661758698,-0.277920587278613,-0.06633989894228602,-0.43698179019967487,-0.44517723583982743,-0.25672580038754067,0.10216892730040363,0.5826937719881448,0.08902280414222255,-0.06179686801678734,-0.23149268709362508,-0.4244834475515059,-0.25744300255822844,-0.21103391012090883,-0.2894703955996247,-0.17146475687544618,0.2083725919088044,0.24316115773321262,-0.024911577193665237,-0.09334139965763892,0.04519921371917386,-0.009240173577492888,0.010149140769750766,-0.1472251596415819,-0.4704286003409477,-0.11450743848020617,0.17460503687818457,0.33044441398828683,-0.012894618886104058,-0.15394052916474524,-0.2382313313205863,0.11835746439771637,-0.162847901202548,0.16292985882776304,0.7845040403546977,0.4648215442219625,0.27201879160757,-0.07125384825836013,-0.2931769663012263,0.0018729282837077934,-0.2849984859100777,-0.044714469125270606,-0.08226361592112182,-0.34186828941123926,0.25887960388187914,0.1782555338798634,0.06457467712128358,0.12028081109813259,0.014546203185093,0.02071812853420444,-0.05286119221331004,-0.2924602700102519,-0.0728135881643928,-0.1262012534548877,-0.12773111568023446,-0.1966603974769724,0.2171857096608344,0.19541231887097027,0.163116305740057,0.1635764886993055,-0.004126015099912191,0.5830363605313139,1.0094200837746037,0.49744342505095923,0.06859725176130173,0.22628252279265995,-0.0517396733854457,0.07483444634766662,0.3021456450735159,0.17992454614773062,0.1669851906720634,-0.1806411626191186,0.29157646544096,0.18459522747511395,0.038165885158214646,-0.004216820016868296,-0.07284325124360688,-0.024546758422001984,0.011898172395243314,-0.060902410636716656,0.0685882147746871,-0.15537189332183893,0.026413770620696855,-0.11175469986707215,0.015280495794844362,-0.012055933580096979,0.1851899460426401,-0.21488310500366198,-0.19360951855763958,0.8769870920909256,1.0114935033789596,0.49974638849356845,0.09507860651920254,0.001120886840662362,-0.1508033679062383,-0.13554047340160189,-0.10624739112586475,0.01632182619785553,0.33995026648849674,-0.19403034245470402,0.11284755893386353,0.09013403425265845,0.005763537603892677,-0.045939584209992945,-0.020253267780829934,-0.015697197837317167,-0.0010890828982806728,0.009830743990912685,0.015379850119607874,-0.06418526954951566,0.1530320706903455,0.09933990779973702,-0.28741600847384313,-0.027152789752539284,0.1389072340768947,-0.3161218029308083,0.5232636699836548,1.1279990401929763,0.8349509941069945,0.03694616700061244,-0.004387038993395141,0.25458218382793457,-0.38119394493768993,0.023952819112981596,-0.1907642839157316,0.09435897365095444,0.008554072555932596,-0.01721137600874314,0.1679790940105789,0.11713137074846809,-0.09617003789401364,-0.02828094707129805,-0.08095012213815858,0.05131537184524774,-0.05059943302855294,-0.0015458931652056018,-0.026805652716017,-0.2275350742783657,0.059424115581921275,0.15378542572497214,-0.17634594671382886,0.009902721204071019,0.04840603267123022,0.053807797274384846,0.9444923653096473,0.7299790788168484,0.346892603181459,0.05531166571887869,-0.1832750979786149,0.4002409278896044,-0.2252671399014622,-0.08638398862684918,-0.2679037536764025,-0.22001154577921514,-0.1534937243936172,0.2021524881810687,0.1765022812391715,0.2775600496828802,0.03339293634685295,0.028880615502567594,-0.0425207894230623,0.07507164097918953,0.03132911017265249,0.05709495608695986,-0.0750345890449392,-0.14955575706425703,-0.07238449317143245,0.3004787203653521,-0.007221044560055805,0.5145625131634258,0.48727274411366556,0.27839570254263124,1.1570607552626642,0.6168929390329047,-0.025833529692120133,-0.3320280326298993,-0.17840185618970414,0.2709309172867694,0.011760481434051652,-0.31370691132794887,0.4294388100602107,-0.16667216995599377,0.04651483117977952,0.21502097764119416,-0.03450528597109645,0.024398738460043198,-0.05716993906291628,-0.004380154851071859,0.06709308885611195,0.05171857655425303,-0.043388111614453384,0.06266049995508718,0.06913383659494896,0.07258357225303692,0.1495004524683797,0.29547985112361924,-0.14932256445398703,0.1339790581139355,0.3374298117611667,0.15565541613686631,0.36105630743448586,-0.03931039711267365,0.048618676119039674,-0.1905147779972602,0.15910768034251171,0.19545347336724486,-0.05146215978904736,-0.018776300375810715,0.16338354628186508,0.3291283159911031,0.2574556796775576,0.2154401018062682,0.05654356386859793,0.036287525610996296,-0.007875971746057364,0.04417876537150949,-0.017560373956519385,-0.0010721871663448034,-0.01939339763299267,0.04577648243376239,-0.016955809792485187,0.12069293047643158,0.3255792699640873,0.4264729881841343,0.4180256987684605,0.2868396509025582,0.3287907502253043,0.06755365040208933,0.12271110714316141,0.07058828426281306,0.08226304361553709,0.04732255988819446,-0.05567081200787186,0.14579061234570528,0.010184768241500986,0.061695110280043076,0.03693269304952843,0.07911477470168034,0.09306227241693839,0.18377645657321756,0.053940462960808934,0.08615143850149647,-0.005730379378989637,-0.054346281984813664,-0.036295290548140215,-0.09475403783362767,0.0681340084894325,-0.031539516223847354,0.13640017882768174,0.07418368971094529,0.18017419883515176,0.2855525733675956,0.5299996389417608,0.4560796218305748,0.4046724215159394,-0.08315840317202719,0.08172827610961948,0.04989571113773889,0.26095439979072876,0.25297417561815405,-0.29398915702535144,0.48933416807937474,0.2848161285725545,-0.06507849747708519,0.5211372339466219,0.10682183262560968,-0.047552827137109704,0.23023002365978132,0.02937342054778889,0.06352647636375545,-0.018744722301462215,-0.1331231494821993,0.05727318226994838,0.02125271402198278,0.040903991647625135,-0.02301918404528423,0.06031457365123494,0.06080427784839201,0.08616536567828333,0.40877052766794136,0.5035977750882774,0.5743470121662154,-0.04892830140777598,-0.06611631487010332,0.02443428922664733,0.19535522659138227,-0.17623460102695854,0.07494827730300066,0.04291986700671353,0.3776425712646717,-0.06061579389469524,-0.05107599469277055,0.42613654090232495,0.1971471986346261,0.0026170275215395716,0.24360796067119528,0.029906348628782626,-0.05734626927845965,0.0008401320415774262,0.010507694501264823,0.05944468839434834,-0.030967470832239895,0.03130587041137365,0.044354374122201244,0.14223203318856753,0.15052385696022352,0.08467438119533029,0.22335201622024503,0.2501309803221429,-0.07019343223909676,-0.12925468576318858,-0.055524386705862176,0.3582477152270526,-0.011950434258255737,-0.07867723425782193,0.3040601304805001,-0.17125760172885,-0.12771677877261323,0.15736086556478415,0.14208606818103292,0.19049205966029173,0.21573889647547234,-0.1050587813717776,0.24702738560311113,0.1144425961327446,-0.008920576833775966,-0.03641768569448165,-0.021889096202910994,0.01682721581114601,0.0062926542271522865,0.0420073675367435,-0.05812414774849376,0.02820287562853793,0.06763303237310755,0.1330838376347005,0.12868424267254527,-0.11394777762680058,-0.15592787397154703,-0.038458211269547724,0.01724435482905841,0.1724204317812138,-0.11458727298030998,-0.181519616809433,0.12829570246382635,-0.28767269428991926,0.18536910964427847,0.3357493534142246,0.03366931453939673,0.23214917941415042,0.16534788823179505,0.15984970208138505,0.28113204228536676,0.21190890962777764,0.0270774908972503,0.06530691323019502,-0.023559118230170054,-0.08635453060687139,0.018957287011074284,0.05088645081092135,0.06781395748737834,0.08496449948246804,0.2206449100789042,0.045542793291875584,0.024177173668578585,-0.11706726991420537,-0.07245699544330389,-0.15345888496252952,0.17770023655003547,-0.020677373227980692,0.008287715161854952,0.10553231013323097,-0.292868507865605,-0.11036095066989807,0.2765532363765991,-0.1388216375778345,-0.05774052529406554,0.16798914042852575,0.2737409288590037,0.08416482251652703,0.1718547239763553,0.08841808529334645,0.0454930198876124,-0.021799158082854563,0.014820654573505539,-0.0889548970751637,-0.014361404991233695,-0.1457066581804972,0.03634919065217117,-0.034001069894931214,-0.027401539940954164,-0.07369683056060221,-0.12014962561467542,-0.02518290528776836,-0.021035238125822395,-0.3765884791187453,-0.20664536114681353,-0.3525243463972914,0.11561377311914621,-0.029003142692306097,-0.2837789586013695,-0.13015728385367797,-0.1298631251309627,-0.08314861491888158,-0.05855959715171143,-0.14718752211192593,0.043698605541188304,0.08089835828887879,0.006521817785623043,-0.04174652133963441,-0.046881130580347284,-0.00722937397368652,-0.06674918238069684,0.07465847811016048,-0.04172701211327216,0.009796255905181961,0.051036018456586806,0.044105004690726674,0.04325638352547899,0.05446259214412655,-0.0695744859925122,0.01971608070121629,-0.07704087571997299,-0.20793801444911145,-0.26518267628885295,-0.16741851626929832,-0.01826611734905794,0.3195856435541061,-0.14256661600547382,-0.06693506255088781,-0.14995716511755117,0.00025146137088596313,-0.30682574563421544,-0.3664879819566104,0.25300922091981215,0.009686698889799068,-0.10290004453975798,0.04828620215494579,0.02670934859504705,0.0038810671610643214,-0.03761528985013258,-0.001372832609295222,0.02632905714531051,-0.009205546073192121,-0.0013589368174040698,0.027045633963320576,-0.030354314426712017,-0.12309992451508446,-0.01831597672605673,0.06862807988772301,-0.051707820819146766,-0.10191830621344314,-0.0018487376123512429,0.013221244163193945,0.10682653929447691,0.1221038539327044,-0.023569498688336615,0.08043255233732262,-0.23877651224588867,-0.12703759490631028,-0.041187315232623437,-0.11449888152865201,-0.11088776745078589,-0.1419717555470636,-0.03276815787743384,-0.07792540673479213,-0.017256823462356415,0.0680663275551811,0.0207408739807739,-0.022666227757747705
0.08146969566238685,-0.05694287031987647,-0.02237701794075843,0.004280974490859571,0.06415132425847073,-0.10808058553042578,0.09242481433242518,0.03801550595644277,-0.020098737979512078,-0.05359929200030427,0.030569847146513562,0.04579618633991578,0.022028851195309545,-0.015614613139647135,-0.04599156903938178,-0.03802343489809349,-0.01566754543526672,-0.004674208227435597,-0.025852292795777557,0.021176871642559863,0.04527576743992714,0.07556766773904641,0.026251740891422626,0.08697519426732608,0.018104119678321224,0.006869235679115767,0.036736814655966114,-0.005736832573568828,-0.07120944848026711,-0.01449027877829582,0.09447280990404947,-0.07205990544920782,-0.016769026612604612,-0.01311605833841428,-0.060621192442916305,0.01056281255974261,0.026588415890541738,0.06840735844767486,0.033282832278303004,0.11552446914201797,0.0755337987298312,-0.0024880459925508253,-0.05704508183202012,0.018171485808558617,0.04527522821517044,-0.008682353513584554,0.02478023145259655,0.045687068940069145,0.12040506806721281,0.016804986425834955,0.0018967892463843642,-0.0516417288393542,-0.023647677189988458,-0.0077482033504969235,0.0059568831211732065,8.6763166381085e-05,-0.01759103824363321,-0.012641114978310518,-0.008869970782066722,0.05304567862148971,0.07846772224933932,0.09461344130081718,0.033241952812095604,0.02718445391877857,-0.026478175052164998,0.004646665667335967,0.0392028919063089,-0.08635850385787691,0.005465361253728818,-0.01688203216178443,0.029583580293704916,0.0246883521225158,-0.0565773101914494,0.06729229985541726,0.006419444174643277,0.10037272906624428,0.018597171736941,0.09788440453199063,-0.022966061559980048,-0.04739217232627822,0.03978966591569127,0.06039836672749211,-0.07647727264405502,-0.02215251589704733,-0.04271452470897227,-0.030874518950851693,-0.05803404259549853,-0.011769312355999411,0.010021011391612766,0.05806228940009468,-0.006349031800925106,0.030456781308844584,-0.017001811422618297,-0.012083776548905844,-0.0046021951160247435,0.014474530668924056,-0.02542746373828272,0.002410126793524055,0.10906128976232968,-0.0203863039280412,0.03882682902516668,0.07647445587004331,-0.023252382951133417,0.0431737572166191,0.03796852994146158,-0.07564154379960304,-0.018563232808019286,0.0335527541598958,-0.041790628750192176,0.033565970347221176,-0.0023656874588565244,-0.049455531794827964,-0.01808120973580685,-0.07900229431961601,-0.050812831895772285,-0.014272595068487434,0.024283036905157082,0.023988430528926578,-0.0132576690630096,-0.060644630971678,0.04658718685442892,-0.03596663564048424,-0.05881614784888423,-0.016114062417832996,0.06748876470166726,-0.05828890036498076,-0.02540624299840946,-0.0052845410685550265,-0.038184886567796034,0.028272829712229507,0.044004026925424766,0.024092284945783936,-0.044766431574545316,-0.0028586251805568243,0.0285637025407279,-0.03607866747374401,0.029071805472723544,0.01151851115824535,0.04750701752352524,-0.07636998643361237,0.00701454690456473,-0.03787049118922283,-0.026375121608447297,-0.007081318903256705,0.05362397090598799,-0.0446944950252226,0.04983738298757291,0.05021606594819913,0.008316450164564648,-0.01279871940247316,-0.07345895254399552,-0.015708137226493293,0.05393043140404249,-0.09530168324532252,0.02535140656595581,0.0005819256752274669,-0.011066997789372908,-0.04969810207924265,-0.0009278879384076045,0.000843086713152545,-0.018889642432305793,0.046141521701806305,-0.051104571307342556,0.09444857408645844,0.011923436959030245,0.025404206554885487,-0.01967329915359594,0.0010671262078498901,0.002617817728456193,-0.02066392434305324,-0.06011195138595042,-0.05664000414473235,-0.09250719063843083,0.05418463292463232,0.10920775883315861,0.02318967884841288,-0.08841114376768576,0.008535719100280226,0.06508993516804727,-0.10202046362099675,0.040346592861115096,-0.014905800242510363,0.01669877627232119,0.010058068698634673,0.020234838943934824,-0.01448994379803064,-0.015849719841640512,0.062463695288277755,-0.017010985800305876,0.0062872315218281865,-0.004344142924168646,-0.1178634246854999,0.052392395084928885,-0.024492966386046946,0.026072108901714585,0.0075935209956311134,0.015725502680027703,-0.04094572608482335,0.0681270835517859,0.018187857509920358,-0.027698205702172463,-0.09173517808370174,0.005090701898291851,-0.01516577495068318,0.015199649043874578,0.021441557462757426,-0.03475251178119658,0.026669377345727947,-0.010688134440184514,-0.010603108751918621,-0.026197688202652752,-0.04758579113311275,0.03525649434463023,-0.015847431953225424,-0.019301160380161796,-0.0011622452675386116,0.0317061060038835,-0.007340388598703333,0.012190950894559982,0.0008182860960981459,-0.057281535167857354,-0.03035106945487972,-0.006739506394374339,0.02923383135247412,-0.024014067402663354,0.07525852150959238,-0.0761634861731449,0.053898623758990946,0.0683972782672606,-0.030640721923276052,-0.003335178977572649,0.014290571276192765,0.10596993214295371,-0.03551318090451152,0.02653660509866405,0.04903023546186658,0.006204487620482321,0.021606832060242553,-0.00976071863688415,0.06614228143391909,0.010129769918194234,0.00641584826699857,-0.07613640658631345,0.026037821256410756,-0.026297568630236263,0.044560991808719565,-0.0323559030741149,0.049924213819124715,-0.04201998153931163,-0.14662316212013587,-0.0506261956482459,0.031151348325353847,0.008693350365470465,0.05600804356452359,-0.07652330612821986,-0.009526744669355764,0.03333844013099925,0.000988097248022274,-0.011561834349846412,0.0235324756703674,-0.037717354077637454,0.04679866675314074,0.02165152517006785,-0.029631976771966776,0.053523931393373365,-0.03586293119824585,-0.0570953708035113,0.002100937970211324,-0.011650322264041944,0.04362416154425847,0.015724244051716487,0.0075920256209281835,-0.0027045717795924655,-0.033042974901963895,-0.06984962816701887,-0.003287392383252583,0.049029101381604344,-0.01573239681880021,-0.008686551640212198,-0.09440807081171224,0.009031246809876292,0.031957596200194345,-0.029302621649995836,0.039238804960881446,-0.016504519828652243,0.061706904747670765,-0.04377844248742314,-0.0264204405735223,-0.01937167277781969,-0.007141517375266954,-0.014274415815473042,-0.03371828044820977,-0.002524218681547451,0.01224673675087801,-0.0029155688435011542,0.008114586532021443,-0.01891214083713338,-0.020468868741811395,-0.04016821351637973,-0.0318390247717929,-0.054511229386647625,0.05114653341388149,0.04310047598402028,0.032613279849512546,-0.015903758720652993,-0.07274405440637383,-0.021274737336563654,0.04808636487612209,-0.03876122420110414,-0.010245163029915048,0.014620523908987871,-0.006947354312828708,-0.10740953098851896,-0.012476469323967277,-0.008110342235350813,-0.025988265373579355,-0.05267444317910652,-0.009487283742995603,0.05166033743258749,0.060220702618493153,0.026999466915076344,-0.022543974925379816,0.054603100948734294,-0.06688503327654094,0.024094325856302067,0.006213582026779019,-0.03645736186567753,-0.05624943693446431,0.08535278243624422,-0.02700497847455738,0.04692950981622674,-0.05584189408061883,-0.050945896696841714,0.07875583020135711,-0.03032064307343682,0.007201661094715464,0.05936928570206376,0.02870558551569901,-0.032507101311933045,-0.0071892603811275066,-0.04672135691530789,-0.10133228968934202,0.04850352433090362,0.00925867422458149,-0.0348483442287631,-0.05071510092021919,0.01387380180736243,-0.03166646003827344,0.0007144812881678718,-0.00901387736378025,-0.08499405036308347,0.024704730835601423,0.007615184230646585,0.07445401929642385,0.028581642711884254,-0.011587408272864003,-0.024191409800738202,-0.02736147563809618,-0.057491558292129895,0.038570233468299034,-0.023056707030194204,-0.023626078048336774,0.06484993337786249,-0.04189486533301568,0.0886960382411618,-0.015964817019542422,-0.05877295865014545,0.0767746749107876,0.047298938053162494,0.0695165545701232,-0.034313724552787375,-0.015474968254291253,0.0441558428618127,-0.06190358169797405,-0.0169199384157755,0.024313826434877624,0.021040771446110274,-0.0030848044917393637,0.04126310963394718,0.031591145824466635,0.0072969835485337566,-0.03727856277475244,-0.034056487368813594,0.01949152724930016,-0.0046249162726926555,0.009392823635157628,0.0458141246119171,0.03433145085935196,0.021775974943009983,-0.0015322166847493272,-0.034549340847872916,-0.0651664961745577,0.0006435213507701557,0.019808505504630522,0.056673441628068935,-0.01677790786656998,0.09276936151610675,-0.03930885840960508,-0.03594942778257287,-0.018770274910117124,0.0543143613655506,0.05864869926196994,-0.016648801270601803,-0.02102475223572357,0.03501875560510702,0.06411003235475604,-0.05101972029841177,-0.08145760537896493,-0.042049639358283694,0.06641294031514287,-0.00705281573780829,0.01939935275094053,0.03866303493699572,-0.03850747056705898,-0.05828013592250895,0.01957159086995326,-0.041590567403481805,-0.09160770840830472,-0.07025596669227223,0.01652858524156173,-0.02085435375635037,-0.05579724608416893,0.04129276814324748,-0.12981186091980818,-0.03960988605173625,-0.008157065403661222,-0.06427707481223165,0.02863897834852115,0.024913336423417184,-0.1509715344870849,0.10188417322202648,0.02580477730392928,-0.09245898865729343,0.07925068921481128,-0.06367753860780387,0.08291780808532441,0.050230680252423526,-0.010977902443896426,0.014716000267313309,0.0030178938629792183,0.09126780523497936,-0.001299205390213991,0.023689046093997298,0.05097766001275881,0.04607754861282938,0.047116164445973274,-0.022737437941057845,-0.02220035586061484,0.008050946464466965,0.03557664371536405,-0.09074453147087456,0.06290494671992261,0.003394141129561823,-0.04660524157766329,0.04663882382750696,-0.005381179118809287,0.034176287165412295,0.005448711341638692,-0.003395568704440798,-0.023318310021403575,0.032647126362581366,0.0037297714812876124,0.028914697375306456,-0.06612189185728229,-0.03472149040984136,0.0053595699795779,-0.034271457845041126,-0.05553471431994605,0.04336525459768781,0.04354133907998595,0.03217791932791487,0.022208228461166327,-0.07181744151040709,0.026599270419033958,-0.021211125767044436,-0.011736759770421303,-0.02171260157627223,0.01680350691515538,0.036098280861896634,0.05938646211030113,0.03708484783027636,-0.02413488575824089,0.04629751043465672,0.022131721745963135,-0.11488159872051273,-0.01602081504223399,0.034305919897605945,-0.01402069488618103,-0.017842542254355966,-0.018972058648546144,-0.0318325798165882,0.03754186616478846,-0.005192950080462567,0.02633041588498318,0.06092193718918322,0.01311770460019253,0.014037056736041718,0.0008822366508172295,-0.013518354392819874,-0.00683188060026306,-0.08316973158103194,0.12781726230945542,0.028419360881697737,0.015036889138977346,-0.04005015525300393,-0.043694501322131644,0.0709893966256839,-0.021501689536593614,0.007359406625486291,-0.0718904388821823,-0.007893912106074576,0.04986196765526448,0.009918125352595739,-0.0004488584150685784,-0.01874464205403021,0.0752535492698687,-0.017722769068152133,-0.024630507613563845,0.03095993482122483,-0.04810101851651089,0.09475755352821084,-0.03581528837076261,0.02686612404577738,-0.033541093196727455,-0.013525015884097222,0.01946532207388033,0.06092502187630517,-0.013922427727368928,0.03890867908677216,-0.006949977484201142,-0.0421613773314286,0.05441508543621212,0.020288147676835944,0.007670734580095686,-0.0061108171731770735,0.010917609587459236,0.0014476183074678159,-0.027024099421851334,-0.029899381655301906,-0.04582257503960151,0.07622637542943307,-0.030363321194440837,-0.009353041790882729,-0.048628719300098495,0.009988001412508156,0.001655702477684065,0.01823191681740547,0.012168307159991261,-0.011138420041686355,0.02217772187160984,0.0008684725415477507,-0.03818213840198557,-0.022602305995572447,-0.04732600998368301,-0.003140316536310794,-0.02856017394434942,0.12323412773597747,-0.01537392119002444,-0.014546189196644053,0.005367791402182922,0.08993790608566417,-0.0455808175618717,0.03199717189850834,-0.07335173324552256,-0.053591758272781446,0.00801570681762952,0.03877276139988967,-0.0406442343861666,-0.06059948758146759,0.07796309032201605,-0.018212807784948017,0.06759515516316765,-0.05879992050749688,-0.015366982883736032,-0.02366662697622749,-0.014606600762672643,0.000617142310522908,-0.05498205370372741,-0.0048027525734093985,-0.023663583185177944,-0.006769315372429467,-0.023840816912097575,0.049568721709810776,0.0018529356233598776,0.02220479682989957,0.0009536402585639911,-0.03089658421664995,-0.04520148956899754,-0.09606321763203889,0.005547946321484527,0.0389506817439968,-0.0021083420662138335,0.01773715624863387,-0.0042275867916412605,-0.009352970355949904,0.03454624322768677,0.0023942457514031924,-0.014926345728632823,-0.05833548156293018,-0.006743216436463318,-0.013633619160624407,0.043561502009083534,-0.013908131839382108,0.0010329131988583145,-0.018067660997554705,-0.03143927946635687,0.05901828857796728,0.09533138526822967,0.02886038280977417,0.01959885021990098,-0.0098430003653833,-0.035360134540420814,0.0642551653782135,0.07589454121253372,0.03904729031983642,0.05967439643301238,-0.014820124912982133,-0.00402990741858682,0.03549358679877745,0.010101691211195807,-0.009404240480747336,-0.015864446959254527,0.022822602305109196,0.04915957299300226,-0.026002512249133965,-0.019037612443130486,0.01433896431819387,0.010740402534149202,0.08303928175689879,-0.07806972261062307,0.021125743475108514,-0.021604588570699634,0.08538465033327042,0.019808420779857238,0.002256299365939153,-0.04131305976786365,-0.00045209371199556644,-0.025115130774505667,-0.05548284088098845,-0.06048001195777809,0.006345909629813553,-0.03363089100851546,-0.019194521085369697,0.058385958107237526,0.00213366398482005,0.010753745372619427,-0.12179093063579004,0.01576781769953436,0.036897697286593305,0.08764126868530783,-0.03586791556244399,-0.028618632799269055,-0.0001719969782775271,0.009593759191220217,0.01921747136966437,-0.05441024980924272,0.0058165646990594125,0.04552158859258887,-0.03961433243500304,0.026924043878073293,-0.06598994236646287,-0.02153366644078108,-0.03692879458112429,0.024967147899959657,-0.048685616479352746,0.013089974357056949,0.06671645393870385,0.06055708572733159,-0.06911371410867799,0.04270682943242305,-0.02190907207093567,0.04286557217376582,-0.015991145450526652,0.01477012490601945,-0.03602061810082882,0.06113957573690647,0.0029389919683646404,0.0378015083306709,0.037057488136476247,-0.047068473109448825,-0.07489990099623607,0.02684249327553956,0.003879522697903658,0.02601776532906276,0.017206523920649686,-0.06525419096247576,-0.020649367350670647,0.09178451993056357,-0.041062099035415627,0.0433805615953862,0.0424416180652666,0.0481686432476435,0.04083848904335864,-0.004748964818478226,0.015828756182286435,-0.04177435387935559,-0.0007518069019490368,-0.045337653383715815,-0.07395443713352297,0.07940435271004201,-0.03677046285937727,-0.035546379404754136,0.0824191313933949,0.0278589616482087,-0.0497363080672162,0.023443338637353116,0.03542559198358066,0.03653514383932616,-0.070665527876361,0.14166892107694196,-0.00423718578986388,0.007458626544147275,0.01280112583762533,0.055614044548147376,-0.02694450125000282,0.013717670082715027,-0.07014073464665135,-0.029033160326983658,0.05311848997401871,-0.039576031151021845,0.0344077285123982,0.09208100265122944,-0.019891853373429587,0.003351733341109898,-0.02853546046871315,0.001826427428166509,-0.014415829219696467,0.0019435422679255432,-0.027400560236422553,0.005178089240128721,-0.007097473317612618,0.009003709137392152,0.02882106683990557,0.05305253920457224,0.024335059412557463,0.13210043425852647,-0.041001380199378656,-0.06258527393880514,0.042383500654670385,0.028062444168604365,0.07453200920322856,-0.07728410982844809,0.11200166121412733,0.09086980447987203,-0.07054997888504405,0.04830742104289917,0.05506346724309994,0.018714172137605137,-0.08176241903053945,0.08795723396931306,0.029963990002297346,0.08626262850933748,0.018268466333807427,-0.11722148423818643,0.002666703440915992,0.010641338781925939,-0.032074492498571805,0.018349246801116395,-0.03569820167800628,-0.013230079876452524,-0.02187669433358806,-0.03468504477504492,-0.026552187760240098,-0.07515646916435821,-0.0440961045147981,-0.0017671189563590558,-0.056670539338252744,0.03188211145143392,-0.057045152358762535,-0.020666209896093468,-0.060828135845941336,-0.01543240396159086,0.06749053994708026,0.04043105356884163,-0.009351399335961732,-0.03847804884783418,-0.060468314807538746,-0.07449495859127922,0.03587450220499921,-0.05988048005638076,-0.01009575671741744,-0.018370603555728757,0.07144083834372927,0.01427425322074293
0.08551171956030074,-0.0710909642166323,0.08735228415335786,0.0032650201690815083,-0.033105739761894466,-0.0006841389439776208,0.032028466783057145,-0.0167717225985552,0.01875884036467485,0.013235191194950188,0.03974124163377213,-0.004458961137597279,0.027722050512557987,-0.009555586145920477,0.07278308515936038,-0.08184740214338125,-0.028317629252219034,0.03959182415793651,-0.009496170646173589,-0.02145092587297104,-0.035186560704942256,0.02794694819264444,-0.040418558439169826,0.006661034301821506,0.018418516545945358,-0.005745633558388382,0.04607958527594108,0.02555653766403901,0.09262703596383472,0.00016054142008893526,0.05001521596994734,-0.0054582123478129066,0.0364404735423321,0.025566988791561548,0.043033007204907936,-0.07954816040781632,0.005734376842561711,0.07037894177970688,0.11555543310611423,-0.05817999073195142,-0.05582091181588114,-0.03407071931317673,0.008196071375099484,0.03350903879457755,-0.07545324299066304,-0.05315878820409579,-0.04397516243689762,-0.04001242701207702,-0.10582789556038308,-0.008024825238642746,0.037074510580626316,-0.0820345730640125,-0.04256963773539502,-0.028417841588194843,0.12034333529066682,0.014724541887453972,-0.03424385365153753,0.04756358137135275,-0.04608583995647233,0.021643984014648152,-0.00975160951600448,-0.011311142337739312,-0.057389821393416814,-0.02484703003001007,-0.010299067328331605,0.06552728771948876,0.022774934038614716,-0.007919826692969967,-0.05686172926019592,0.10477598730643767,0.02371778941979197,-0.0021664229833721167,0.020909782839539533,0.044339219119070884,0.11670477574658793,-0.035435002050583024,0.059826250625617285,-0.10526629340976981,0.002156315279622698,-0.08035444038429503,0.061718812869875024,-0.014625211449286486,0.02442294785725562,-0.027945734956862506,-0.016056711722908238,-0.04548922769570865,-0.0638315805094691,-0.06224911897359243,0.01747821067176647,-0.03634753973723731,0.05079186687659633,-0.031198316691701436,0.0012528502957766603,0.031072295014346052,-0.15955517012476114,0.06156379561054566,-0.10113195209674788,-0.036251266747959685,0.039563471394201015,-0.025379405647840397,-0.009782064656133651,-0.09156556469873373,-0.002630775454541882,-0.029237399436502835,0.035165138094429525,-0.11902746659365998,-0.06025391220716597,0.00130457281599109,-0.05149116770628099,0.09176862198424643,0.04449426571269553,0.055883617685661253,0.012258600089290883,0.049569559857334425,0.0031724837063107202,0.0169097850638656,0.08614911979762031,-0.10279431621497606,-0.0521086465447297,-0.023110774546544376,-0.09258882126206001,0.008559617434458933,-0.000210606704637325,-0.0007120522244882369,-0.0617782567353655,0.01149871718603788,-0.04655270949630825,-0.030570058313152532,0.050114212226391563,-0.006751433879463326,-0.05293642009619559,0.04358189969102803,-0.05922689813572532,0.07574210722074853,0.021702588797387307,0.07285525451714846,0.013402032819179193,0.030050907842479404,0.05815589242551639,0.07392566626673205,-0.0039686373724450675,0.012378502502699836,0.027140620230494437,-0.006168452482737319,-0.04139647704367681,0.0925238480665321,0.030044191983659804,-0.009076048814831329,0.029617128667137137,-0.12424699062876816,0.05826566076034094,-0.01845855663288681,-0.07073062389357572,0.04630221984055981,-0.023790052758408193,-0.03885308072111359,0.031433172906855225,-0.027194249295232936,0.03934703180928462,0.007541239123766069,0.010825980281936005,0.029498886837688025,-0.026053645430134758,-0.05247636090112794,0.021232388681378098,0.021857851578330294,0.034975970167755936,-0.030429155582959246,-0.04313505519025885,-0.018149523027887367,0.006934330335675335,0.033463593370912585,-0.021389606699011285,0.11127293417712229,0.06680260848526734,0.03520391250572761,-0.0448224242717539,0.02240992867540131,-0.0034781371076929683,0.04708343467495032,-0.0273406664910272,-0.029523718289008898,-0.015123692538294027,0.026391377375349016,-0.018599296194789013,0.004709513191883755,-0.0017254619488329811,-0.021632355396700723,-0.008370370638904376,-0.017370051790773833,-0.0060724067420371884,0.0019170846416574209,-0.06426372614921036,-0.011296520257485334,0.0567579012533347,0.06482553268136115,0.0039598710658443614,0.04060587660428681,-0.047033794746142416,0.09338534917892424,0.012872025493769706,-0.11583550458282685,0.029182278571859694,0.0092809085253566,0.08741932589679124,0.0073875856734871995,-0.028336644685019344,-0.022430271616099496,0.038649960778965695,-0.10158155323450677,0.010649710233566985,-0.028407046638272725,-0.004953871349887956,0.06491507264738502,0.007597363820527142,-0.009247335548886489,0.018780736295523,0.0026650891922244853,0.022119290814954826,-0.11878932410166561,-0.030685177789338568,0.002317858237967667,-0.08089748439584706,-0.026157995606308344,0.07076796348007175,-0.014066694931808583,-0.05885836681562764,-0.04598770599135367,0.033902160239622364,0.049773180851976094,0.03324796351382798,-0.08895147676450894,0.06721874678242845,-0.0011646689602921895,-0.01104486658254224,-0.0028103478103244134,0.021162325772625532,0.032261193146785855,-0.023907030006676683,-0.0648376791652023,-0.01239553244927078,0.03538415807196097,0.023530752510395964,-0.028558919135488716,-0.021506977408309563,-0.07352651588152381,0.027517099139246798,-0.024608147171689836,0.023598310771069102,0.00401781266791085,-0.008427046992813091,-0.010973904976718645,-0.03776464693406385,-0.03376580680221379,0.001569880200821151,-0.03169840654858608,-0.05029870189914616,-0.03529459217822208,-0.025750838540601822,-0.010594605535718908,-0.03392715819798425,-0.01210844090023872,0.08155196014492254,0.0034451653917677207,0.0007093683236112543,0.01353302971219756,0.016504451564214092,0.034995320814512156,-0.02188033990863922,-0.011852830435426672,-0.0399401606610669,0.0409883462120749,-0.07637551785084802,0.052779419602525024,0.014244055166889332,0.002781920613746887,-0.055012818157872144,-0.008771857418681101,0.015945405957006994,0.03919154347332342,0.09991093532155561,0.033499734924285963,0.03590954148914506,-0.05082987763420703,-0.03284147760335497,-0.037839833840038146,0.01915085635150793,-0.010327836344228307,-0.10817182275731191,0.06172235952374362,-0.027338107368228885,0.0010289282602038946,-0.008101749900902957,-0.019862287373332725,-0.008784624959487503,0.011563298993710051,0.033471521254373436,-0.01482966233166339,0.0338107037326804,0.002481469317759326,0.017882242070957136,-0.025858295840702136,-0.04226325349181999,0.03742617353349075,-0.029803399341260545,-0.030267288871578722,0.040085133997527264,0.03301997949932631,0.06286690427840239,0.025453368515141225,-0.036989447784069276,0.022692339347119287,0.0007334556330160205,-0.07511360298700964,0.027507537741066047,0.01136925844034477,-0.05346506284629906,-0.11471855295801513,0.04164943364358091,0.03592118553104343,0.009541015639351348,-0.019703033524808736,0.005878493997782583,-0.057320635419593646,0.07287932512817212,-0.01499940703235946,-0.11936539225723185,-0.021405313851962104,-0.034696846814176854,-0.03913070795654765,0.07701942479296522,-0.05726964974936924,0.03819146301360146,-0.06043026385665724,-0.052917835541317494,0.05027099101925789,0.054251534919224347,0.13799863144660263,0.0083610006847284,0.01860180051365457,0.01239369098083938,-0.005878987565653239,0.03545094929045291,0.05733496909079895,0.04132438419843253,-0.02277134965601302,-0.05967525746053282,-0.08405178478923162,0.0021786733516193342,0.002813170152270982,-0.025370247356133833,-0.0008555992710264751,-0.07635725531793927,0.017420431800728928,0.040599984488467834,-0.0034393218570656007,0.0058962172770692725,0.018620039022151313,-0.015723710174528983,0.016087034094664547,0.03853381690187195,0.0354705159766377,-0.0759258291594027,-0.0957114670338276,0.013848028251632168,-0.011729341068125244,0.0005495608461402382,-0.006897864006326983,0.021162616896238096,-0.060197034939065315,-0.06557472336087138,-0.024907548848918312,0.034033514081622064,0.02667241950919263,0.0533307765325165,0.039043856308044994,0.0307856698741453,0.010540817191474941,-0.027179873163352047,-0.011122022847255992,0.006937047113615617,-0.042053386537122546,0.007659288058423959,-0.003149985956024774,0.06645012166177382,0.06988623292214802,0.015238626673868064,0.0637685007251537,-0.018339314583784627,0.03070664544836922,0.09386723072773318,0.06796928284228036,0.006210367636390806,0.017645197682666456,-0.043026776409030965,0.02652759589572038,0.09281538869422734,0.01944133419789973,0.03808526808754415,-0.08296051835950229,0.021645643831516705,0.024988489395827602,-0.06485171186540555,-0.017528656601039163,0.035997216284841156,-0.0008516753193199191,-0.022261506036995626,0.05882331531967815,0.043516359137657945,0.01704551779144635,0.03378367737316924,-0.026991718246287932,0.026128566283701686,0.027222769008195983,-0.014864623028139144,-0.05028341718574195,0.0035756030713242773,-0.01898148579045107,-0.004359614408513894,0.02562289663077885,-0.05347935011979063,-0.03506673203269838,0.002146183855413561,-0.07836806319136437,0.020823230632883112,0.0643376751841,-0.0037008153211498776,0.04345310462068842,-0.01588827307465974,0.020666537281915354,0.005576834913709802,0.03981370423978036,-0.05458007503244597,0.04617337527443022,-0.015993467095149975,-0.04651730770608396,0.002722419897432633,-0.008799337790634064,0.07073269104408596,-0.054592007691687545,0.018382153279278304,-0.060141465075888474,0.04120774799887721,0.03054824212937681,0.012761813257419038,0.005145780359525716,-0.0024507897000218735,-0.00990595582062763,-0.007211447554157716,-0.06744887180560157,-0.053072560491347155,0.00011172135129246984,-0.0060971597201977396,-0.003660680652559888,-0.03608032072069217,0.03140529630153431,-0.023850529841420894,0.022162687782939665,0.0369450887916024,-0.009499873366348818,0.020252240325886968,-0.08339779500746519,0.12692601198668113,-0.02783032928019658,-0.0018739491208156211,-0.034803934338694054,0.0004273130165329946,-0.03165505219482758,0.03277619876937263,-0.022058203921522967,-0.008501072379314202,0.0799458474005604,-0.07384220079506462,0.0735387533612523,-0.031191872077919434,0.006405941365440638,0.005156671797459062,-0.0378975643262085,-0.054591927518833676,-0.0562275922177513,-0.00676307214671089,-0.05277709502231633,0.03470008329382698,0.03152088830566633,-0.03677934939405942,-0.04711904514225859,-0.024387978177349227,0.09336264544334197,-0.03893111356969293,-0.03454183874390335,0.002273486727574656,-0.015440216487041136,0.005700861451978956,-0.017086178883431804,0.002143640622818715,-0.02434157215295307,0.07533234827490115,0.004498518985313379,0.03767304117196907,0.018523479884526607,0.028273604275276885,-0.04676327385073798,-0.0026945138404604906,0.014128364030036028,-0.019302753854881397,0.008516167881331405,0.004258993367257708,0.05410613946840791,0.06279476279920819,0.04382731517473855,0.007235777923225621,0.0570890596457993,0.005163179744730747,0.001800070781149109,0.02717852695259358,-0.0013674920263284974,-0.027042276385097853,0.052780198260598765,-0.041103306860744766,0.058750399250375736,0.046072138838791306,0.035557707582341586,-0.02227885351290167,0.05445271444975028,-0.06021321487506236,0.055624420494798626,0.09741389973649633,-0.020611735552982437,-0.08537711916710522,0.020847847858167443,-0.014578763137816432,-0.057121292366040646,0.018479101078659316,0.013988063184919934,-0.058822496071646385,-0.09266035989653743,-0.046129514846849504,-0.06703045311324506,0.014275702967700348,0.011108485001194981,-0.03564950049160428,-0.07362016383624578,-0.008115882760489832,-0.050633757341234875,0.07466813000164584,-0.06219796712793632,0.03698209804393917,-0.010492728482703939,0.039567594438513785,-0.014322505819943605,0.04310380763221494,-0.00794429024627302,0.018848140948987145,-0.042697621977801976,0.025991956071247532,-0.050905430389104105,-0.060149459835194874,-0.0025756358264114694,-0.03942295272465293,0.02305376679224388,-0.05251350876468108,0.058689714015514434,0.022304603358585542,0.008238073393128787,0.002328104240441559,0.00038156240805572626,0.03401488505787929,-0.015414443831750545,-0.0020413434351902616,0.07234764501340331,0.035292410482049015,-0.0015769320557325452,0.004120826749144716,-0.025765664183598325,-0.0001460877217277151,-0.02756573942117736,0.005876697668339917,-0.040875180523280805,-0.020725926435134035,-0.09027451022820315,-0.0025979257614799677,0.0004337388570769537,-0.01649771435852777,-0.08247294805236224,-0.0036563645844837336,0.006646020831054188,0.006738607767029844,-0.05961278493021132,0.00930285378169141,-0.0002730360012061988,0.05464476049002619,-0.02912507033169798,-0.008131752658303458,0.008775343828168341,-0.0001603615158908335,-0.06347364873092463,0.06473510717735677,-0.020994277907244684,-0.030888807345095845,0.005992781110121221,-0.008685516402489367,-0.01801242298368675,-0.08819587966921767,0.029422120314234045,0.013435897871268076,0.03460506262811222,0.06647835225842953,0.028035153177714635,0.00010734597476806121,0.053487224836104845,0.022386914936277997,0.008142590071801332,0.06914601022498253,0.07297159080422352,0.02290925063023927,-0.08018965845116283,-0.03241672263603564,0.023121392984678746,0.0463224990052349,0.0034635172167844994,0.018390000355831555,-0.03619084790103845,0.07218216462618228,0.05231525961300811,-0.026916908984109724,0.001330339407500725,-0.06764184048903092,0.09137761023777465,-0.010657797163026393,0.030218122538547096,0.026296926562183923,0.0017414171358802132,-0.03932868209935017,-0.013915022133536998,0.07183123464642352,-0.02273924981218374,-0.033732533109464106,0.04703785513185387,0.020287938836983443,-0.022231513751057773,-0.02616903281619772,0.03900450054360075,-0.02106806747488982,0.058234624378781685,0.06488092390996801,-0.0765092558669552,0.0015966158934890562,0.025631499081529084,0.056754733964216986,0.04643692204579552,0.07028661217426223,-0.0557936938706894,-0.09551346299365832,0.02362436315733024,-0.0032911407088586095,0.05114912169800749,0.021944854184593098,0.029796952484815828,-0.022127878641674592,-0.02388562271443639,0.04899813542498697,0.006555188937444214,0.03148827009887062,-0.009357944918588493,-0.05745441379961866,0.004081070844617209,0.09834854654858273,-0.030093618886689787,0.02600562240144033,-0.003395971944864321,-0.015392077065224117,-0.08064713775820508,0.0030083443206248206,0.03050770396957791,-0.012983651170249988,0.009358842442314034,0.13214555888030302,-0.0700451233353379,0.01659965947267551,-0.01454445010077865,0.02012155259021025,0.030752252119294346,0.02319173092469352,-0.02995870255567446,0.03344630500405121,-0.1058539255150273,0.024370274916187137,-0.01276389948801198,-0.00034788858707448286,0.04033761893790383,0.04481349118645431,-0.031305706549323714,0.03809171029418959,0.044747614901632274,-0.045324863161349746,-0.029663845668847687,-0.03420218126287453,0.05358551360130789,-0.10230842457742625,-0.03887256830218607,-0.024843487611234186,0.03594142251738359,-0.09275542619570563,-0.06929214353145542,-0.028232428165017642,0.038449894188548134,-0.02532230498201198,0.04566213822276514,0.06111167169297457,0.029074297307051213,0.04526170855357303,-0.051595744560382344,0.024243394048501798,0.08871067708887245,0.012380102137339196,0.007038866772585964,0.015549827507776453,0.006520230256321282,-0.05816361903524324,0.03373575003201237,0.04021308827172881,0.066555823529533,0.04127986856929198,-0.01792034745069962,0.04130739290905999,0.06818728697538531,0.009644509424242005,0.12215543804049075,-0.012201585664064868,0.03242483300714526,0.04319534439210081,-0.08328947537927649,-0.07505980652617401,-0.021607399744681753,0.014465861340891525,-0.01666277410505888,-0.05988848952093871,-0.08404283754412678,0.030939634804583824,0.04775252987225952,-0.02919391554162544,0.048018594505270774,-0.04265960975257576,-0.037349834007131856,-0.08261755702491619,0.008752391014304124,-0.03101583984145958,-0.02887552933742712,0.016857168264910256,0.0702395403942927,-0.08102648490086214,-0.02510803034987608,0.0298220475211181,0.031240431181867364,0.049134422501422755,0.06536506234101344,-0.0659440490559004,0.037900270754567165,-0.05913590945910286,-0.0014228380936934489,0.03603706434213814,0.059723569457567426,0.0497924600971188,0.05303952808551047,-0.04854788231044374,-0.017037231267273384,-0.010179416985903115,0.002635705123521368,0.017107266724415256,-0.0019660331429527562,-0.11230162132105048,0.0487030497214165,0.028755940912411248,-0.041640096569462826,-0.009737504339599577,0.0002269952672714045,-0.003553712229429071,-0.03110548983620596,-0.028996867552557377,-0.027246640878665813,-0.03986646320796973,-0.0432282032788398,0.042224763410274604,-0.01612635653303964
0.030009891738488812,0.0572099498649137,0.04749055089049492,0.012713119586701767,0.03746842894739686,-0.025578612432512807,-0.0012675567821892905,-0.04400469125451319,-0.03076430499901477,-0.003788040935051564,0.06183091675099061,0.06719845660811267,-0.0649190924512399,0.0811031867604686,0.07178029136712664,-0.003674149013508326,-0.028915480003095993,-0.03109951084275204,-0.05811563045189072,0.03079154755691098,0.019496003663450476,-0.01046668472658904,-0.02117769181019326,0.06689884707242923,0.0076001865537214655,0.005974272780173234,-0.013926331699031883,0.09471299707268392,0.08360795237486159,0.02261827009331038,0.05910502508169295,0.00845679775284882,-0.018093018030698373,0.03135431269850872,-0.03563192813809265,-0.02602620621657023,0.03869443757011087,0.04490779034350823,0.054982518704650735,0.018733041240263433,0.032730486871950126,0.025777315540396223,-0.0013797240183518775,-0.0019944597581497366,-0.006508962202023245,0.029009695883612834,-0.03396433997338644,0.01244777171895556,0.038897244969463965,0.014234741359226808,0.03642473166217172,0.0017854142959971755,0.043108583113904204,-0.06522229050369088,-0.023652797613232364,0.03942869774972884,0.10466728920933885,-0.07387227678692175,0.03940660506178881,0.01897100451428784,0.00927937577372813,0.01025296306575029,0.06442805054002362,0.09366244890130315,0.09049332733680195,0.010953373795430453,0.1273164916453946,0.0836527002284634,-0.02707262538901866,-0.013829490487839876,-0.025788254427931548,0.010607361398410212,-0.05125999144187011,0.08344988836062495,0.041731529964157264,-0.06981594409897386,0.07113808749631217,-0.038235050690538695,0.029759988469603933,0.030760266546426784,-0.051835373911457504,0.08835739067171863,-0.009999043708097868,0.046611346416742944,0.056217100227489214,0.02070419198482068,0.05233444785133461,0.06543601637526439,-0.032767844911771093,0.060263614904667556,-0.030246039955167434,-0.05685694291899838,0.029083644095998902,0.10660348861631767,-0.010045323951227822,0.012566290929595965,-0.019861569967184904,0.005962624159838663,-0.0018661910983552943,0.00800425841669114,0.017506221032528815,-0.001310886400107709,-0.033127421193850225,-0.0511314931018345,-0.047206110332098025,0.03280593501922412,0.07997739039919624,-0.00030310137306493323,0.057987221950472435,0.005521008625182726,0.05017092486174263,-0.024438878360758757,0.05435034913411996,0.004307205756316462,-0.06447428076387485,0.03292061246130485,0.035653463971459076,-0.06197746403800156,0.017678319007586634,-0.0368427899065076,0.052932191878959735,0.07376974148071333,-0.05421014137736425,0.0288382993164744,0.009968823072232893,0.010463279712275644,-0.0288874120188482,0.04226702423741113,-0.05379403698070216,-0.0006321315753199239,0.050111835219083106,0.052284221051546176,0.031201185913849756,0.08413025987962133,-0.07232304813029991,-0.04270168154082046,0.006307093642936128,0.07180763414527594,0.012460178355059899,0.007419749914016888,0.03310886760175486,-0.0010370229392953627,0.020703081854318885,-0.008549592593172978,0.052080434017043785,-0.00013123041743280992,0.11522523886443123,0.010456524856564177,0.05088509072484925,-0.16825353266954876,-0.03135503284851745,0.05098083268594601,0.021159041768149315,-0.03718943548163925,0.0017405298634303923,0.049539424024313036,-0.048738680100208265,0.02739912351189768,-0.02278221748015208,-0.04152301884854697,-0.044374124799658264,0.009072093538039436,0.019271799213499627,0.047779173769796734,0.018696472588298187,0.01350617226909052,0.07447222726333061,-0.046453155855128485,-0.10589140738358595,-0.021582338191065507,-0.10363170054959164,-0.03745759556357132,-0.1321020431084379,0.06117779217694542,0.09098504839317079,-0.020455348700951673,-0.030292812943037917,0.07009906992579086,0.04746684244952259,-0.07815319490529943,0.017072536029839547,-0.009703863757674439,-0.0004863120914830978,-0.028206198649248088,0.038859465139068704,-0.010173090123816056,-0.03145499975244862,0.06486952949056968,-0.001866278459762793,0.043993974900903024,-0.10219908793873801,0.03359852378709653,0.02511586338210438,-0.001802528040397415,0.047980479929834875,0.014773235662917217,-0.03714620154452394,0.040745173069114515,-0.012896094433199645,-0.0024739506874837235,-0.04149483673933701,-0.02672546179971172,0.07488167757767657,-0.019803515389333972,0.017070414403409354,0.010207224580508786,0.08056111979212588,-0.024573385126019143,-0.020873702417802727,-0.027023247330773673,0.013467628806534897,0.06752066240104045,-0.022734181444204516,0.0174601278110107,-0.11572101440484332,0.040610569929438844,0.07480981326346296,-0.12980665610327924,-0.03598368710993876,0.022346308404131248,-0.03326590099531067,-0.015179282178791668,-0.116419012735061,-0.04103319656026925,0.004094907064084696,0.023958220091164408,-0.009993985459976474,0.05093447935704412,-0.03925073682307404,0.060873488810754654,0.007451421415425211,-0.05056118059398175,0.015587788570571465,-0.07398913631795578,-0.012448812532538137,0.04686845392529943,-0.00808189133898285,0.042925795682173834,0.03192886656947116,-0.054181176535603184,0.038848660776439656,-0.0024902996281947775,0.09403997585750302,-0.02808172039509524,0.0317078256370335,0.0018474531831054618,0.016508944158761106,0.0609455641272729,-0.05245462330929099,-0.016570975624523785,0.09571726168485407,0.0170759662792103,0.011828274146264394,0.0662757155595881,-0.07371056570951909,0.043484097419245485,0.03413622830152069,0.0018384740761333686,-0.0035498443500649015,-0.03346529567676944,0.04916103007386607,0.021536708642526655,0.01134674362446459,-0.05111768059508742,0.009608548774923497,0.03327655780043236,-0.06056605870966833,-0.003048759356092332,-0.0021848501044157884,-0.016738181271762586,-0.025154334345641637,-0.020043283155902366,-0.07828439454674646,-0.009105949792211795,0.008102362738528854,0.05866180462788211,0.04132548775842517,0.06962661113409088,-0.021201683911556954,0.0005013944532498716,0.05171646008801445,0.007504964880767943,0.06217032698112387,0.030097543664338002,0.030377415065636126,0.041288032414474665,0.01514212208876712,0.014059862296837304,-0.0028456279761394174,0.03130478175979569,-0.047928513299909506,0.09650863930117412,-0.045254740291688425,0.01648751463762043,-0.007425318597958515,0.0371713446825801,-0.052040732356068535,0.03399051872440833,0.018508607772320235,0.018223743793791342,0.046024158675757175,0.030541889340196592,-0.018793156011208477,-0.008698998732708357,-0.03216554678945926,-0.001113654374745324,0.03445768678605284,-0.06734827206777227,-0.028155212006998994,-0.05660969698540136,-0.003052500365342668,-0.007772903387566903,-0.07794291226211074,-0.026738127635824113,-0.06431849571818622,-0.07126141621159157,0.08455939721110456,0.007296566012575695,-0.018556537419794284,-0.052519441933102,-0.041369125022376434,0.014101597804451322,0.014091709918982676,-0.04711066656514443,0.04277464298956458,-0.056231584084830116,0.00027136152663244004,0.037766021214260134,0.032442461226720065,-0.12459188920051324,0.060762307485133275,0.007898683737601542,0.02493396733256952,0.002092869047370052,0.06507196416436166,-0.040029414393133615,0.009232530545757718,-0.03842301545745241,-0.015583558795137535,-0.05800944075996641,0.043438443798611344,-0.008843879162830208,0.0609671203617363,-0.07661865160833577,0.03292921990351284,-0.006738767866715874,-0.019828230247122266,0.0009499984828049342,0.05118797250487294,0.008412008497148675,0.04029668998048399,0.009487753648146652,0.06695423472480265,-0.013681627908987793,-0.033330789408162385,-0.05197849779931795,-0.054990984103219155,-0.015555927360387776,0.03610312417150572,-0.07344143448655421,0.005421567330277345,-0.04681231300147295,0.01444407687067656,-0.04254447144446793,0.09376833194289769,-0.06541627046477247,0.0962251335733361,-0.0353361411485772,0.0006846822621555777,-0.014605330308489508,0.04792382088146999,0.017083609543630553,-0.07358213122598631,-0.02158698788194543,0.05286485918829025,-0.035478097226605096,-0.013166510807000889,0.002802655939048827,-0.0481643356141948,-0.049132542172355034,-0.05882528471933845,0.010778666682781842,0.02056299437125114,0.05539948905172537,-0.003605340125733853,0.10465690269361608,-0.06430040654200471,-0.0688203250742593,-0.05183240990956122,0.007784860824335974,-0.10023701220294698,0.012377518852905493,-0.019136379983588366,0.034559041949392896,-0.04632536036343331,-0.0254556849412195,0.08851090313306295,-0.0024419566010107775,-0.05031340988591161,-0.006543777816453692,0.014685026090192633,-0.01700356019431135,0.0666232141809815,0.009007784700395375,-0.042408978126837166,0.00708996545693042,0.024486818854306622,0.024747274522578893,0.02647458647878564,0.019594371039325816,-0.022815721840686313,0.06748782879707342,-0.04021988680561451,-0.008508915997031739,0.04959347734743122,0.0012778736234292207,-0.01886254288066533,0.016199388395992574,0.01273545097371647,0.04334559986191454,0.0703110865097718,-0.026676112919398625,-0.0011979535126746905,0.03222347606515487,-0.06733678744626237,0.06366964114633701,0.06325585915016836,0.011972342304791399,-0.0011947954372470346,-0.0678006767280513,-0.049833897629484876,-0.0010008385655726237,0.060853637093604224,0.06737372488755669,0.05401324173731643,-0.021182999531780555,-0.044715679689092395,0.029020727143787818,0.02027610818642833,0.003812841304187597,-0.0337973920134876,-0.02136516332615386,0.04418854132657584,0.027501506178268895,-0.008309024077097701,-0.016589732561646756,0.02509671418983071,0.04124072347089781,0.062286959970689976,-0.009013565960731508,-0.05867430405171236,0.03369343125313752,0.007444507038519564,-0.0883023892054686,-0.05380182120364094,0.025694743653899198,-0.028981064556448086,0.10853812387714434,0.0032548197774376233,-0.024420326021087128,-0.006692061717874384,-0.07681711875233008,-0.047698915293338355,0.008023097700698315,0.026175679184698323,-0.03394046524942724,-0.04632779355983811,-0.03209535978162215,0.02452413706131861,-0.024628861758298964,0.02680597844134132,-0.06521330159151562,-0.035428665904949315,0.0998206977778269,0.007090892799573743,-0.03586767632087139,-0.1355411491714351,0.06896575892045477,-0.04013381376122834,0.02083104914238918,0.07490314156303764,0.03219428051816146,0.0713355932996519,-0.07616223298660742,0.021489408707153726,-0.002735987218390372,0.0005839104921736756,-0.047617314005835264,0.05671151357607452,0.03736922290428614,0.0018762037287504219,-0.02389050358363857,-0.016994274935797138,-0.017848506217022657,0.08840432043260239,0.01116742986142681,0.02168102703540856,-0.07210226919814275,-0.02896177641193511,0.06071841254717703,-0.02499863155282541,0.03800673573417687,0.08794542464295041,-0.036264957550326785,-0.016412109563444542,0.0695598948402893,0.0037052299093991103,-0.006837591355377914,0.0621936536567605,-0.059650215871854706,0.07208441940744549,0.016218728129132328,-0.01686459725128026,0.056704785502709555,0.018876920407801645,0.04987957536714114,0.017882630400402836,0.020538795573229716,-0.010099787105706632,-0.0428807483959526,-0.026778092473671467,0.032863855608061376,-0.01140185839009856,-0.0450898313268012,-0.07343632020813741,0.08727609544061146,-0.02343750562314222,-0.04714233439179862,-0.056556645890103605,-0.06080753205228932,-0.08113939079737945,-0.028950798322548165,0.08272119023261627,-0.012182177788972563,0.06933453212465512,-0.046644424224268795,-0.012825458886660084,0.0093703874831274,-0.0046829040456031375,0.008611464669363076,0.009793588455826386,-0.030918287110275323,-0.0690801219255678,-0.06391603987237288,0.008332993191834935,-0.08494474819942482,0.06495647337121223,0.04723631475523395,-0.045513883714626766,-0.02092582680963808,0.022106780079188725,0.03482741806311456,0.07854239555491527,0.03529139546079994,0.023386119106909735,0.006630697654921779,-0.01907510480613508,-0.05509939616596881,-0.08859113370435583,0.03471867956969781,-0.022914829274752083,0.02131020293067718,0.03593060134493325,0.07400256112256233,-0.009355567417819398,-0.016184809360742486,0.0013041697551496832,-0.019692353200347523,-0.03216848157667766,-0.03977887069012941,0.09201116194595967,-0.013647400622696542,-0.030055285376163598,0.036564295350356844,-0.05300940664356231,0.033920974486487156,0.059725836566695265,0.04921267643762224,0.0348783502403814,-0.06205399413498572,-0.015181388824114461,-0.06566109445477088,0.07157019657925046,0.0473061934121005,-0.005837174252008123,0.0449676676883348,0.08866645407464749,-0.04043984519871012,-0.004347298357031264,-0.039881170387736524,0.0010026473021599463,-0.08128223823140401,-0.032542560413541595,-0.03426251577179471,0.08374041386484742,-0.06501811360580494,0.04400159483144337,0.005511487982435053,-0.06414742020511449,0.040412353802278526,-0.009486319776990767,0.014333111427397785,0.01423376630591076,-0.05958521174124459,0.007686622697818922,-0.08463882953135533,-0.007812474141477645,0.018271079111090847,-0.03455332876860495,0.004870626559149317,-0.055586607384921397,-0.008444434549954695,-0.07133906930998654,0.011870106408916455,-0.0018540906588916568,0.018436160160914677,-0.05911561479320642,-0.008845421309451625,-0.02114307148145004,-0.051158535243409305,-0.02869644001989455,0.05786681543978099,-0.04589539111373501,0.05927531132056893,-0.021398717316856036,-0.03895326179622739,0.038545608571098934,-0.0015229402092200631,-0.02218426300589218,-0.03389630914813667,0.015429812602886952,-0.0035460338442025513,-0.002503014615170346,0.004366038703779561,0.021933595085273292,0.01354759507666344,-0.00321775071658845,0.01848136091711861,-0.030301325970225224,3.151932665970619e-05,-0.007293599729373239,0.053253412044509715,-0.007323902258923071,0.06122015957349221,-0.06347441450513025,-0.043474816158046346,-0.048902020052283134,0.062051784766180736,-0.016119404843753297,0.05227959033574522,-0.09486633149799412,0.11478678027742584,-0.002375568556574038,0.01478881766474292,-0.0346789316105922,-0.0323034155021372,0.013003933048214029,0.018651161537663056,-0.0009778270154489196,-0.007991113628702461,-0.058807338644624216,0.03764704447232299,0.05866224398646994,0.03443188881097523,-0.06009517474482381,-0.042530511972428485,0.0012942606550678715,-0.018849135872214637,-0.05175239005921465,0.06326163412782534,0.005309606680395111,-0.018752877858162098,0.028461806964943014,0.008542126456212877,0.0047773309801681365,0.005396175130269616,0.012779662487237931,0.09676952693343274,-0.021209590121570372,0.0029789168561577214,0.042834718105044814,-0.004326385723096031,-0.038447863358106835,-0.018493927668976094,-0.0009498406892584179,0.038605782913605294,0.002662549455916991,0.012799164946306932,0.026100900101843412,-0.01986128092579258,-0.04651452944121753,-0.0036057494590167162,0.030643340258126355,-0.0007046500045290705,0.08274888921423065,-0.007026944668927993,-0.09787177036022097,-0.026217203176494844,-0.05512721258741781,0.015510343470364984,0.044814164936547274,-0.03524674983708819,-0.0026434431112454053,0.031301849122683016,0.010572722914006794,0.003288737099518637,0.04036786822275881,-0.023629676635938904,-0.002571699208666574,0.07014910209166797,-0.02866437942990315,0.08368594763799835,-0.028981524141730608,0.001874333425786293,-0.07199074945660489,0.009052027673044366,-0.08385937458007578,0.08302573470345974,0.04332754369035174,-0.04030561713955231,0.0019501620777498162,0.05102888500102417,0.05331973635838584,-0.053417768050845735,0.034796293200495376,0.03843534115268804,0.05123396741491795,-0.05497591021322532,-0.019071845944394126,0.048852662736844896,-0.05087770144645459,-0.03646952865341211,-0.09547327364120577,-0.026323005212518635,-0.07449806930417494,0.045921351709609676,0.03447422763666468,0.028081694465555328,-0.02542293318024694,-0.0837341595871056,-0.07941147371076653,-0.013846191443071188,0.02702864622598128,-0.0019029093311380054,-0.049031393871348666,-0.0023299086048013426,-0.019576609260892944,-0.019072068584295738,0.0997655417434773,0.08759919774639566,0.05054919316195794,-0.06776226794429174,0.007997139722759287,0.013257383097534516,0.11394782360730715,-0.015588471579224508,-0.019194630889200592,0.06516649253294482,0.08914639189337374,-0.0150332788155183,0.006197690829062247,0.036275957252410215,-0.05307075448404618,-0.07117275906642813,-0.13452522588565816,0.04324773242283296,0.012729992637679958,0.0027085703787942685,-0.01823560633998223,-0.006088424872136228,0.013121706985829668,0.038900425852162586,-0.010564880772527452,-0.06391768811265516,0.023717062562861522,-0.02009750550106341,-0.003398124193764298,0.029610694698984648,-0.06936593642076815,0.05552189309182962,0.03402769162674134,-0.04256046879504319,-0.0029412656358653168,0.023792082643149443
-0.034927253365352316,-0.03655439079186896,-0.052781372118133656,-0.0012459936822526304,0.051536961613225615,0.052498006725328304,-0.02184603536992641,0.02782927776939147,0.024756953575396746,0.048354756755566664,0.018100151005161994,-0.01702655099873084,0.010490808113910408,0.03624346033794966,-0.03254029502724786,0.028853292673626407,0.09797848361222805,-0.00909043161270277,-0.06896061294570217,0.017510569390376523,0.0025396363085687414,-0.06647431774969274,-0.03145606249345268,-0.012493113451912105,-0.06841993161278886,-0.025296813881780327,-0.025855401427071663,-0.021146395499883574,-0.015615088592595389,-0.03246289693006561,-0.07494327861151372,0.09939939183176297,-0.006894629121073518,-0.1088316541209155,0.031983832745732924,-0.06313319764088823,0.017494642811324113,-0.023453692731511325,-0.07353256511583048,-0.014893171671196376,-0.01848084843690278,0.014062050637984708,-0.09676094037968598,-0.05730668283220875,0.007167587644331653,0.07532906201472064,0.013388509349000972,-0.025711677919743308,-0.038093832790445044,-0.014589136226294652,-0.03373455548146267,0.025874896275363535,0.06763624999955956,-0.07702955085714124,-0.0201667066598951,0.06820402498479748,0.025312939514027334,-0.05721044441564999,-0.07726211933290388,0.05385216450230622,0.029821848658774294,0.033575301577089565,-0.013547779555473177,-0.003305305122808035,0.015849701708407493,0.050055450569699844,-0.006046431627481737,0.15208483085554794,-0.07689698944181178,0.04715473402933515,0.04764716077860543,-0.0911208684230721,-0.03753512638558969,0.054132485037723055,-0.030371346069620112,0.05225121516787957,-0.04413570789177247,0.021905472013172705,-0.0029725485063367436,0.024188992143819914,-0.01618353526957231,-0.06270862647509247,-0.029497880796741448,-0.03718655372855365,0.053914366832230554,-0.028734655859102825,0.006663167072841315,0.09789909264085726,0.0010881900980503848,0.07032937125932989,-0.08206976285814592,-0.0028233753260228675,-0.002157452791738822,0.04579654806362401,0.00966329484189718,0.004521415161413303,0.04863744601134061,0.03720995672628839,-0.061189124094319126,0.029927868571681938,0.024681827067868596,-0.030374919227499644,0.036711496909674686,0.03160802845797444,-0.06102780329980544,0.09782073840246956,0.04305405233836804,0.09318475157203177,0.024572942322180685,0.012308177991842122,-0.021418495580291814,-0.020004675096221333,-0.027089917284451242,0.04826743002619845,0.0945601711217525,0.043640721077339385,0.02028018898900516,-0.06776188655672649,0.035111591984611536,0.04142324031391086,-0.10197796313562717,-0.027368741280547077,0.023660574795310484,-0.015843176095709743,-0.03558737394939351,0.01845453154723592,-0.0039144416738746465,0.00772278262806226,-0.022906520735912178,0.02128093717793365,-0.026313898944813487,-0.056856628270992346,-0.07907888430036518,0.00817954838445657,-0.017835267985539312,-0.006986892802133211,0.01394150665162389,-0.037142500061810774,-0.08319136328673662,-0.05429990309119132,-0.027012383892856946,-0.11919879571338546,-0.0657065009442674,-0.06332817303916474,0.011165139435052422,0.059683000845482746,-0.015665233271294092,0.06598337181947073,-0.04352991289740733,-0.005914549484220111,0.02206822358297827,0.11733127530847616,-0.024783379020846295,0.041450509341995935,-0.0031048344321848724,-0.0189294832114991,0.07984164922873334,-0.01752446231533459,-0.048137162612654584,0.02296551657907539,0.038575461874237785,0.06427108761017801,-0.017385173167912247,-0.011160001263188004,0.03920080211988426,-0.024976747897483588,0.015220305690106416,-0.007547056951518509,0.010600556728968443,-0.03851233070927476,0.07938061512151878,0.05953395521751378,0.014313855975042313,-0.15103596136304817,0.03599083299661514,-0.035132353647187434,-0.06813041693178246,-0.00308257796450181,-0.012188538750842122,-0.03592886070036025,0.046711035743278326,-0.0656969348174233,-0.039667326824334236,0.00943569844228795,0.01587472453389852,0.04360148602584262,0.03623730312229184,0.07299173716722684,-0.04537912478931419,-0.03440104620939792,-0.03125167269142377,0.06750910202153301,0.021048112083070242,0.08886003067679135,-0.042104538282409995,0.045680355580169,-0.04229784905925612,0.05449222971875309,0.0025347791982455333,-0.06648201302263498,-0.006108543349952169,-0.0004471720418436402,0.04838740664453086,-0.04934147184647773,0.03410642048390109,0.005145619632290624,0.019771177095810832,-0.025523146972154527,-0.03143131324345228,0.10104916850038707,0.06324739995392925,-0.05373213088006564,0.021699140082379782,-0.020124842425550057,0.025047032712250037,-0.03557438468024517,0.0038423465075984793,0.012555325075903258,-0.10442537708020111,0.0689766332976295,0.03674253518878131,0.03634011283957628,-0.04107500320260209,0.015746573011469655,0.04313352427661644,-0.05055020836598949,-0.07149628365327694,-0.026929235101802933,0.011295296015106293,-0.00832022300389966,-0.0014028435624226484,-0.05950186257946635,-0.03163676630167299,0.06127400426088441,0.021047889460392228,-0.07889052161869296,0.07252545619832843,-0.11523398552942776,0.045174836206171014,-0.006125848037638845,-0.08304376195252344,0.05433524730545172,-0.06390448830588506,0.012584484891240524,-0.023062783189167973,0.03427654122036571,0.06639883646623038,-0.05447991299542073,-0.10883285544650695,0.0540095367760162,0.056903468584518266,-0.08272631618761658,0.010405732690633615,-0.07228511477387836,-0.03346266429497448,0.04493710714640474,-0.06406888111516831,-0.02915457288047829,0.04699110173006401,-0.01203086740387844,-0.047119163559214625,-0.08126898804302847,0.03962061200145797,-0.000833547681405212,0.011885347514388007,-0.02820183060796392,0.0364061305454375,0.055963552578709885,0.02512927253224277,-0.016981378378342796,0.05503223421989721,-0.022298266630550644,0.03068359856316748,-0.04683568149062085,-0.084919509040657,0.052184267182293874,-0.0023003889811830675,0.05012188429645748,-0.012904904045088976,-0.011643186446660618,-0.06028043005182728,-0.038985075353778244,-0.05045385685376311,-0.054168953191643686,-0.06684704845967579,0.08682658131308653,-0.0487547465396899,0.07258213300118195,-0.02153791539822774,0.029718503227978615,0.07915850784253751,-0.09378399652226019,0.04298602753504723,0.08335505725943759,-0.035536779761961415,-0.015241615532228475,-0.006501421049938717,-0.004347925681753659,0.02902871774708469,-0.006843113938824131,0.06865870614822603,-0.044925806068097686,-0.07226213796939085,0.055403461177021864,0.03947495648916377,0.012670734469566909,-0.011661805263313327,-0.015687673187998318,-0.034127925326855074,-0.09931733112112649,-0.1262960114948584,-0.01952864135934678,-0.0069069752993711365,0.003269849318780555,-0.017725527041843093,-0.053910873650628806,0.04622978476837369,-0.03620124799585792,-0.010571776145024095,-0.04546589463564005,-0.023330337959787423,-0.07824292850063153,0.031976683294992356,0.030899900697400146,-0.005942935458643911,0.0184455239169036,-0.05195953817550964,-0.027137974017176568,-0.0019145786613039724,0.10876603868831386,-0.03582159483529135,-0.017152847972698608,0.0960896727883131,0.02283912227039362,0.05795644185462368,-0.05302562817429019,-0.05140673279859427,0.02091753472258529,-0.054777040497625114,0.044370143562485795,-0.008571421197048552,0.019731839335164272,-0.004311913700027534,0.013687442565459227,0.0265758378984888,0.046962257390123635,0.016644773060211226,0.018936734913834963,0.04483718389792904,-0.009172139671169638,-0.06467648892984587,0.1147919170374915,0.01916320808546087,0.0043428911188053655,0.018509992756124194,-0.027803373127234465,0.0214857594763878,0.005503706736233794,0.004321654691784491,0.10455571259781593,0.035077004345546337,0.018752814081112675,-0.050248255861297414,-0.034840037377493575,0.0044415285588554855,0.05766287364558743,-0.03513470043053766,-0.02932913505515845,-0.06951976969844532,0.037017161783866354,-0.09139747534342187,-0.018221349686620234,-0.004560495405272442,-0.017557354544465685,-0.06222342552305217,-0.03493372890584702,-0.035103553075087716,0.05471289079667698,-0.045583690291679725,-0.09770766019692355,0.088097076978495,-0.07665657352518992,0.05738960391217221,0.0021650547347146147,-0.002860314645140327,0.007154450617929992,-0.0033764790879386515,-0.004641689901429508,-0.05834712803237904,-0.03961366152157617,0.04288602939454189,-0.056335634082060784,0.01939254170776411,0.00021258558558573043,-0.025690563025531386,-0.004977441445254096,0.020871088480216002,0.027468542199423743,0.030098480834561177,-0.09145361678117533,0.048577046164242244,-0.025661939252487224,-0.01308127373505606,0.0384996449864443,-0.008360819137062131,0.029799582978229773,0.03659247751799179,-0.0013282844701229472,-0.007380547457991055,0.005328754647707441,0.013188446687938256,-0.020481903184116402,-0.016160682135969266,0.01579966559374404,-0.025821559025854163,-0.03245146997566137,-0.0648465294377234,0.02035058951192554,0.04327368226777686,0.0009019323889519271,0.024265261378974272,-0.021664047087608548,-0.04426993185871266,-0.015190226281138133,0.008569253631381524,-0.02309967936671862,-0.05984517123541748,0.06953527799870739,-0.0566553310355602,0.025060047163262912,-0.005218908292610966,-0.004773211799342144,-0.03744169408965142,0.019970064205845267,-0.024115929156497573,-0.0037753084455873914,0.06392622813723604,0.00659124239790106,0.04308120205167467,0.020276588521303127,0.0014868494100835523,-0.027420828157883048,0.08229319140226315,-0.025317396674339267,0.04210740892009967,-0.04043444925095075,0.008411115198413189,0.08462409753056307,0.0859726523082759,-0.04009777046902324,-0.103976804944003,0.04972228169421328,0.10329511886775936,0.030765499667098902,0.05188627312696168,0.00330727592966331,-0.0176142251206564,0.11415507880782481,-0.08028336309846984,0.019964284976526078,-0.023728130495176396,0.016679315237664666,-0.057954243251967644,-0.02006272928102271,-0.026353033050759502,-0.051776138703433755,0.02407136455375142,-0.079297687442592,0.04840961501130793,-0.06648886779275627,0.028881072701354142,0.06718449766041161,0.06384432099984577,-0.007650064778942647,0.0005523079693940873,0.012345578300050895,-0.011514634704543966,0.00980554556024818,-0.018167337241437365,0.03641011429554489,-0.024957153474034863,0.044580270657430865,0.03525348948255204,-0.050994671231381496,-0.015268652763389118,-0.009075039902945886,-0.059501555738647904,0.05419240545454559,-0.0010552736036226675,-0.0204948314747878,0.05645013850883492,0.0017145064656484772,0.05253464326171393,0.07784853060504955,-0.04934990555202389,0.026350055716985604,0.012866282406330629,-0.001391395848716737,-0.005423962537482179,-0.023985407091220608,-0.029435480097940545,-0.002994268475773333,0.03102831641387809,-0.010477336394002699,0.006150255047921224,0.01798415860080048,0.045083242697255985,-0.08795564641958101,-0.06181355718949491,-0.03428511157218005,0.023643353116543375,-0.057717118510814666,-0.10000180006195883,0.02006635231919334,0.050015284766915726,0.029654416707005617,-0.01848043501368846,0.07396740725676489,-0.02208434505882342,-0.04229997338118884,-0.025336883105762074,0.010277084054682552,-0.03572399913644495,0.022136489898509432,0.012899565199566847,0.043007740730159394,0.03899706905027173,0.1378648772607833,-0.03673678323571005,-0.06514461254028264,-0.07120435725238927,0.05858416385712315,0.01905715277397881,0.025978005541934215,0.04377171006986359,-0.02821002098288826,0.11329417141460503,-0.031368327109493756,-0.03657183914851905,-0.0018174507610170868,0.023109452881291046,-0.0346865092476888,-0.04053283021961148,0.040840905996848385,-0.06444112952017603,-0.019740946602399265,-0.03225255697429116,0.05312843358058407,-0.019343570919248,0.06312580288500079,-0.051345136483349006,0.04156204525704205,-0.07290733184557377,-0.008822935581874553,0.07389157048859962,-0.04302508382805809,-0.026152976720912345,0.027599833730587883,0.014361232186710185,-0.06800515727084776,-0.04078058510730349,-0.026505935395815656,0.02815917133123697,0.05394211173961988,-0.06846847735936268,0.0320517856224113,-0.021699996757647777,-0.010449579004081378,0.08205899779575125,-0.044569480687685195,0.003664657397153682,-0.05961577633366618,0.03308912994682796,0.0449752822158961,-0.005379790338597336,0.02042906871387947,-0.0026150640473670004,0.026598472815378815,-0.02687896736957468,-0.03708590110814676,-0.02081828392739634,0.025630058590786042,-0.13109117004503296,0.0006464351361116478,0.04212513905945061,-0.06123679127194564,-0.0369985248802019,0.010535197402933868,-0.02864181557724507,-0.016312262160953824,0.0055333998780065525,0.0684359542740477,-0.014128089124092719,-0.0363985270893079,-0.001977947016649848,0.06901574908575164,-0.023890190029119646,-0.02130582700126117,0.04531983794981872,-0.01331469925410362,0.019613561531548654,-0.008920642791765744,-0.019617124970938423,-0.04244492947417853,-0.04818662528413478,0.01731847053789295,0.013464632736703905,0.05658731507732596,0.016528167623322147,-0.01842980613191636,0.07208846402810089,-0.013620513050529384,-0.03432171032521453,-0.023061185855828756,-0.07315348378139383,-0.003395638015756884,0.08615212591988608,0.012840780411860266,-0.053486927667096916,0.1031019827925634,-0.04588359925010558,-0.03330389453427697,0.03979973400406286,0.026475547195385585,0.04701485672572949,0.02230113958151435,-0.09043507109707787,0.03510516125787555,0.027504951198081405,0.021218852717374254,0.013866526233347398,-0.0036815254620282613,-0.04206778520698357,-0.0037452516262803013,0.005707961746033753,-0.04709957060941465,-0.027091795853162556,0.07930341934956057,0.0807075586202586,-0.029699809972925324,-0.0327088519855571,-0.008142714444118238,0.041623519556673524,-0.06906722925384487,-0.048601695305267,0.04116195007130286,-0.05851746219951721,0.007544578760411144,-0.04126573488576803,-0.09023495832336126,-0.07820622162730963,0.05263210123789067,-0.055269391155497935,0.030127573791539016,0.029191753278713845,-0.004470427625146604,-0.04179307833052264,-0.04687816678737312,0.06233910584783605,0.012659334888318883,-0.005463117814039534,0.017804691316243706,0.004560612583976812,0.025031120410797282,-0.024108042564290215,0.08407813753036318,0.0001513563001082888,0.06703839447877555,0.041024633488353564,-0.03388520364880242,-0.0024713091902993935,-0.02590652159324274,0.03340762277077137,-0.028102925511800568,0.062403232490364315,-0.05785172455395353,0.026331236571105622,-0.009294281721692676,0.0946087684189845,0.08782658514426549,-0.05674380087049441,-0.020026853218817815,-0.07557481639847106,-0.0012016546194118848,0.07095821316074158,-0.016855417095383206,-0.04507198552457933,0.03293113316976127,-0.024317252096887402,-0.07047786336663785,0.015686579122860065,-0.028690694104027283,0.07828077507976416,-0.017329366678626605,-0.02381355303751534,-0.053587821660386496,-0.03394244051917605,-0.09893423544765777,0.007026053610931354,0.008456263722290214,-0.013247564477864524,-0.00552296687901169,-0.025784268223535467,-0.01051840955749347,-0.01645779872011204,0.03977339754862542,0.0714742536033831,0.013904095969879515,0.04410476473968267,0.012967760469682418,0.01812628165837994,-0.053249651271550034,-0.013488496504432335,0.0028138533198384646,-0.005984457249488411,0.05964335941887129,0.016203782536817018,-0.027239383706153867,-0.011889118200997308,0.018557081643565128,-0.07712162272514558,-0.03988061390525611,0.0045670928075146645,-0.0058454380447966,0.016010939192845526,-0.07088537774038642,-0.058142019313214395,-0.01112755987586695,-0.012898839675740528,-0.006857877956603602,0.007875047973657375,0.008166450877940955,0.12536979830642223,-0.005146086570530197,0.017064478966923844,0.00942361864469527,-0.002256577063484679,0.058477659025996165,-0.08237082607542011,-0.02235934662764883,0.031128192512294657,-0.003597300652467748,0.029717652469143454,-0.016674532009125737,-0.016575841602272136,0.019474274900621112,-0.03030712220054099,0.003015797864435165,-0.04691646140530422,-0.05330538388763734,-0.01869036279465636,-0.04503058889059855,-0.015068286197518977,0.01955346401369936,0.010847029242609914,0.013136566509656186,-0.07658884189617687,-0.06430229652642926,0.05125889652915471,-0.03654514172533293,0.011392594044297823,-0.05984949689608626,-0.04406570193116843,0.027086641116339127,0.0373848100061845,0.008810193600007267,0.08311654270821486,-0.05572567811928839,-0.0006320102598720356,0.07127680415114836,0.03468718821089292,-0.05699307494422699,0.08279149744940194,-0.012430981325112108,0.03745784038693087,0.02213931223177459,0.0825572520409753,0.02982937448314543,-0.08240758617189406,0.00964956498119478,0.042186624971770316,0.018982357472752048,-0.0245387141748537,0.07123696478479845
0.06010266588590318,0.0063512644663392915,-0.04007386549058909,-0.06518667017148969,-0.02065593684818546,0.021889517455939877,0.070545224441739,-0.0005652970143081502,0.07346604175121747,0.04026674694202372,0.031160958234881016,-0.02375338960493194,-0.021837190001703703,-0.03880422586181193,-0.030436308288013084,-0.03817605557591041,0.004996244710163723,-0.07434137994069463,0.029866481753419962,0.021619983810946458,0.037634076496129695,0.04894774304587316,-0.015616864947007912,-0.0010974860771333255,0.08319904421462943,0.035312973257874886,-0.01825455645899807,-0.03368565288459492,-0.037568299153316616,-0.03557407050639924,-0.09534982334418242,0.04702098705531504,-0.010514451306893628,-0.0180147010218892,-0.0013775644549009196,-0.019354041573982145,0.05086289943896766,0.01873789156887761,0.0042226130001549915,0.04864784391845711,-0.029171647478414785,-0.08669549216366011,0.04857912534399036,0.021195522584667944,0.1287045333203989,-0.0032144967314725295,0.026979349766762795,-0.005215949421057286,-0.06925575297415881,0.07674619978065023,-0.1258816920688142,0.01773220489873961,-0.08232105693857228,0.011385114676076587,-0.03964599721117224,0.023211040239662396,-0.04405962121631207,-0.025908912141945413,0.011245810715636314,-0.011491911650069726,-0.030201830054071135,-0.011138758946828925,-0.05190241848610754,-0.01334330586479037,0.00048188594906748566,-0.0388755153328272,-0.04762226867918791,-0.019286028941644797,-0.022611335206948666,0.027429124230468293,-0.07366027678361008,0.047411252725192365,0.009603852133663611,0.029986177519684982,0.005543104350017004,-0.02524120753942836,0.04412673097515564,-0.06423323817337488,-0.014501547070228668,0.061505024697080954,-0.09059350164099049,0.0070319953984410806,0.0483491738631735,0.06301383954029917,0.013398688186901531,0.05093298075993531,-0.009132385130992852,-0.022081896730692847,0.04319730539731959,-0.02506804417601812,-0.008276493702799695,-0.027073879564692586,-0.002503122124115053,0.02692881700821223,-0.0008477349490012829,-0.02603433483444792,-0.018159699268103718,0.03406095825794684,0.02340990664654155,0.024519068288464625,0.05217869280729931,-0.07097279582592105,0.035345958614293245,-0.012015330322445183,0.026024576246139408,0.021739522129207073,-0.036772308444956076,0.027679580496618998,-0.04896479444718716,0.029606498521604883,-0.02731737704434918,-0.10955295230298308,-0.015065608839352125,-0.09478844671923325,0.07687151339952844,-0.0632390146844662,-0.07857087020408654,-0.08297057758996847,0.024337260706310936,-0.015421425005234244,0.002097058308715255,-0.0365990975445205,0.06664635199088258,-0.014302817291355801,-0.011560034734694068,-0.03097518809741823,0.010179464189562235,0.02950847309438023,0.04164999498039201,-0.02131936384630603,-0.020510846300315487,-0.0192452125853124,0.03929687743298918,0.004956902186664275,-0.01981790979539357,-0.005824016324767054,0.032521204570163574,-0.05290071791713019,-0.027704677595519575,-0.06473469388969809,0.02903036083663928,-0.028329481577853637,-0.024035946066446445,0.00248516984043078,0.014611540228402673,0.04062267625221071,0.017403303522998414,0.04611364716213039,0.07719379103492686,-0.028071572566580244,0.01495478195001324,0.05379736476359871,0.0447898766307599,0.012639043425858377,-0.03582795112643764,-0.020326603602895062,0.039122743402533196,0.04524451486264205,0.02483222834933539,0.006468932354573178,0.003889791637796604,-0.0731602444034977,0.016599402189567732,-0.10199503135299509,-0.001407654764940687,-0.00910547726322007,-0.0062670849059980995,-0.013070446512149756,-0.0005446099289123528,-0.01031405403746826,0.02129400352819487,0.09111634385355763,0.009316381012780189,-0.011469860334730273,-0.010900402102264275,-0.021201758312484338,0.02990486209204562,-0.00871727235066856,-0.04728058284724147,-0.04185702721261089,0.019583616015527244,-0.02024181222241782,0.019603011210990732,0.002961096189907486,-0.0634568608009368,0.030683471883013663,0.0012266548866894963,0.013787915361656352,0.02279869809821765,0.011726289912166503,0.019434055095111483,0.006661622756793084,-0.03344716260261436,0.05415447386280493,-0.02564907273877313,0.07613059894629667,0.04653564864473754,-0.07819669844137747,-0.010600538033781633,-0.025278893854773707,-0.030652470984973614,-0.041981486140683116,-0.01339976431085199,0.054257323237716135,-0.020876143920864298,0.034614369878240445,-0.045147320332915304,0.008432069708252159,-0.030793935720427157,0.018032920677360304,0.0006966640799221939,-0.015208390030952207,-0.010372693438723669,-0.0012900841168025769,-0.03263295098441376,-0.0053924511752856865,0.05611836574790519,-0.05959053206188042,0.0415196179487471,-0.026481765641514027,-0.01739909761018904,0.02343142449983202,0.019789795239902753,-0.060132734789496725,-0.053514400726100364,-0.007921321058482046,-0.10658709073427593,0.06248639915627149,0.051506291260136686,-0.03691538720037482,-0.015143194470914351,0.05216618904551522,0.001417523654599625,-0.04781467956451289,0.07934917667319577,-0.0013586770559670255,0.07377886983088858,-0.0748216717422763,0.059729938219124604,-0.02991328654325178,0.03702240469998868,-0.022365317156362474,0.03406565925376901,-0.0348444922805046,0.019198819148225448,-0.06996986819415565,-0.05315214185065109,-0.10495380804477909,-0.0038153150589052753,-0.09900262460997862,-0.11731745889982474,0.0163743017516551,-0.018097275601062595,0.02245376210322808,-0.015861788876690472,-0.030079427344697637,-0.033974010540145816,-0.0016262941697035669,0.02352890341945019,-0.0766036721758088,0.05982096216979946,-0.00655909201678418,0.05388505817893553,-0.020642936836385056,0.05859547953202424,-0.06590574111844007,-0.026156854661565,-0.013810054135587896,-0.00389434023177366,0.04728526986982989,-0.013332712098126668,-0.014794959256503884,0.0514910259590524,0.05773906618165637,0.031549860911162055,0.08060620341452353,-0.03326561931025468,-0.025539983336604122,0.04190800459575371,-0.008617052758756214,0.025372356511273758,-0.03168862450189975,-0.006949983683481266,0.07891560619315428,-0.03530855166945446,0.011957757228809377,0.03388401062156699,0.05480183347363264,0.016337162671910568,0.024226768775961714,-0.0038223837278783704,-0.07235899743213463,-0.05682711985120553,0.0807173728971572,-0.03796209289934108,0.04128288806916161,-0.004869260954161813,0.017246648769886776,-0.011995193989228877,-0.05649440518347985,0.008307809194674776,-0.06675761859269663,0.03491405413632858,0.03788617004722869,-0.08241927906175107,-0.05340360190034321,0.044813804516309085,0.02469719313744971,-0.05322555233687452,-0.04076716818363063,0.026585301451680084,-0.009076729610432604,0.02170688400423038,-0.0016134452122780485,0.04294287589964963,-0.058476460302727795,-0.10564222850468874,0.013245014968767205,-0.019987412271663927,0.05141811064477748,0.07452621278838248,-0.06275827752183842,0.11295821469827702,-0.06469284808975283,-0.08977133893466267,-0.012794256708880673,0.032675852697231264,-0.0638214158612938,0.023245567270534947,0.01890337585820157,-0.03109233897093396,-0.013513589682959574,-0.031494005487893925,0.004919634067199455,-0.007400437377878856,-0.019231740273029558,0.013516539346502729,-0.06344295008363496,-0.02643288419638712,0.04260115906832271,-0.023406390680862123,-0.035649675034256284,-0.0022796690307894615,-0.020000075321305075,-0.0118407478127276,-0.008310491230191648,0.08700436087049031,-0.013258961773232828,0.0032201173226606506,-0.04180935405568452,-0.030367011608103525,0.027905489634515095,0.06061579884700126,0.03139795175284284,-0.019789460075545665,0.05750149557661759,0.030257770344006823,0.014407765674885378,0.024758505510258013,-0.024471644464771618,0.052471334323421964,-0.001632449617271484,-0.022960199981777767,-0.018980409225483504,-0.0387962117844777,-0.005034753109781918,0.06969779608588555,-0.005156323246866688,-0.014076530781153083,0.02009546778327887,0.022916677891114495,0.033967527815299846,0.020238112739571858,-0.005539996108018922,-0.052828565810217554,0.03473806769683502,-0.0056124252789272275,-0.0006068760085298308,-0.018073515451288956,-0.0040072645394822965,-0.02557160028622054,-0.032776307203187915,-0.02188108469654613,-0.04445455952479755,0.00484179631229686,-0.10309596182019896,0.03628905560904565,0.02816290460724166,-0.027602286459330435,0.07661452003084401,-0.02052072514467831,-0.044342532594133885,-0.05000168671472721,0.06699773136492378,0.03718541043350586,-0.01897277179658504,-0.013660690940917116,0.02210362952728669,0.0228847254015141,0.01541402614871514,0.05605468061121317,-0.013406542361005799,0.008790979817182722,-0.010783404636490692,0.02023943456538095,0.04956312756972225,0.030750658345490168,-0.03409510158726859,-0.07099352745663577,0.025555928815116494,0.037502894823247514,-0.04016278790257531,-0.0041277392901238694,0.021416540199982348,-0.07495007959494573,0.06590892494553553,-0.08509640608627225,-0.03315026221318915,-0.020802029464393735,-0.024424009452217735,0.013265909012568732,-0.013707248697920288,-0.01353343988038694,-0.07422711009463487,-0.028100955686523307,0.044633731796573456,-0.055487900087853675,-0.11208696902172341,-0.01964497809772897,-0.037818789389124904,0.10708223385095272,0.004123170243234201,-0.006481568086815386,0.02595793280463021,-0.07023803087924926,0.04531089244088887,0.014310535211431179,-0.03758198510515029,-0.07902974212975537,0.04855304394422786,0.018824332896723018,0.006167503089210525,0.009674788368149103,0.0357475322215491,-0.0799612030559942,0.029223797444270307,-0.05316509157665485,0.031476086180627784,-0.01447593230093057,-0.05375774050339888,-0.0708836810303029,-0.03737153771782414,-0.004792433031627641,0.026351258149149043,0.016873075448135433,0.11248851499820638,-0.04532602816682469,0.011606856104624119,-0.012675415783879169,0.008812166188511624,-0.007574251809121809,0.0576313870708065,0.029837955804389422,-0.022773464984430714,-0.007454059278746888,-0.015475952192087543,0.0656229582080226,-0.03694080789897308,-0.020581738057135177,0.062456052891431586,-0.031197855547063964,0.01699888635328342,0.028840641004694967,-0.025520096005688473,0.028903733043151084,0.03565876970878523,-0.03287709382433973,0.008014956779789948,0.04841576997998536,0.00744056836911048,-0.07186183100633303,-0.0356288044089773,-0.02790106363151766,0.051519560051192834,-0.01999810730402711,-0.04941468269364447,0.045362046892759376,-0.052592298134497575,-0.012272816305463891,-0.0056202875063409595,-0.046895625817310146,0.03719731816167203,-0.006650770867005152,-0.04021846957462018,-0.03601349323218169,-0.03679939969960364,0.007178633881490555,-0.04614484983110287,0.00857930555407256,-0.021855630163136474,0.01200549993127487,0.037449192494047524,0.04672352109680038,-0.009589487810766129,0.043411736392740624,-0.06823377275045951,0.0018146248304458292,-0.10313097469729776,0.01141962650922179,0.06844060800829305,-0.010771901053111689,0.11676478835945665,-0.008071484986746782,0.006378041509186566,-0.026582748882458658,0.03708822372366717,0.01696540048543504,0.00694888772915845,-0.002891486590550305,0.07549556823760259,-0.06162372214764509,0.03441930536673719,-0.02561576169977944,0.007791551757776873,-0.005593238246817189,-0.03583375458499291,0.06150774356855816,-0.030952295604124238,-0.001767151789492938,-0.11610049418702066,0.04386046075283129,-0.041117458991026604,0.0683724827144809,-0.032643531585358695,-0.057879683236934674,-0.08305426696714174,-0.05612302837529888,0.002958778551302267,-0.07798110135981716,-0.05461638256109155,-0.03128501682987426,-0.03781773469063428,0.02976086391036694,-0.012212646238296192,-0.03723315664159655,-0.05002436089724006,0.04331942546352694,0.053846592967418436,0.05946493688869944,-0.01109961451666765,-0.030362123509620594,-0.0021860019348781514,-0.052295033989432145,0.007751875295168931,-0.07559385876033077,-0.06936267933280107,0.01288799898340928,-0.05067515979607938,-0.04075656502099039,-0.02903964300950887,0.05166537204036176,-0.0026678461475123146,-0.04445148970208499,-0.010065906291593492,-0.034995057751208085,0.0644328422205897,0.0846919940262947,0.0366952639815447,0.06911686454022578,0.030394564855918103,-0.019980973298745198,0.01635828460965303,0.03058767965600076,-0.00189310933305973,-0.003285204789102281,-0.013315682504731674,0.0038560622522961787,0.029403242025678077,-0.0491835332727379,0.05588514548631526,-0.06623471862576465,0.026443804800094683,-0.007581704640068551,0.05267378537266441,0.009083394111136523,0.012403989771484963,-0.049148232046296134,-0.03256941607168613,-0.0307297724038134,-0.018897700585574072,-0.010809314906540971,0.007777504094428949,-0.08244709140428925,0.032693294054172733,0.006617205304469282,0.005324639617867182,-0.0913259980558332,-0.007406437094752306,0.025054559572172296,-0.04760933565240721,-0.01967712016972661,-0.04363161404269725,0.0008651117856214494,0.03778641665609672,0.010467832521242785,-0.037052889104541534,0.05585076350093569,0.07648880544551735,0.05342451088937916,-0.054905387450215545,-0.07045316818761138,0.0794310298992789,-0.05115037112437107,-0.043819748101887795,-0.019592782936368198,-0.07155179478565651,-0.05910167874670403,0.03212106882775257,0.02875717003780675,-0.033118015780039874,0.048340204778862146,0.026163018489458092,-0.03723024956018126,-0.05522385485841166,0.012737818711102654,-0.05221460232745612,-0.009602141279977713,0.015162185557230775,-0.039387488013125,0.08955706865026909,-0.05000343589187459,-0.04696641049708587,-0.004333415780379352,0.06562609155115702,0.03875893631136044,-0.09764680951326321,0.05515683922526725,0.012103505574240675,-0.021064533250894024,-0.06406935478492672,0.05908528978516275,0.005143773152794927,-0.09753805822657274,0.005506407292093722,-0.020775954564821966,-0.028819811151129957,0.019737496907390736,0.007907127317487503,-0.053215460607914926,0.11782069333402136,0.09845994085105285,-0.03520705802538718,-0.015200603239886808,0.007342218806339295,0.026824664087939577,0.03998871666596668,-0.03150030079751091,-0.0598523239185934,0.01891212669825688,0.03287143773010625,-0.018455905034150167,0.030602498315388416,-0.012819509529107475,-0.0055149339676101574,0.0423646436084425,0.030362401730306274,-0.02108008390915235,0.016460993975401506,0.016546322104668255,-0.024017361112974867,-0.07269093675034487,0.050123781859102934,-0.022438126628550287,0.011500773701107777,-0.04538842514735374,-0.04581213928711321,0.021047476671942237,0.01811406284189143,-0.03022624477510155,0.05030356340454266,0.0014991133950267867,-0.05012712500144441,0.01741483969671901,0.02644710326573816,-0.04785061524769176,0.0475577286140916,0.011598659835563971,-0.1120083063332997,0.01722439499091503,0.019569855744347636,0.049975906170021366,0.03668172600514753,-0.10922905769446156,-0.012443271452996785,0.010278800864083386,0.03404594421389884,-0.02063580122028063,-0.07636117003312719,-0.04241069987467791,0.04649647390915253,0.05056398765704385,-0.05744044047234039,0.0018235420370878244,-0.011007365595310882,-0.02836003537071981,0.04299135066930521,0.05875434176909526,0.058359515699604014,-0.0003857510513787729,0.14848513679262743,-0.0008455231547749712,-0.07632323160590945,0.0121852690096295,0.03318618194734795,-0.004501841368814889,0.04851844633310399,-0.04710027132218667,-0.034435003746710185,0.02484567703611337,-0.04282099541846706,-0.04152053581971451,0.02972301358393428,-0.0408529664856281,-0.0590345152174892,0.024193023021132187,0.0019910791298303533,-0.07012530485062834,0.03250686098775005,-0.0018395603044655323,-0.021752456548512936,-0.020756012616698735,0.07880249229304281,0.08484215944604695,0.07685594725770359,0.08624560494853056,-0.051608588830981,-0.008864036813007974,-0.028407460024339352,0.02299623623110632,0.15865475281474986,0.04489995192768805,0.059686446693560394,0.013727834885919278,-0.04428090291118273,-0.07926875766591776,0.02862343504842274,-0.047122468689919345,0.03719308265727236,0.018348524143732035,0.06887892126750425,-0.0064728256986173495,-0.014646357737355883,0.02188625448320711,-0.04333393119974262,0.023426170718836698,0.012536586824674562,-0.047700326444398825,-0.055047146224635295,0.03145631281899942,0.0369552805687811,-0.04016164427186164,0.043845074382471115,-0.13496071219241532,-0.06067648972685162,0.030150497141295654,-0.039296613471993376,0.03395453004147619,-0.04717705900852989,-0.08129741815347086,0.021722831387450754,0.018981547626955017,0.061675099523361435,-0.07377891523318388,0.088895532031606,-0.08591593942196955,-0.04788247562474738,0.029396594561209428,0.0668405327368384,0.0034798181377715736,-0.008282880477012602,-0.0965169887885523,0.031240056102410662,-0.051868537837532626,-0.0017862078892262924
-0.03361943310081546,0.022425361460713063,-0.013585237346691753,0.019834468362767203,0.0966001607231616,0.0534248397210132,0.002774936763756,-0.037090334664341855,0.054881802097758434,-0.002851841315489908,-0.0021515995982820794,-0.10451296532406262,-0.053173138213125734,-0.015811761605594634,-0.018540200879198793,-0.07992585734075264,0.04489869359654547,-0.012316132540439692,-0.06093003762635745,-0.01922617560359764,-0.023453339310305417,-0.06587377188862992,0.08605299119772696,-0.033127319152381755,-0.022963473720430092,0.04675127658944907,0.12719822569604877,-0.03567260688214837,0.07418403244071999,0.0012794573991689205,-0.01031814917030388,-0.02554314106456446,0.007553937785362463,-0.005767998738976194,-0.05636066294828492,-0.049628838094592266,0.04296141876147004,0.002459221150926467,0.0004264336146007173,-0.001394401430786633,0.06973357381203707,-0.03323611203476081,-0.0030036879677307156,0.19604116251077214,0.29992562292051733,0.11055005760016252,-0.034678286817931205,0.01673518634385234,0.012341501641150669,-0.045082229532968254,-0.05883085444228361,0.045080623954041686,0.04196333428027216,-0.06438652561945046,-0.0010597608291856905,0.01762659112297262,-0.09009594813473625,0.06241326380108891,-0.04450151178487793,-0.04812821315508321,0.027738957997889044,0.016675091425548162,-0.021985772463164313,-0.04026033711765197,0.09890074804682164,-0.07359676522989175,-0.05110820215409966,0.15328200349084178,0.25648814326153396,0.006199492809109795,0.1580980837453219,0.1332433919575733,0.18305159651403874,0.11243088943921005,0.04394865660183301,0.01930633660857615,0.0001657661307017331,-0.05905925713384225,0.059474822543872256,0.11150644445580465,0.02995657315195414,0.05200481099433272,0.05230030776908849,0.0815202951737177,-0.027266266855243575,-0.08579907519915866,-0.0815027006377695,0.03838428516905564,0.09192899270150476,0.014148929695975117,0.008057865467683082,0.027806596098336012,0.06347302095795686,-0.010981512218833873,0.1199115053910283,0.3265818287940242,0.14398099151631757,0.17831272910323293,0.37404516354655676,0.3376910329241774,0.17951843735088496,0.2370589498129012,0.10923690161906013,0.21570140273280816,0.011939541689450633,0.01697792221218583,0.02706549295517522,-0.03658232072994977,-0.004817403129777953,-0.06420859050977865,-0.10250196700975438,-0.020150337530862227,-0.051077136685320025,0.08040574503341347,-0.012120241056922748,0.03035634671068941,-0.040633664003837985,-0.024502013681421287,-0.04359842086188962,-0.06715813206277643,-0.07224099386943794,-0.049421521868580585,0.19459767843174217,0.4085617410630111,0.5165753257267444,0.5492200670008963,0.6004444724110866,0.5987246175279568,0.43693917124589216,0.24002700810328645,0.08651418795682284,0.24387845462589786,0.05137714026966253,-0.057400583300452133,-0.10206306654062816,-0.20481891881380668,0.0023643311612472594,-0.005786590807246517,0.04435144668270699,-0.0024535512061270434,-0.01563693101927436,0.08267488422509615,-0.030147448445372416,-0.0755348066607741,0.10025453815429461,0.16821589926474567,-0.02666739958266283,-0.04382671679981118,-0.20646151312327812,0.2057309480438053,0.26479412253184,-0.002068622476072609,-0.013418366413336364,0.20186550703997055,0.6865471479308282,0.062280907978194654,-0.016689092625230603,0.24862244365705016,0.33860572854495374,0.12792789899112622,-0.05130236471709895,0.08914314468239291,-0.10921562384782205,-0.20138371416962283,-0.16341481577512415,-0.018068934914987705,0.015263738956749956,0.004606773857700251,-0.008947697077709885,-0.010278589714114869,-0.05373415832118075,0.0015541607041225335,0.2349542899926116,0.1677037983460631,0.2742086446457783,-0.009189916211939528,0.11815965427967098,0.23618157366252973,0.06635347177786151,-0.12155263317274999,0.0036394642628390706,-0.0612600874086959,-0.012885493811374691,0.28405747736135917,0.12012695595831634,-0.010200001664487373,-0.17551384754738877,0.021184332626882622,0.2330806345119249,-0.0745430006828663,0.11273629566870116,0.1480550584894156,-0.04204560161885576,0.1288275361138873,-0.08733828188170437,0.0037914890381004723,-0.003857211171368477,-0.034044130075735424,0.010605055237598675,0.03194934425008386,0.22005041671131054,0.3260644115532685,-0.10241357271306498,-0.0017228851775733577,-0.1585533819525628,0.10287817035996202,0.22837885450436007,-0.27390062646684693,0.013986067971777804,0.05157090919364334,0.23644120839600158,0.38936371840404754,0.1628179401996843,-0.08130038578418153,-0.09521326315418722,-0.07356079418188366,-0.0936403202609524,0.18800134149299133,0.14743356929114892,0.2696696216127759,0.03655292009547088,0.3268758065296752,0.16735967945792987,0.0255772033715268,0.015876079408086507,0.005270212411967298,0.0093351185611722,-0.11901784149254763,-0.16493084586245532,0.10511675496345291,-0.01994598270148663,0.15933296711363842,-0.20172843983454486,-0.11522760821426455,0.15841105090831828,0.19320754941126983,-0.05676971267002446,0.12667790537081042,0.22413942933905098,0.4371958029098341,-0.23053886451732042,-0.030257430861356467,-0.05845142465180647,0.10275653655302174,0.07332204553570904,0.05433094610366255,0.37174355895478667,-0.03753040289040975,0.31968223033124277,0.45567330196131456,0.07532658970125133,-0.06195843071515387,-0.006623174887697455,-0.006896760535437877,-0.016172597182436105,-0.05092371607517796,-0.11504040586858823,-0.040878284652363706,-0.181200092546308,-0.20401134453768516,0.07123757331697228,0.03580643370373895,0.08067814648715801,-0.2810842403322477,0.026016962521092337,0.07474405068137091,0.08761531964887388,-0.06662276765740154,-0.2473564653239368,-0.2401111914938755,0.12866448917742482,-0.3646715790094386,-0.15715176805857103,-0.015322872031254443,0.18520613112380852,0.19608769583781638,0.10342002910944977,0.4705109967099177,0.11516154720869719,-0.06660768175829646,0.053304028345520546,-0.09379338257322886,-0.03428671844839882,-0.03648252216676987,0.03475456372874047,0.002852757492340161,0.12246651269108046,-0.02269297071898772,-0.33085308344860775,0.0992996665123562,-0.29101715045604176,-0.0033805769892283604,-0.1049543808797932,0.11167010403665972,0.2027319778092755,0.07745222439746523,0.11295239041970165,-0.07252750138341592,0.10626128175623717,-0.05962619756725373,0.06869618270643331,-0.3175910890140173,-0.04062839751378179,0.17384997547050793,0.25171342093124716,0.16437457663110014,-0.00015936059547628375,-0.0010267192523765616,0.0373314294931717,0.025917761873644456,-0.038518313049056445,0.01305855098926922,-0.05715016000134753,-0.19119376063031632,-0.3594587732645663,-0.05061688971495183,0.04959214876370241,-0.3315812489378921,-0.07475893713265991,-0.28483459340045236,-0.16835017530875285,-0.10890548236290536,0.18000105567666788,-0.22512808941224535,-0.475178170746344,-0.08085116866650573,-0.19004090748761523,-0.05267593332710758,-0.02723540425918678,-0.1709455517989302,0.106529695220299,0.2222370677301779,0.17630367951886175,-0.03771494348476901,-0.04433450963235526,-0.04913628405909828,0.030322655564616184,-0.01162217056949204,-0.029265811978660357,0.08197651045094677,-0.11655758992945821,-0.3892674364210237,-0.43014587187973097,-0.3066270245230436,-0.321428850205236,-0.12100654062277984,0.012188069801973338,-0.25165937162178176,-0.132745863780739,0.4116834747045655,0.06974709363323921,0.07478434333502741,-0.05666580497714027,-0.2621633658065259,-0.2471059679849068,-0.19058949266503067,-0.1457954052392745,-0.47661229239060554,-0.2419707856024699,0.15355962670795348,0.38237997589393347,0.0562688335369906,-0.015777861897482065,-0.05031008215635932,0.023366385156415096,0.05818677697520599,0.017321045560547595,0.0698486163931146,-0.2862855271188416,-0.21035664921453107,-0.13554606295103658,0.058211953466361245,0.06581278997098065,0.0861740353665601,-0.08582734229981899,-0.0979049200793004,-0.046979477250430994,0.30059550714742306,0.21319915849099697,-0.16998458525670898,-0.008337210423112189,-0.206001368935681,-0.3136829839021809,-0.2540392779713024,-0.21544354851666947,-0.28837419527408775,-0.16673186916303082,0.0704424318835872,0.17226517119094556,0.05219042526893606,-0.05106710053306343,-0.01330156067160989,0.040581949330330616,0.017819669856885524,-0.09845143705479571,-0.02297953819587475,-0.4230412785875517,-0.25815798676938995,-0.15398759636170603,-0.2556659661072692,-0.12725515806885804,-0.06280870702443865,-0.2916699794719177,-0.03769699153671357,-0.009160461670623768,0.25407740909651444,0.18945799076710246,-0.3513373716402986,-0.11681425156243551,-0.0592185750913939,-0.32302834631253596,-0.28066197518612696,-0.44940699084892227,0.09584337973890796,0.16105194035406045,0.07468782170716996,0.16431351641922784,0.023225344370344438,-0.038987480440834235,0.02412169436883124,-0.08207611943649673,-0.025427006434974402,-0.015417823709198865,0.006453802803096786,-0.40833075440295485,-0.14217035000564315,0.07333897286362263,-0.2686761923877139,-0.215081148021536,0.36171870870178335,-0.008961628922306012,0.03351369791990582,0.3508355285205996,0.23729106280271559,0.13487186735848483,-0.17072324883588202,-0.47349261688373234,-0.30554468070762014,-0.1751953549979913,-0.017434846246788687,-0.27838046944801376,0.01767889577313669,0.14095050870459996,-0.050321930929474165,0.11776162480347875,0.004936431839294499,0.06816321089342021,-0.04436414934796236,-0.053440867491596905,-0.04602908848045054,-0.08397982245230699,-0.06762807109836425,-0.3387507652921301,-0.01768029526740892,-0.013417098865029205,-0.1505031154118472,-0.04843319165927431,-0.2323140230129298,-0.36737223946155234,0.07703133106820678,0.4049374297606337,0.06620177308831175,0.2286349892757091,-0.30387719508913097,-0.2814516184236974,-0.03815626420185281,-0.0037340122103161994,0.2365074727433845,0.2516630480430852,0.16905328089578703,0.18239906968216826,0.12128557312718873,0.10281246500786541,0.002838661402944891,-0.030805105471315142,-0.020075884745054094,-0.06120298847223485,-0.0016594198933240368,-0.023828825637619514,-0.027363044877850694,-0.0026021260197406685,-0.002463510047276252,0.09850649617462517,-0.11790489439786463,0.08294763651123777,-0.046748418926517904,0.031124724099981276,0.40095397659066956,0.20067304222618124,0.051287173943990495,0.24267829922757467,-0.16661746279416012,-0.25374675747159575,0.2372858028267413,-0.19626173017579218,0.028454509877646878,0.04611219140985877,0.3803000478895361,0.3383792908913823,0.12191683303683838,0.2334132286927952,0.13386525369271973,0.03432743713127362,-0.0873370430893817,-0.0874447013745946,0.026103113749936676,0.03430191810968149,-0.003931763054628853,0.3528992062056758,0.010819172256532424,0.12964467059522844,0.15435655778655594,0.06480626135577343,-0.06226277873392229,0.25103752907947663,0.2564256983474294,0.22224687435651114,-0.04002705521163269,-0.38638769200415346,0.07726757125988656,0.08149657409777261,-0.15353110165018533,0.26629142894410907,0.22033774216440025,-0.257416853641635,0.20795886923728443,0.5821544638019054,0.5462666043007586,0.2165293453835445,0.09708714418009753,-0.011348312726525814,0.019419268274176695,-0.02938555646367727,-0.022097482938713275,0.0301934639597733,-0.20099316026889943,0.3049685557605482,0.22561802219553254,0.0712375538013356,0.1293666210357564,0.23342559317800698,0.4269642249680363,0.29894833556696987,0.24307023335528657,0.13811901826680273,0.1589954267517761,0.15743220938335462,0.09321157645080431,0.06758816924333279,-0.12826021547745245,0.34710646901421166,0.07642815687907467,0.14430319387758367,0.6479625722636042,0.6123324031311399,0.508264754144199,0.12216705066461712,-0.032657383792757504,-0.04754372590877828,0.017986691300284057,0.07020427995999566,0.0073031654966516585,-0.06285704414773348,-0.09441287328363852,-0.06795407548253878,0.27956145113665704,0.11393801483808987,0.22284295304371454,0.5973207978615565,0.561935683496617,0.40306349459006385,0.03879358883360689,0.38115116648668534,0.4494389596842273,0.18049431992219006,0.4527264920279007,0.06109885463603399,0.24854690765489645,0.13512340871158168,0.12455231778748957,0.39677458730655907,0.08030712348939076,0.08091251402414615,0.09422541452596372,-0.1375120685646414,-0.03355760641765441,-0.08867899826502422,-0.03285214601635148,0.07261129581866968,-0.04252020179273564,-0.0193841082378179,0.07621095100558994,0.0708911666815938,0.31698121137336044,0.306515320051764,0.5214409144960646,0.40331036622338273,0.3817153170876808,-0.2231417403979231,0.2395345979545175,0.3512001485580659,0.22422006792175733,0.06778817144636536,0.09542196048796311,0.19382917101988006,0.020913180233709455,0.19021771371315754,0.11875433991527709,0.004182486306714487,-0.2341698094738151,-0.11997956568464714,-0.0856034901439641,-0.05280838814469202,0.014927080162626635,-0.09867680207911773,-0.012194932980999421,0.0027031560318580942,-0.11018427525523215,0.0860963873180299,0.08231635719272436,0.09614224229863808,0.3949560187169921,0.24976658764213408,0.15585624158788822,-0.22080057196100217,-0.10237363907933013,-0.3714349330686754,0.16608152986960414,0.2564152518182545,0.037974790675268,0.1441032298953092,0.03363439288370881,0.09683115261601938,0.15702337677684283,0.5112719239392665,-0.0908774928484117,-0.1043882437482913,0.21308944529339233,0.0986106534443111,-0.007158413560843136,-0.12069270965691743,0.01922091518104626,-0.016554858284130416,0.04138045335731808,-0.0005994753694771334,-0.08724722990165064,0.062066304989013305,0.028528156145332974,0.11594758854697203,0.06858624647701475,0.18618923727159536,-0.18671664340766594,-0.08887598211238613,0.10152809890535894,0.1907424513058201,0.051813465679194724,0.039097646620255506,0.04837763023846161,0.09878302190370636,-0.024765154561910134,0.09774056759102544,-0.04285796971563452,0.006476898744368039,-0.08616785541435572,0.1870453108218104,0.2015363705526699,-0.2078874726791376,-0.10049083462800978,-0.08245120573024296,-0.012652586230227846,-0.07951459411391595,0.05013895991267927,0.004424832278221785,0.019673772920157675,-0.013551637545359927,0.010231668145946476,0.2977114372495032,0.028455730892594698,0.04857375426078569,0.14713776385108107,0.010940805298000029,0.3615105328814834,-0.1455724796340863,-0.02792779014878009,-0.059108146688420564,0.1342729255597537,0.25046028624500216,0.1645752938157923,0.2544076239103946,0.14785149541043352,0.132855414478312,-0.09597037371694439,0.04346899930602951,-0.24308997160525195,-0.5443426028256225,-0.5153262852305189,-0.023754273096277426,0.09799634154514464,-0.055239622713844326,0.0414029005671565,0.027966977941196278,-0.016812496207354758,0.011790123357919192,-0.07645880786989823,-0.084450316649768,-0.3863942497503703,-0.5127597830852697,-0.21227141737237254,0.10635788838633098,0.00899785000912332,0.014427561190685563,-0.17526509681581623,0.04732874615024582,0.04089331413530452,0.009650857591993675,-0.09496608030557026,0.17237847596869857,-0.15313237298409257,-0.2915534430536013,-0.09056178749721389,-0.39142716853546805,-0.07301216238015852,-0.07002728420013683,-0.177276482505111,-0.058564428681462256,0.0425238171260079,-0.00041262903013364885,0.042272111340378386,0.017902422447663477,-0.01256828339999961,0.0379957875245533,-0.04180021863774859,-0.1379254692745021,-0.14304928869298456,-0.13793883218841033,-0.12561724678773808,-0.11638219945226794,-0.28985245304163937,-0.18987765871790288,-0.3773632699372906,-0.14773873082565195,0.05963841155915432,-0.1893634843077986,-0.29246997593779994,-0.07699562536867044,-0.1110754941297764,0.0023743357407847855,-0.008916277271626373,0.10438598661971533,-0.031300286948995996,-0.09672856455320655,0.10910072338858877,-0.05703547219620182,0.05079886436798011,-0.02710759827001069,0.060009348279380294,-0.040560136655500074,-0.023208597846180935,-0.021376698709206266,-0.0959150900064084,0.024830239226109534,0.054736756725933707,0.02605050129440054,0.038797151773907385,-0.09180152599547137,-0.041260177736145175,-0.029584497856590567,-0.019563594550736564,-0.17965492331270094,-0.19010481748284985,-0.11324386112958558,-0.023563857687687165,-0.026467213446020765,0.013955118770270088,-0.11829445188399866,-0.17197160661778388,0.01332227744008448,2.7067157861373116e-05,-0.0020396204747792153,0.15084794775700006,0.012964543690161558,0.06317516590821862,0.02779889938790291,-0.013204145574489451
0.01765170381035821,0.048623411667251544,0.009979297381604291,0.00012667994036182266,0.06691959040597872,-0.006614706017198581,0.0004741782478729199,-0.06323023338288548,-0.0908582693225139,0.04125091961196768,-0.08560702217837958,0.036629911349954955,0.044407056372594594,0.0737129867318305,-0.02426197903874475,-0.01889727070218639,-0.05403330317098286,-0.018672457431776274,0.04501013525090768,0.028228665416066164,0.07853040702508919,-0.034755469208509325,0.02311368396693543,-0.023191804371345003,0.016093794519979537,-0.027969164138694144,0.008544623895798964,0.020374365458157614,-0.0350065931828469,-0.04138909582652862,-0.15883300974587947,-0.012806505627473236,-0.015416287693659806,-0.026698673984397108,-0.07976406904871149,0.0740294125440369,-0.029591769800242345,0.12264268593809777,0.02012934973151941,0.09539318547148766,-0.044161348180148066,-0.055578700518210226,-0.06647174916841717,0.06960811202661385,-0.06723127207579394,-0.021101715311245935,-0.03130459601750676,-0.02631530931821662,0.04052553914095518,0.03587508981030683,-0.012089100889091748,-0.027886013271626653,0.03468078120908864,-0.04022569424783267,-0.017655825302007447,0.010167193931241086,-0.019937206326504527,0.06419574465535371,-0.04386956707510993,0.002247262607521924,0.02120865897656772,-0.025920307954954785,-0.023767378457319886,-0.07939313839702522,0.049170258254067456,-0.04722504681666533,-0.0051199403774487865,-0.026180165824402385,0.012380544362724186,-0.07235927039220559,0.06408451452148967,0.08745075406276367,0.0007772501354723911,0.02027478848154427,-0.047029976109457,0.023327963243666528,-0.0954596185081188,0.010638344400554112,-0.09400665572564898,-0.009792727466228704,-0.07271541063063203,-0.008740260525924966,-0.05338608709131145,-0.023940885611937135,0.04415115069761379,-0.008840254273906915,-0.018828001689760968,0.0418200500819958,-0.04052979532687736,0.02416754186773088,0.047806587345241784,0.051414426586061185,-0.04641607848803941,0.010806190707152117,-0.11739388459008557,-0.05848354289973114,0.08227211380248067,-0.05792472209900251,-0.03603598694925286,0.026217353373270854,0.021820086232000546,0.019809253471752327,0.016001650455692656,0.019982633941417433,-0.008284426791025057,-0.009720077906727749,-0.018234831122573226,-0.024017380367018927,-0.02798341133826838,0.09521451246438291,0.05087973515509496,0.025398337655729047,0.06907940527246052,0.020548199177202086,-0.03976562638513894,0.005447900134509038,-0.010173878555362762,-0.004888600942824122,-0.06667326115888783,0.10272110448000119,0.012486177671895162,0.050041625382816,-0.004423355879428496,0.052822111632327085,0.05075605159074209,0.054297363949143876,-0.010954518124891772,-0.008134291274098619,0.08331408413758369,-0.05754946457544508,-0.0032286880185887798,0.0243584562144031,-0.03386804621168302,0.034938168880394735,-0.06455830473745337,-0.0038172107697722747,0.014619719869679252,-0.022875554297507046,0.0521933429753316,0.02035045263946974,0.018873892268309,0.03458373270011655,0.06903408829161314,-0.08058158777343037,-0.06823067435182474,-0.007567261465818419,-0.009938468798289067,-0.010654398647015369,0.0527736404287287,0.02060541224339279,0.046537233200834145,-0.061694026447529575,0.02469565023225283,-0.01774104961357947,0.04164193073228574,-0.047499242221609,0.03155477319764799,-0.012165563178882795,0.06635884064837042,-0.05476503907177669,0.06793970342154394,0.012864251279310067,-0.052473730715480296,-0.031056281957782095,-0.052420957334719354,-0.0056739926265233715,0.014764848656979449,-0.0051169253212663855,-0.015270157730396588,-0.03297484616581726,0.06407247377294316,0.03540829234418991,0.09305915150561875,-0.00046566271062818964,0.014112537534962423,0.009354760238999617,-0.006343418264024384,-0.05419411115687473,0.03641554667894181,0.09485097340990598,-0.05559631836867614,0.048892567788104795,-0.04017071193883698,0.05835187123367436,0.008739089117802324,0.003513674498404228,0.0029943641164993933,0.049997048312717014,0.015632818349762954,-0.03392495121298279,-0.03887068400475824,-0.0015802598698943034,0.04100324897101548,-0.07981306107695861,-0.015386140201313764,0.016272333797714356,0.022184807059806855,0.06017708736360549,0.10619729798730033,-0.07186776836092053,-0.003967568682571567,-0.022201780663904096,-0.002124597703412801,0.0687857915736416,0.06549231583854496,0.06302172635295604,-0.01824254336773215,0.0024142690447324336,0.014343450474857671,-0.04013484965431677,0.0569430016187924,0.004849439995572671,-0.028120038582796544,0.03419782816348435,0.008825343173162373,-0.01863047358129406,-0.0025162507487781274,-0.05301523430240703,0.04743310050106054,-0.02169306650276267,0.02860943450661013,0.061759408763030724,-0.014929853435319515,-0.01434727689440458,0.018125892574609642,0.002463269573399547,-0.043037326948252796,-0.018018366185775018,0.014695994642440277,0.07438323901296605,-0.10551770756385077,-0.06702258739913179,-0.04124772815805975,0.04547981298031268,-0.0013334564257822554,-0.026328698432008912,0.015213624292546808,0.03509115095361658,-0.009684736744660473,-0.006751400415681481,0.03093768480069826,0.058076933625393956,-0.03008507533971882,-0.041070187849683165,-0.01720910794748024,0.06176706664546603,0.0627258922717863,-0.05132224152984477,-0.010925203880834436,0.12175576777970137,0.07169815806720678,0.02843521444413788,-0.017992768878578248,0.09655466598866039,-0.02754180878720543,0.04836344996454239,-0.08652109957240932,0.042889263115101446,0.006712261943028522,-0.03099589638714952,-0.04536886141897946,0.018611183696587246,0.018368973913474588,-0.01556742443259867,-0.025360184596567407,0.04110756902852438,0.04011278161329829,0.04226998459029851,-0.04682767827975823,-0.07101640085286677,0.05143962114693375,0.02306515938256769,0.04344394709662129,0.021937739019283403,-0.03577778080083363,0.034671885896800286,0.13892528121185235,-0.09754991359478436,-0.00937272958714931,0.05172486811107527,0.03491247694705677,-0.02414336494260254,-0.03807216735679392,0.023660341147022656,-0.07059940051279369,-0.03124599400543416,0.02687253048355405,-0.004998244254689001,-0.020100618775229062,-0.029535724344104345,-0.005819439009128488,0.015742658643162877,-0.07325322936007601,-0.010926586551431085,-0.01521646424013945,0.01900610600121108,-0.038767458457396084,0.008941170610036867,0.04336688896042568,-0.032941309969139916,0.011504881438497538,-0.07593016281325485,-0.0426930667803886,-0.015359521532604165,-0.026226126249689924,-0.048778550130171294,0.00620707373001633,0.006178006140320295,0.007642533674165682,0.10842477105795752,-0.02643621905667985,0.06794340595090706,0.03594840585226692,0.04399435733174032,0.027524409194612885,0.012651397314641561,0.015505084485685695,0.06246538187497411,0.017594966465626936,-0.008710133462740183,0.06208244139744956,-0.06021211327689592,0.02283509860373712,-0.03602798135726552,-0.024562466810859038,0.018752310355585985,-0.02360576244417822,0.023788290467441277,-0.033544048732021055,0.0025527665832291114,0.007671589242015901,0.027579911225813217,-0.06254237903279602,0.011435322467690103,0.016609348077433552,0.008176107373086909,0.03599790464897714,-0.024024283853266295,0.11436049912977429,-0.08021069546709399,-0.046200861902552744,0.07733154581149715,-0.008675862025089014,0.0026804530780735435,-0.03595895945807532,0.026114982154438134,-0.040781029466223674,0.05717865110891292,0.013680013666877234,0.03034284927158314,-0.011551110681303085,0.02073426845823166,-0.03236676064306202,-0.026703208102973813,0.010616284254923164,0.02221732483758122,-0.020155065648100972,0.02298592335931254,0.008363375445402357,0.04977637462643574,-0.002335772330002494,0.012117681419999384,0.0071328883597277645,0.03313251479659609,-0.028318804852071413,-0.016536027354889547,0.014927412500289321,0.03056922682955669,0.07053774509459736,-0.012446510257967855,0.010828244599676596,0.013002545720381668,-0.0052358134419184296,0.018464992489817006,-0.03795122842152851,-0.03440247311664562,0.04183581811229834,-0.017700635186857917,0.0331809724728838,0.0040934259240321845,0.07267331693647477,0.022626541291031223,-0.043746127395092385,0.07951697568802105,-0.03264974985940169,-0.021327252581589178,0.009127911983958315,0.04867065802056385,-0.09214162265207657,-0.007077794822155122,0.07575017474778607,0.025930678023988508,0.0031264110401989435,0.07670154931620134,0.09187673789950461,0.0003664073641090073,0.0766308278451393,-0.2157685481273799,0.06858061301297856,0.03411850120016438,-0.03466698677691127,0.014914998956248116,0.036341312914997564,0.04112456661503743,-0.0030651531246356366,-0.02203527000295746,-0.06898796638317083,0.00023182711293254828,0.01204319626323817,-0.024333595486470003,-0.026930473364040596,-0.051751320735354156,-0.0005619090336999985,0.021646193961592612,-0.06146906276146483,-0.05475060759218079,-0.03938394172560455,-0.013624750977345394,-0.0017971845196703747,-0.009063244693183026,0.008569708282339614,-0.03173553591131199,0.02166252821036609,-0.042236041210802266,0.06575171341606674,-0.0182620631065628,0.0070486329773934335,0.016370845114877696,-0.04320915808423607,0.036397088176739624,-0.015997629616961606,-0.028225848809231697,0.00959001294476742,0.035350221116520045,0.037317176368534946,-0.006124675377391306,-0.012468980271991847,-0.02784049690845884,-0.01356819034888666,-0.01824044373358729,-0.006239353663220525,0.023570939319796855,0.03877344754606352,0.056786030456803,-0.04184189785445918,0.002684544026977811,-0.05724968780317387,0.04824544794438753,0.012441412589512545,-0.004558500359640382,0.06417748597291041,-0.04747719565070138,-0.09171304783382214,0.08600132913025975,0.039324413648098064,-0.04483023828688313,-0.00933165287137542,-0.012520856869625742,0.020571769062939445,-0.06455060793754842,0.08104235863328228,-0.06666140888623746,-0.031211645841338603,-0.014763992892136342,0.0058502978382579,-0.010326676122246093,5.840541304060899e-05,0.026080255685536517,-0.021931789861438986,-0.09080782738687287,-0.08782849244285224,0.021039445211015993,0.062867168974821,0.002850277706673633,-0.033983063620073334,-0.09600622105780779,-0.06873428949557721,-0.044100058678372384,0.0957181382613173,-0.05132000514391403,0.024634902370014117,-0.007504518005340362,-0.05714429802650023,0.02774882868774953,0.029357137523225822,-0.05506652080181771,-0.020465737057652696,0.08086237167572001,-0.07793338534731341,0.012308350303520454,0.06097019049679974,0.0015982703689008512,0.0354230596096727,0.02019955047246057,-0.029849359896401525,-0.0031111795584153022,-0.05558242323713617,0.09573795545581887,-0.09151562800798482,6.144416625540775e-05,0.013481853053018794,-0.009403138687248307,-0.1289790039605163,0.027817428890168448,-0.03208945610981205,-0.025318705675044524,0.008328407147903807,0.10915070883080313,0.059681760249269536,-0.016861647454152463,-0.04749816318981947,0.049889477489856414,0.06364704530555576,0.026920448366094047,-0.05429977125112366,-0.028352134958302876,0.04601299881506358,-0.06905181735205153,-0.001787216666510007,0.009847084771989695,0.03347668454726924,-0.03444595938333355,-0.016580721745785225,0.07692638355804433,0.006244171598366042,0.05388952364856614,0.004882758986886061,-0.04222476946342153,-0.030721905296556638,-0.04361225207117202,0.05540559472382324,-0.07826933401554774,-0.014756246142074832,0.0004513377522228064,0.09991169811533991,-0.028315505747736877,-0.04847103287487334,0.01631447207330616,0.06142774103656326,-0.0418471147939679,-0.013249488925815036,-0.02870616035356099,-0.019593602149182373,0.016401624794442706,0.0620340676310061,-0.0032112718284166434,-0.027207011507196895,-0.0112782330721825,0.012822672814903326,-0.07019188886330853,0.07149469040601202,-0.049708828845764615,0.01658918497988569,0.0450781192038697,-0.05583096455667153,0.0054882338248489655,-0.01989523043391733,-0.03419952765955227,0.05810452536263313,0.06778320899420467,0.06200490449458907,-0.07175974458003592,0.025371178995743128,-0.14955955050499403,-0.033320322687756906,0.03384525296770145,-0.00965929304850919,-0.0009502614422993843,0.06602388263784882,0.046172076872072414,-0.03494449839928881,0.004469786802064968,-0.028890449278352742,-0.008028291697671086,-0.015495546429066798,0.017161021351522143,-0.017423390544536316,0.06127716012340897,-0.019256305714527154,0.03245361312141987,-0.02156635284566856,0.025765716335143338,0.01291214752308735,0.05102642324103822,-0.06058947495597707,0.07839289344132623,-0.04920552113726029,0.013176028291043002,0.003086535737489211,0.0008234064004978695,0.051358897447031183,0.03704265163272173,-0.08206154513300554,-0.03702539324399239,0.03117997004020821,-0.054079990339941104,-0.03397894911609326,-0.02073900507832157,0.06754271163841988,-0.038895171317882254,-0.006348924311677674,0.0433944694683546,0.030476152636419524,-0.0909559464814693,0.00975005141801293,-0.02885667039479437,-0.12168017161488345,0.053327845075894345,-0.0566755582651719,0.07955590298717008,0.016601040477405894,0.03805459090950602,-0.011992698730594697,-0.11036827781359256,0.02769899634586111,0.007831318637290292,0.03192961060941484,-0.06793181403374766,-0.09968177480024538,0.036864888096193316,0.05637255997349264,0.013443727337728502,-0.0011491306073258926,0.01430728708871587,-0.020109252155949123,-0.03495759487124454,-0.003581370523918526,-0.023566871448038307,-0.03465799706319233,-0.009507630201347997,0.0006234194260845383,0.06172662110834949,0.026633600761083287,0.037265725757264175,0.021060388090662494,-0.05177025777877976,-0.002275354597187857,-0.08787743409885224,0.08117643320016739,0.013938053053593302,0.036806060931379045,-0.004807810405873342,0.03498086403351232,0.02133651746606168,0.04009302415847969,-0.008585038103673764,-0.01186267987679626,-0.018075907140457783,0.04851645378567379,-0.0008227732347979447,-0.05297016881219031,-0.04140478171357869,0.03567298731829329,-0.04837004678873529,0.04358291405753116,-0.0006451168591455405,-0.010001822094584004,-0.02223216516145889,-0.05129501923743598,-0.01391916812234252,-0.040252447330963226,-0.020407871704460956,-0.0739646991108701,-0.026852623147005327,0.060539680471945724,0.0027204203838140954,0.022228980065015353,0.012336639148688577,-0.06780137920169908,-0.023951099587424418,0.005527246070333848,0.00858667238433083,0.04195205091249688,-0.03482641605039519,0.047168269756748094,0.0429585489669256,-0.08648945673831045,-0.07804338466921479,0.02777750921375506,0.051637652358375516,0.018894868966754554,-0.03229692958728133,0.007654176453604669,-0.028452104143019158,0.005568370926756887,-0.009920861306590246,-0.007297078097823351,-0.0075745325553205805,-0.009027730006404774,-0.012682497400912674,0.03061758245136291,-0.014928227382301597,-0.08199097731139744,-0.05189312419005023,0.0031050364140576344,-0.07463185353218102,0.03290760941047017,-0.07663923868123051,0.027313566735063678,0.09609761442677375,0.00854252825852409,-0.011254215991188815,-0.0003031287151880861,-0.04015828970373784,-0.03454566560458909,-0.013123728782530639,0.04783165492334815,0.0685218781516137,0.05926437687722493,-0.11655434107510144,0.027535240288007475,-0.018586265115821874,0.03688077280881043,0.02562512308267635,0.0021306463184596128,-0.02967832272450443,0.07506475773116436,-0.04864654609350906,0.09138334354070528,-0.058739784256607294,0.07117061082670384,-0.00024311828833348498,-0.025836387078934035,0.047868479722953695,-0.08416405247023256,-0.07079868846563318,0.05716373647650429,0.052409765755143396,0.044768319095805705,-0.0013229649221668579,-0.05164720840012345,0.0038018593074062297,0.15231749030509767,-0.10103929935988037,0.003265260667324936,-0.01460562795272557,0.031115302701006833,-0.06424135901909786,0.00996025266322385,-0.00045811482080228803,0.09953593303748938,-0.011809088536035623,0.05748222599068486,0.028284255334155274,0.0036119769146647964,0.027444064010046676,0.047234124624167456,-0.0063649732556015914,-0.0237454038054588,0.07054518283658891,0.03537301254408969,-0.09606447020332567,-0.005717460638999423,-0.03739611255005569,0.05078105087504792,0.062496317916108275,-0.032457464788460226,0.03017280520665229,0.004231565990141789,-0.06779724921980536,-0.08766932627487546,-0.04445378048591582,-0.12791064611819877,-0.05518190608451752,-0.0067313501052389535,0.032804628533597446,-0.050894769961625064,0.0352031023079334,0.06535467211554626,0.08866386259414928,0.05023939091544013,0.0632285269774896,-0.012215208180725303,-0.05022151134369151,0.03870072901742863,-0.017212979967874947,-0.004855921979035389,0.158832120447282,0.048538310017316025,0.09522776648870607,0.07566996931789936,-0.0020938166368597963,0.052485418683042954,0.06182752326026064
-0.011738711362633757
0.026192146384971072
-2.844591206255722
0.03957470813534821
0.022945008935885233
-0.12066024523408296
0.9232378518453326
0.028477765525375245
-0.052676572937771726
0.680688498674593
0.01513800310376652
0.046835858093766454
-1.1615009192481878
-0.007819365766534934
-2.26414772621726
0.02453558448051823
0.03237927637894214
-0.000379987017151942
0.07543975392143484
-1.5898068835718
-0.012591077909355512
-0.01574006961483443
-0.02581320241939271
0.02860064864122822
-0.10552423591913472
0.02567568335793396
-0.056655575736622436
-0.13982366223544032
-0.013317393135667403
1.296512930178882
-0.006607435212655924
0.03457481093487653
-0.125713222305975
-0.00912799134805813
-0.039695848412062765
0.009888077006545759
-1.439213594590667
-0.03531710674285155
1.83904774873594
-3.143177514719439
-0.08954349034560682
-0.04274820694149683
-0.07160294459036184
0.078918457512269
-0.00266727157725732
0.0030744442825600595
-0.04516000277365469
-0.07073619031488387
0.07933809952457448
-0.009815676959400468
-0.007531414447746154
-0.0482570720578629
2.252373582811109
0.7623894705484634
-0.9679389269869992
-2.364918503095327
0.050768613562883036
0.5340936802139242
-2.786947296231595
-0.2931415426914573
-0.24156234947772542
-0.08041033620064089
0.025262093662894607
-1.2310619370613676
-1.9297003776928798
0.02941392681475248
0.05622582219329516
0.8920847581755178
0.07991971649333723
0.057320784696766006
0.03056187721075475
0.21166267918965184
0.5755482639676309
-0.027504657989413917
-0.0024358400763741968
-0.009475688943884241
-0.018430123492623414
-0.01916922976734525
-0.052209501111724343
0.025027826192973383
activations.Tanh()
"layers.Dense(10, ""xavier"")"
0.009510071135937982,0.011512058906723285,-0.0015723409828325863,-0.024639691010905334,0.002338142441325869,0.0028612145568610416,-0.04325807625413285,0.006765034299307198,0.020041022862694158,-0.001593625547271424,0.0018742564629397834,-0.009781579517851335,2.249831671419201e-05,0.005864071857177756,-0.005325943110827366,0.012732291826675058,0.012871319985451896,-0.008459879301964056,0.0042159419749729565,-0.00046939801637174716,0.005851322229555605,-0.0007062274879212672,-0.005640811919803016,-0.0006357349624436155,-0.008287430487296426,0.003196740230678671,-0.0018065714698025344,-0.0013195071279256201,0.008368811523777879,0.0028473541089242345,0.0002086903669149174,0.006810522307780429,0.014052746643587138,0.017149386390864215,0.00666282558613902,0.0005912844777779836,0.0009789579283659903,0.00048715991785423893,0.00033138428361645616,-0.0036358247830937844,0.003368968464996721,-0.008004561665097098,-0.0022659310018148093,-0.007887912103384204,0.0005896476705435374,-0.017902326758972287,0.005356752991201361,0.001853171981123901,-0.008310052011145624,-0.010414017249623143,0.02183712147115804,0.0035698162374486198,0.0010375540522620692,0.7115061827384959,-0.0032028561007127086,-0.0037980572700825124,-0.008039941883094044,-0.0009506831319059978,1.6551864025028908,0.0010563822011498275,-0.001923439844841857,-0.016987145421176346,0.002974961639657167,-0.0006685497169017164,-0.005069717930307452,0.004927142315116807,-0.012617274806755235,-0.007602597790149683,0.006452942662295106,-0.010431685667096844,0.006732443102823174,-0.003321046637581557,0.0015160558409362725,4.517019310613523e-05,-0.018928640230962208,0.013195538890694872,-0.00190062094520749,0.013099972767918496,-0.002508691968484583,0.005617766264273727
-0.018958552047951414,-0.006299403752449973,-0.00446469186662931,0.010030860016494175,-0.008198868912102985,-0.0013895035648554667,0.19009789796424081,0.022776589905122137,0.01890079136106043,0.004509662359233073,-0.014930352010274745,-0.0009773076334182297,0.0005211934110128828,0.011921043389423958,-0.0017016971039038,-0.011077215815119923,-0.0084575600680439,0.00228160280840149,0.0011786320231446767,-0.002338493717078857,0.0019740363521161914,-0.014896114972680072,-0.0019056914434828999,0.0168705328368951,-0.005776881044201418,-0.005439990752405206,0.0005461800675343236,-0.003381268378216823,0.012624040806642456,0.005628273720742232,-0.0005877147128456667,0.003222277876843329,-0.007205963930578669,0.01590624538178194,0.014580443820367894,-0.004447663119772719,-0.005050625343350552,0.0023787419618743503,-1.5555519975345813,-0.0017590241328794762,-0.0064372829297964845,0.004073455920552963,-0.001237089141015374,0.01400188155521022,0.001370156451304507,-0.0011604738436954945,0.0063523693909090205,0.0017617993836488756,-0.0024752406624690125,-0.009552436549073062,0.0008710389447951342,0.00698596974881562,-0.000990596070643101,1.0982202229633462,1.1590126549480881,-0.005615242059702095,-0.007661700974814626,0.009654413355167016,-0.00635796934472938,-0.0009846752072657863,0.0035421517858833613,-0.0073449841103749745,0.002400074093134314,0.006660300844337299,0.0033917063487854037,-0.013289373861378797,-0.009166496573483814,-0.016235471762767847,0.00636223490472462,-0.018298769688517916,0.006731504945879026,0.007635771159121562,0.0035267208620991014,0.016843839742494312,0.005045329827539893,-0.009024353341910157,0.0018465244339212921,-0.0215569573600382,0.00489151642551294,-0.022243936952379494
0.0026626301137677184,-0.006282080754916996,-0.025140628089866918,-0.031439042922515294,-0.01896082806136101,-0.023862383703237896,1.1834812195234345,-0.015573608149235935,-0.006583333082799969,0.025835846381049167,0.023163273797183904,-0.015929445237707392,1.5195910746836447,0.017922847992705538,-0.026533582880659365,0.0137284162642073,-0.011269267915788122,0.018138670816427283,-0.013540046166546308,-0.0007227094767779445,0.0030996360833171815,-0.004540463941508727,-0.026026694668095655,0.009239824167053599,-0.0010182417365916605,0.011082547436937023,0.01969520819280227,0.00013641477607478892,-0.004140718155708705,0.028546204685225972,-0.01480536009409253,-0.017193733709824237,-0.0014688426012043343,-0.01868092753206252,-0.018427695484396912,-0.02272141403310361,0.005254738652592957,-0.02214840089013675,0.011143332765868657,-0.0010799040642834549,-0.010058560480425718,0.01668347606455833,-0.00019352775981803459,0.012122580712227247,0.0023086432998319943,-0.018454021106343043,-0.004635007971665302,0.025594336342217472,-0.03910593505799171,-0.012924706382298024,-0.006689690381044656,0.0042805249864201365,0.008355558584190901,0.8387892090132353,-0.037311153125820326,-0.020965636211290932,-0.004860609138490407,-0.005737255227164403,-0.04356113521083466,-0.00913800977121464,0.010042357259719763,0.024620841981038595,0.006128634325105503,0.006548002830318841,1.694787488634466,-0.03252150739135468,0.00809726722587966,-0.04372360380060692,0.025910480811804665,0.020051078291356723,0.01728006036060888,-0.017098641178922493,0.015126036090135514,-0.007996690823699212,-0.004228611595032728,-0.021984191088756554,0.023365128477966977,0.0031968060326924915,0.01825968174046057,-0.019077402054764502
-0.02106129624346642,0.0008037418555631459,1.5318219662105914,0.0010924382618944391,0.014822886212911682,-0.028540859705563366,-0.06473311747299525,-0.020561576334319053,-0.022611940225353646,0.019011120904080747,-0.047391938800966794,-0.005555461871563138,-0.01915653645720593,0.0032649557317488767,-0.02508921495273554,0.003372496860864348,0.008734573042922893,-0.019067464961287327,-0.003963697151425917,-0.002639441982733093,0.005099477546874955,0.00038763172377058355,0.03776510718491053,-0.0193652128184681,0.021567598410856155,-0.020171245861576214,0.0029546851581303607,0.025560665746626517,-0.01967898614494937,0.03605491635239059,-0.002201295718157948,-0.011505757848935608,0.027439973288758208,0.007942155636718705,0.04647318941764559,0.04351150729516154,0.00485953539379966,0.009260346072812786,0.004465512905402164,-0.02135708284110235,0.005920950143011879,-0.01220510357397301,-0.00608890479850684,0.015191405893080831,-0.013728683786669919,-0.017859616346606,0.02469802319401409,0.0010662724815162043,-0.011847233974553601,0.00958197040904597,-0.035076188025307695,0.03996631718439145,-1.3740316575264087,1.4386938945989054,-0.05753989469799997,-0.011428979767307864,-0.009879349432156537,-0.04415653820641147,-0.012194431158306282,-0.0010984756484950177,0.0066079541126485,0.03134731051744547,0.018910530358137008,-0.017581519686798157,-0.018253848245913498,-0.01953443535127193,-0.0026779653570127813,0.035016007594698764,-0.0256351554683432,0.0019108500647563014,0.014267888869554502,0.00865047385197579,0.016773445073728407,0.031605968632590506,0.027024198443226538,0.020143583271161974,0.0209718203900654,0.0336804846552297,0.011399096777901529,-0.0018422075549423508
-0.01933883958906459,-0.0013045122575206496,-0.018915435485582405,-0.013323845301121228,0.022922232317627977,0.0014791419167902973,0.14056612697602652,0.01803737891459388,0.006363705758201132,0.02726383965396398,0.003113083785562783,-0.015599829041499017,-0.02095721752431429,-0.01910343545684664,-0.051110011616816886,-0.005617437145261152,-0.0019503608059378331,-0.017452580389596066,0.002352253774530066,1.1515992145444323,-0.003194818433540951,-0.0002714703479795994,0.046556769486552435,-0.008030822463432105,-0.0057357176921205445,0.0029833748629272783,-0.027046059204123608,0.040908100181588254,-0.04083619721536022,0.01589825004834324,-0.007240408138675546,0.0268022431469576,-0.014029975052831644,0.017368606027693533,-0.018282855121473863,-0.034017657368171784,0.00959184650775569,0.022035844725196405,0.0013183560870982027,-0.018942225420525385,-0.0021190116211732054,0.010537744675411593,-0.034220719793258636,-0.004516128491561524,-0.007151266808246421,0.01905557081420951,0.0009499299784269529,0.010498791245758586,-0.008761995964757296,0.006124072660991686,-0.030483369928895592,-0.004068826932685516,0.008526080038972875,0.12646524860720995,-0.044015012953668574,-0.0021731438520747087,0.007445987147612726,0.019923984469736665,-0.019247996111362194,-0.002477193080086664,0.0663081657132893,0.004575774722870479,0.0030888719194000634,0.00247188020874424,-0.00813028293871068,-0.004766795842659545,0.00375675904109196,0.17737175101540956,0.00898931415273103,0.011888174318918726,0.011562848743971456,-0.033143669340528384,-0.002720469637994929,-0.02333348090692246,-0.0126743704806163,-0.0070689938972976355,-0.002878057189635292,-0.02206419846246198,0.06890372931849831,0.02327347304853543
-0.015819470091562315,0.019542116914065117,-0.023520957595843293,-0.01056776094768105,-0.008973029999850357,-0.02363512451509676,0.2201027482618209,-0.004469076977055803,0.011462045879140959,-1.4828148452176733,0.017917163115553875,-0.0022965196101044196,-0.007087164008515367,-0.005932446867690531,-0.012814795413963328,-0.005971515207923057,-0.013671088453233275,-0.0065382363974753775,0.008921220651341094,0.0034032517098319635,-0.01922830361009997,0.029831593699219103,0.017117121308467338,0.0041727137929923955,0.0015397490154501665,-0.005315443381596442,0.03114181136941156,0.0010313131530107309,-0.025193035173347183,-1.6358613946283747,0.02062024881853269,-0.010921316275354935,0.009085449374487364,0.005142264512520071,0.015603462209786614,0.009849615761092218,0.0019246771024904947,-0.0008001886224916283,-0.0014719038790681638,0.004665263645178561,0.0032839048154785578,-0.014856164514565862,-0.003333305409330647,-0.02229676833062097,0.007690303940014847,0.02201522185773531,0.0223866767512812,0.006525675829080827,0.006220194245661288,0.0021206353520402716,-0.024736657478970345,-0.010506946958730608,-0.004732585072103091,1.1986357096124638,-0.030466219326289467,-0.007507739157119015,0.014146085369907533,-0.013369894263740202,-0.03568533889127597,-0.0017562938663063608,-0.001658646672530168,0.021830643293222828,0.013148630134177287,0.008278323463864295,-0.01171193105857672,-0.01855138819164489,-0.01683938942254205,-0.02915339757525777,0.016753337145299273,-0.002623968666717358,-0.022028913062753303,0.011543739070827792,0.012470374714913015,0.0011246876230460508,0.018293981357601363,0.013115200225298962,-0.0029747433721622196,-0.016689471605566317,0.004235801147858404,-0.017554011481231684
-0.005839372234737687,0.002131902273066225,-0.011752879464104804,0.002796636653858278,0.007205580104164096,-0.020317880802677657,0.2390642273184873,0.017373808735691634,-0.008889211298265453,0.02332731355671967,0.013089379654597874,-0.01960304106597133,-0.010898210931745594,-0.026789112991859324,1.747715100906909,-0.0515499600953891,0.032817774012808394,0.011254380889572953,0.028270424095963215,-0.011488648271152016,0.0013580960370061666,-0.009771772852324744,0.012029525798738557,-0.018922389593342904,-0.03350512819494581,0.01697198024052725,-0.012267578409244344,1.327614857468535e-05,-0.022933230444908366,0.02496042182304463,-0.005458273855052839,0.0032066620870720625,-0.002969162062031903,-0.010215604574079362,-0.007548018506613285,0.012939069053649523,0.0038396327881356587,-0.035370218540845294,0.00039305918321638143,-0.0005256102929501107,0.011180113016375823,-0.023480809184957038,-0.009811346039689054,-0.008989036409605564,0.011542178770980618,-0.016333011541365038,0.008914904360137199,-0.008036997323045275,-0.025110560018270268,-0.009494295134069904,0.011721836618693169,0.013192485811911243,-0.0010837730024480386,0.4981539729693009,-0.023533390394632158,-0.00899185551860225,-0.02852252955896873,-0.007084646560557587,-0.023754292945744264,-0.0029159707749824137,-0.00324922255518613,-0.004023925711049119,0.014511123079635965,-0.0004052943379037974,-0.013895249093717725,0.0012345590840559442,0.01901399159016879,0.021907419407944002,-0.0076561940813489075,0.0034220756769683877,-0.014979903500651,-0.01983416126921961,0.005114731758448936,-0.020916424935797567,0.016679974977731236,0.014204077021351041,0.011849325246666393,-0.010736872404590796,-0.0017788061852882825,-0.03671397205939172
-0.0033293326094657673,-0.014792472344948748,-0.005503360538288883,0.008820442875270694,-0.005953724004063552,-0.002372724390214836,0.8317620676991531,-0.02428775584354822,0.013293234706653737,0.007605678592105242,0.004473998524079582,-0.023396296490441875,-0.004093889728452513,0.03574744253060619,-0.0014969226266794444,-0.0066324122882354414,0.020091065096828776,-0.0076881170430178345,-0.016264059553759636,0.0035225123014694217,-0.013611286779780341,0.00011776432343581235,0.005557499494513979,-0.022265408618779854,0.0073738300901266905,-0.03273392177686973,0.04158688541007975,0.0069173116411061835,0.0005215088143174797,0.002349976127558648,-0.01709312090017195,0.025431868734261547,0.00013801049737181595,-0.03151513283548181,0.020555756752251422,0.011340062010070427,0.02456120802358651,0.025521199345566178,0.017077444956173797,-0.002363658495017679,0.001004449139188842,-0.012713328361672722,-0.00464632037791724,-0.0015578904783425601,0.031569778618024257,0.005130764785217213,-0.014145709633841349,0.020288141612087477,-0.004075712667898378,-0.016066688357757607,0.0042729151693947235,-0.01503178734275711,0.006743759212406359,0.65432091602923,-0.005654623150622351,-0.0033240370504248056,-0.023751271366777224,-0.011265397857643515,0.004610974810060991,0.01697490183032791,-0.0017779147476654669,-0.007748126922340238,0.003540418576941716,1.457756865985961,-0.008676834623430524,0.014484433404690831,-0.0025004594688917527,-0.14589655999934928,-0.022986787943055965,0.0019690331068767148,0.02538775332499681,0.009789439202223069,-1.127148674235245,-0.0030351187813334483,-0.0175500918494963,0.023771154644615225,-0.020375119728173116,0.0026087540163603454,0.009300616203558473,-0.02236134632062127
-0.0408284686163386,-0.005584864976406924,-0.027792390912321423,-0.02282908773835891,0.010620141717463486,0.18411962687905495,0.23295988505573278,-0.00844646197766043,-0.012291649075820263,0.10823370373248617,-0.012621499571889745,0.005986034282850708,0.004496822267888984,0.00493383520707233,-0.05710661184190079,0.005856274879900277,0.00959935408369897,-0.023062749066917437,0.029613497021341098,0.005420945923414512,0.007744996863011381,0.01045973834751859,-0.0002780122233820067,-0.0012994399115743567,-0.015549736956112474,0.014864599172518823,0.011192020431484402,-0.1649466284124602,-0.011825812130972979,0.07471088879144135,-0.023827034049559114,-0.013430569144614709,-0.013646892661875689,0.01464964296107207,-0.00035765741903040103,0.016401037493850922,-0.9915610856595256,0.0039913677746605015,0.16894095792252858,-0.023837864650435043,-0.010057246260024215,-0.039139631082968696,0.30080141882236955,0.044004932726056684,-0.007788940211456638,0.007931564775523163,-0.0001203171733106261,-0.0008797815312550481,0.008615291454553198,-0.006079352996743125,-0.025832994864712557,0.016762468219750134,0.05858878164805819,-0.772087445764057,-0.010787533999318992,0.9745209356913963,0.009089217325389922,0.13996800682369043,-0.08690419196102506,-0.13766365300722855,-0.3252960783381986,-0.02505508910675633,-0.02661266013261976,-0.010443382323623447,-0.041453725005685664,-0.004572008403727495,0.0059327669178937175,-0.2568515603127646,0.006964293709201575,-0.011887906642940435,0.011992990359202912,0.17476342927028518,-0.03210459138979359,-0.01675317607733188,-0.020153957623103024,-0.022474482124391296,0.003752569984303005,0.009933481289029761,0.06315163944864281,0.022101986259010924
-0.013737320307202601,0.006576954491828846,-0.013188129928990008,0.010542516345860889,-0.020211909524892855,0.05674344342969754,0.36070857439475007,-0.02106659741248168,0.004190685872385248,0.03022768088869654,0.018231804667513965,0.016576001407551912,0.005050613450785441,-0.010885658848738034,-0.004081411380855287,0.0021266724780433103,0.0006837148207916967,0.013416774892385349,0.01877321783694643,-0.42046767828526743,-0.011340337326658621,-0.01603829311387097,-0.0013778505145362896,0.016458953339831297,-0.03293851277195592,0.013811042607508211,0.0024043639481293355,-0.05746775513315207,-0.002791407892189361,0.023856735832664233,-0.0038718781554770657,0.010120652786221165,-0.049156027695438205,-0.02745614375657173,-0.014802530283374062,0.042623124221971946,0.027759723445774168,0.0057958328360002975,0.004940172850095577,1.6019437986525915,-0.02548986036619765,0.01903703470938483,-0.05753601156753952,0.008368538666923376,0.0139905942656132,-0.020999612887216846,-0.018770535841580265,0.010980807605015928,-0.01514428271127928,-0.011995588857718347,-0.002968282013798963,-0.029161696032316792,0.0526185132438197,0.031081891505522766,-0.017289190585647513,-0.034629811131467125,0.008764116844801863,0.0019057949521434614,-0.033698212814182206,-0.07102810729415657,0.033003129846876915,0.011078565331381006,0.00016710203941687523,-0.07141184783125396,-0.019224621403779764,0.017871507742932138,0.0005409705167857277,0.6278287295112674,0.038189356407975425,0.00178922338202024,-0.01268893247099325,-0.07144210077364177,0.4114117870369912,0.013342051797432551,0.019377469902157853,0.012872210854590208,-0.0008299997292736764,-0.0011832852376143465,-0.40878856139806663,-0.004167160634846737
0.9723528546762195
1.4069104188828376
1.0586979469366462
1.297067791472259
0.5301054218716951
1.6400428971563448
0.8748655029064568
1.2132831823948016
-0.15186650108001265
-0.06738890330695024
activations.Tanh()
